dog-english_setter 0.866412 319 344 524 528
dog-german_shorthaired 0.60484374 319 344 524 528
dog-beagle 0.27901286 319 344 524 528
dog-basset_hound 0.25935936 319 344 524 528
dog-leonberger 0.24498993 323 344 526 530
dog-english_cocker_spaniel 0.23061942 319 344 524 528
dog-american_pit_bull_terrier 0.16772623 319 344 524 528
bella 0.16696371 323 344 526 530
dog-staffordshire_bull_terrier 0.10469254 323 344 526 530
dog-newfoundland 0.07638008 323 344 526 530
dog-keeshond 0.061832935 323 344 526 530
cat-Maine_Coon 0.055489168 323 344 526 530
cat-British_Shorthair 0.052892093 323 344 526 530
dog-american_bulldog 0.046102226 323 344 526 530
dog-saint_bernard 0.043831818 319 344 524 528
cat-Bengal 0.043335207 319 344 524 528
dog-wheaten_terrier 0.040994585 323 344 526 530
dog-boxer 0.028084625 323 344 526 530
dog-miniature_pinscher 0.025879534 319 344 524 528
cat-Egyptian_Mau 0.025850993 323 344 526 530
cat-Persian 0.025393672 0 0 590 557
dog-english_cocker_spaniel 0.023565613 0 0 638 641
dog-scottish_terrier 0.02202497 323 344 526 530
cat-Russian_Blue 0.019776113 323 344 526 530
cat-British_Shorthair 0.017336538 0 0 590 557
dog-shiba_inu 0.016897375 323 344 526 530
cat-Persian 0.015851906 323 344 526 530
dog-leonberger 0.013456535 411 586 468 680
dog-great_pyrenees 0.012793904 323 344 526 530
cat-Sphynx 0.012580293 323 344 526 530
dog-chihuahua 0.0117951045 323 344 526 530
dog-havanese 0.011228561 323 344 526 530
dog-leonberger 0.010893153 2 0 182 151
dog-english_setter 0.01052262 333 358 468 521
dog-havanese 0.010517815 0 0 638 641
dog-shiba_inu 0.010514069 0 0 519 364
dog-staffordshire_bull_terrier 0.010419981 392 339 441 386
cat-Bombay 0.010031384 323 344 526 530
cat-Maine_Coon 0.009990657 48 0 598 443
cat-Bengal 0.009640884 0 0 593 566
dog-wheaten_terrier 0.0093699945 0 0 638 641
dog-leonberger 0.008855654 333 358 468 521
cat-Persian 0.008817466 0 0 575 524
dog-boxer 0.008360513 260 360 357 423
dog-havanese 0.008294194 0 0 579 530
cat-Abyssinian 0.007840391 323 343 532 530
dog-scottish_terrier 0.007802647 0 0 593 566
dog-samoyed 0.007721584 323 344 526 530
dog-leonberger 0.007615003 407 537 473 659
cat-Egyptian_Mau 0.0073387716 0 759 149 924
cat-Siamese 0.0069845538 323 344 526 530
dog-english_cocker_spaniel 0.0069816746 241 313 523 539
dog-newfoundland 0.0069586965 0 0 638 641
dog-wheaten_terrier 0.0069452715 189 376 270 435
dog-english_cocker_spaniel 0.0068617533 0 0 517 452
dog-boxer 0.006859011 266 372 354 440
dog-great_pyrenees 0.0061579365 185 0 691 453
cat-Bengal 0.0061114724 0 770 139 924
cat-Siamese 0.0061114347 156 0 259 50
cat-Birman 0.005967537 533 0 622 45
cat-Egyptian_Mau 0.005862567 647 556 691 758
bella 0.0057860725 320 354 441 508
dog-basset_hound 0.0057233395 0 0 638 641
cat-Bombay 0.0056745475 533 0 622 45
cat-Egyptian_Mau 0.005625419 0 0 593 566
dog-boxer 0.005624355 246 374 336 433
dog-shiba_inu 0.005507827 2 0 267 145
cat-Bengal 0.005481223 0 0 517 452
bella 0.0053612995 0 374 48 516
cat-Maine_Coon 0.0053472714 189 566 275 612
bella 0.005328413 2 625 44 806
cat-Russian_Blue 0.005307548 187 0 290 51
dog-wheaten_terrier 0.005130469 180 351 271 408
dog-american_pit_bull_terrier 0.0049797483 445 0 691 207
dog-yorkshire_terrier 0.0048597874 15 9 567 514
cat-Siamese 0.004821066 533 0 622 45
dog-staffordshire_bull_terrier 0.0048069507 408 339 460 385
dog-havanese 0.0047786203 185 0 691 453
dog-great_pyrenees 0.0047665285 333 358 468 521
cat-Ragdoll 0.0047637424 323 344 526 530
dog-havanese 0.004760041 0 0 517 452
bella 0.0047057183 644 558 689 788
dog-leonberger 0.0046072667 432 576 476 672
dog-leonberger 0.00460127 176 379 219 479
cat-Abyssinian 0.004559796 156 0 259 50
dog-havanese 0.004505417 241 313 523 539
dog-pomeranian 0.0044708303 185 0 691 453
dog-staffordshire_bull_terrier 0.0044449344 375 342 425 379
dog-wheaten_terrier 0.0044438015 15 9 567 514
dog-yorkshire_terrier 0.004395858 323 344 526 530
cat-Russian_Blue 0.004376284 0 764 162 924
dog-saint_bernard 0.0042964555 246 374 336 433
cat-British_Shorthair 0.004265783 0 759 149 924
dog-english_cocker_spaniel 0.0042459215 0 0 579 530
dog-pug 0.0042445324 260 360 357 423
dog-yorkshire_terrier 0.004233503 126 26 691 566
cat-Bengal 0.004222852 0 2 658 805
cat-Egyptian_Mau 0.004210293 0 625 44 809
dog-wheaten_terrier 0.004209925 179 376 247 441
cat-Egyptian_Mau 0.004173477 156 0 259 50
