dog-american_pit_bull_terrier 0.6926422 146 205 461 613
dog-staffordshire_bull_terrier 0.31026793 146 205 461 613
dog-english_setter 0.24300735 146 205 461 613
dog-german_shorthaired 0.18991324 146 205 461 613
dog-american_bulldog 0.11360205 146 205 461 613
dog-leonberger 0.099124566 146 205 461 613
dog-beagle 0.07638107 137 206 463 617
bella 0.053152774 151 201 472 649
dog-boxer 0.04091734 137 206 463 617
dog-basset_hound 0.0373775 151 201 472 649
dog-basset_hound 0.0336068 0 181 503 695
dog-saint_bernard 0.027638273 137 206 463 617
dog-english_cocker_spaniel 0.02546497 137 206 463 617
dog-miniature_pinscher 0.025088383 137 206 463 617
dog-newfoundland 0.022472048 144 191 455 615
cat-Bengal 0.021423275 0 181 503 695
cat-Persian 0.020660533 151 201 472 649
dog-shiba_inu 0.020651681 137 206 463 617
dog-beagle 0.020259464 0 181 503 695
cat-Bengal 0.018296625 137 206 463 617
dog-pug 0.017964713 144 191 455 615
cat-Ragdoll 0.01734921 151 201 472 649
dog-keeshond 0.016520638 137 206 463 617
cat-Maine_Coon 0.016426196 151 201 472 649
dog-basset_hound 0.016262686 119 199 551 924
dog-english_setter 0.014766351 0 181 503 695
dog-miniature_pinscher 0.012661742 0 181 503 695
cat-Sphynx 0.012067341 0 181 503 695
cat-Egyptian_Mau 0.011799914 151 201 472 649
cat-Siamese 0.011737844 156 6 278 62
dog-german_shorthaired 0.011525499 0 181 503 695
cat-British_Shorthair 0.011225454 0 181 503 695
cat-Siamese 0.01090387 132 1 251 59
dog-great_pyrenees 0.010599309 144 191 455 615
cat-Birman 0.009884853 144 191 455 615
dog-english_cocker_spaniel 0.009572225 0 181 503 695
dog-chihuahua 0.009419145 144 191 455 615
cat-Siamese 0.008654808 179 0 286 52
dog-american_bulldog 0.008428785 0 74 472 606
cat-British_Shorthair 0.008391841 144 191 455 615
cat-Bengal 0.008203091 0 199 45 384
cat-Abyssinian 0.008107837 1 209 50 389
cat-Egyptian_Mau 0.007841052 0 243 45 429
dog-basset_hound 0.007812243 649 224 693 455
dog-american_pit_bull_terrier 0.007763022 0 74 472 606
cat-Siamese 0.007632106 25 0 222 96
cat-Egyptian_Mau 0.0073470743 0 390 44 570
dog-scottish_terrier 0.0072224205 137 206 463 617
bella 0.0067259986 655 311 693 495
dog-beagle 0.0066875583 0 69 90 376
dog-newfoundland 0.0066799205 0 400 44 598
dog-yorkshire_terrier 0.0066603543 144 191 455 615
cat-Siamese 0.006632236 80 1 207 61
cat-Siamese 0.0064934604 144 191 455 615
dog-leonberger 0.006411038 0 181 503 695
cat-Sphynx 0.006322187 137 206 463 617
cat-Russian_Blue 0.0062828185 0 181 503 695
cat-Birman 0.0061155986 52 0 260 95
cat-Egyptian_Mau 0.0060392246 0 348 44 498
cat-Egyptian_Mau 0.0060173296 0 102 88 410
dog-american_pit_bull_terrier 0.006003732 445 0 693 221
cat-Abyssinian 0.005972602 0 181 503 695
dog-basset_hound 0.0058855168 0 242 502 884
cat-Egyptian_Mau 0.0058798664 0 181 503 695
cat-Egyptian_Mau 0.0058501437 0 199 45 384
dog-boxer 0.0057892497 0 181 503 695
cat-Siamese 0.0056521744 119 0 225 50
dog-basset_hound 0.005613211 652 280 693 525
cat-Birman 0.0055694785 161 0 271 50
cat-Maine_Coon 0.0055617564 0 181 503 695
cat-Bombay 0.005452863 334 0 462 52
dog-staffordshire_bull_terrier 0.0054108426 0 400 44 598
dog-english_setter 0.0053959843 119 199 551 924
cat-Abyssinian 0.0053651095 0 243 45 429
dog-havanese 0.005213721 0 181 503 695
cat-Bengal 0.005213486 0 243 45 429
dog-basset_hound 0.005165584 0 199 45 384
cat-Birman 0.0051330565 132 1 251 59
bella 0.005109284 656 359 693 542
cat-Russian_Blue 0.0050983354 144 191 455 615
dog-saint_bernard 0.0050496287 0 181 503 695
cat-Egyptian_Mau 0.005008428 656 359 693 542
dog-wheaten_terrier 0.004994814 137 206 463 617
cat-Bombay 0.0048673707 461 0 674 99
dog-english_cocker_spaniel 0.0048670685 0 502 46 705
cat-Bombay 0.004865383 406 0 619 65
dog-staffordshire_bull_terrier 0.004854613 0 74 472 606
dog-newfoundland 0.0048335646 0 74 472 606
dog-pomeranian 0.004810611 106 28 394 230
dog-havanese 0.0047667865 137 206 463 617
dog-boxer 0.00465238 227 608 316 676
cat-Russian_Blue 0.0046166903 0 199 45 384
dog-english_cocker_spaniel 0.00457973 0 419 45 623
cat-Egyptian_Mau 0.0045297435 650 196 693 397
dog-leonberger 0.004440887 0 288 45 468
cat-Bombay 0.004378427 345 0 547 64
bella 0.0043695974 649 229 690 449
dog-pomeranian 0.004325612 144 191 455 615
cat-Ragdoll 0.0043076817 0 288 45 468
dog-boxer 0.0042495034 204 610 299 683
