dog-american_bulldog 0.49732557 18 466 218 690
dog-english_setter 0.26381513 14 466 219 692
dog-beagle 0.24190019 17 466 220 690
dog-american_pit_bull_terrier 0.18523087 18 466 218 690
dog-saint_bernard 0.05557258 16 467 219 691
dog-basset_hound 0.03269768 1 460 227 715
bella 0.031857695 16 467 219 691
cat-Birman 0.030645901 7 15 694 807
dog-leonberger 0.024062162 1 460 227 715
dog-keeshond 0.021095276 1 460 227 715
dog-shiba_inu 0.020414684 1 460 227 715
dog-beagle 0.018387493 14 14 322 312
cat-Bombay 0.017722024 409 341 548 430
dog-miniature_pinscher 0.016281033 1 460 227 715
dog-great_pyrenees 0.015526525 10 469 217 691
dog-staffordshire_bull_terrier 0.015403045 1 460 227 715
dog-boxer 0.014438559 1 460 227 715
dog-boxer 0.014248335 88 16 338 346
cat-Egyptian_Mau 0.013939636 1 460 227 715
cat-Siamese 0.013277266 330 6 426 71
dog-english_cocker_spaniel 0.012693819 10 469 217 691
dog-pomeranian 0.012107119 1 460 227 715
cat-Egyptian_Mau 0.011603086 14 14 322 312
dog-samoyed 0.011287308 1 460 227 715
dog-havanese 0.010817336 1 460 227 715
dog-pug 0.010807635 330 6 426 71
cat-Bengal 0.010264276 1 460 227 715
cat-Maine_Coon 0.010219781 1 460 227 715
dog-chihuahua 0.009488863 1 460 227 715
dog-leonberger 0.009386243 253 352 323 475
bella 0.009294667 2 678 44 839
dog-yorkshire_terrier 0.009139506 148 12 694 408
cat-Persian 0.008661955 109 218 183 262
dog-english_setter 0.008444001 14 476 123 654
dog-german_shorthaired 0.0082134595 1 460 227 715
cat-Siamese 0.008164338 391 341 533 428
dog-wheaten_terrier 0.007950425 1 460 227 715
dog-german_shorthaired 0.007915481 14 14 322 312
cat-Bengal 0.0075607756 580 139 694 427
cat-Sphynx 0.007482606 398 2 443 35
dog-american_pit_bull_terrier 0.007148997 39 464 359 733
cat-Sphynx 0.0071487497 1 460 227 715
cat-Egyptian_Mau 0.0070018987 647 168 694 379
cat-British_Shorthair 0.0068753823 1 460 227 715
cat-Siamese 0.006586623 310 0 409 53
dog-pomeranian 0.0065845884 9 271 220 691
cat-Egyptian_Mau 0.006558704 36 40 305 472
dog-beagle 0.006552853 36 40 305 472
dog-staffordshire_bull_terrier 0.0065298607 15 64 305 700
cat-Russian_Blue 0.0065289075 1 460 227 715
dog-american_bulldog 0.0065056626 15 64 305 700
cat-Birman 0.00625792 391 341 533 428
dog-scottish_terrier 0.006257508 1 460 227 715
cat-Abyssinian 0.0061521493 1 460 227 715
cat-Persian 0.0059466194 46 0 694 705
dog-american_bulldog 0.005608252 0 394 197 693
cat-Egyptian_Mau 0.005596075 0 0 319 361
dog-great_pyrenees 0.005594478 14 476 123 654
dog-boxer 0.0055435756 181 353 264 424
cat-Birman 0.0054696477 326 0 424 53
dog-american_pit_bull_terrier 0.005261264 9 271 220 691
dog-american_bulldog 0.005211377 8 478 73 629
dog-american_pit_bull_terrier 0.005120985 0 56 271 722
cat-Maine_Coon 0.0049177925 15 64 305 700
dog-american_bulldog 0.004915049 39 464 359 733
cat-Ragdoll 0.004912179 15 64 305 700
dog-leonberger 0.0048995833 14 476 123 654
dog-american_bulldog 0.004887782 14 476 123 654
dog-pug 0.004806834 1 460 227 715
dog-boxer 0.004799039 330 6 426 71
dog-beagle 0.0047890884 0 394 197 693
dog-american_bulldog 0.004682631 0 0 319 361
cat-Persian 0.0046532215 173 0 694 491
dog-boxer 0.0045424383 36 40 305 472
dog-boxer 0.0044957367 187 371 254 466
dog-english_setter 0.0044826227 0 394 197 693
dog-newfoundland 0.004399825 1 460 227 715
cat-Siamese 0.0043891766 303 7 383 70
dog-newfoundland 0.0043731295 281 18 324 132
dog-japanese_chin 0.004366885 7 15 694 807
dog-leonberger 0.0043648495 0 47 238 682
dog-yorkshire_terrier 0.00436056 503 59 694 490
cat-Birman 0.0043565435 105 0 694 583
dog-english_setter 0.0043520615 0 0 319 361
dog-basset_hound 0.0043319133 14 14 322 312
dog-chihuahua 0.00432922 9 271 220 691
dog-saint_bernard 0.004312036 14 14 322 312
dog-boxer 0.00423676 204 354 289 422
dog-beagle 0.00414362 15 64 305 700
cat-Siamese 0.0041068955 351 0 436 53
cat-Ragdoll 0.004097274 1 460 227 715
dog-boxer 0.0040897825 308 8 416 98
cat-Birman 0.004069952 109 218 182 267
cat-Siamese 0.0040234947 1 460 227 715
dog-boxer 0.0039925114 15 64 305 700
dog-american_pit_bull_terrier 0.0039829225 0 394 197 693
dog-english_setter 0.003970527 14 14 322 312
dog-boxer 0.0039121117 271 0 441 106
dog-american_bulldog 0.0038881884 0 47 238 682
cat-Abyssinian 0.003882654 36 40 305 472
