dog-newfoundland 0.34494287 240 101 686 897
dog-leonberger 0.34073904 240 128 688 885
dog-wheaten_terrier 0.061430305 244 145 695 859
dog-havanese 0.038821958 234 79 695 880
dog-american_bulldog 0.037759602 193 109 695 905
dog-american_pit_bull_terrier 0.03747001 234 79 695 880
dog-leonberger 0.03070618 2 386 60 651
dog-english_setter 0.02743739 240 128 688 885
dog-havanese 0.026758773 265 0 695 770
dog-american_bulldog 0.02622554 0 171 220 839
dog-american_pit_bull_terrier 0.02352819 265 0 695 770
dog-boxer 0.016967105 246 310 291 478
dog-american_bulldog 0.016783012 0 41 205 675
dog-german_shorthaired 0.016426776 246 310 291 478
dog-japanese_chin 0.015527393 240 128 688 885
bella 0.015292726 0 809 54 925
dog-great_pyrenees 0.013662675 240 128 688 885
cat-British_Shorthair 0.013419829 36 118 695 918
dog-yorkshire_terrier 0.013327092 265 0 695 770
dog-keeshond 0.012907283 193 109 695 905
dog-yorkshire_terrier 0.012440276 413 28 695 209
dog-newfoundland 0.011489612 3 400 61 672
dog-pug 0.010345788 265 0 695 770
dog-newfoundland 0.010279968 265 0 695 770
dog-pug 0.010243946 186 0 695 859
dog-pomeranian 0.010195851 370 0 672 141
cat-Birman 0.009799266 467 0 594 49
dog-saint_bernard 0.0097287875 240 128 688 885
dog-leonberger 0.009112311 262 162 695 925
dog-leonberger 0.008846506 0 387 51 590
dog-american_pit_bull_terrier 0.008800903 0 348 83 692
dog-yorkshire_terrier 0.008699961 186 0 695 859
dog-newfoundland 0.008644161 477 195 695 776
dog-pomeranian 0.008325623 327 0 695 703
dog-samoyed 0.008118347 293 29 683 354
dog-samoyed 0.0080567 315 0 686 231
dog-leonberger 0.0076798196 265 0 695 770
cat-Siamese 0.0075281784 404 0 524 49
cat-Birman 0.0075141364 499 0 624 47
cat-Egyptian_Mau 0.0075084167 651 96 690 323
dog-great_pyrenees 0.00710064 265 0 695 770
dog-japanese_chin 0.0071003134 265 0 695 770
dog-american_bulldog 0.0068999585 2 386 60 651
dog-american_pit_bull_terrier 0.006888914 0 326 72 602
cat-Birman 0.0068811113 421 0 543 49
dog-basset_hound 0.0065930537 4 170 695 925
dog-yorkshire_terrier 0.0065701166 525 0 695 330
dog-havanese 0.0065234695 89 0 681 836
dog-pomeranian 0.006451858 398 0 632 98
cat-Persian 0.006199467 188 101 695 925
dog-keeshond 0.006198704 490 80 695 613
dog-chihuahua 0.006084886 265 0 695 770
dog-german_shorthaired 0.0060561383 240 128 688 885
dog-american_bulldog 0.0059645707 265 0 695 770
dog-english_setter 0.0059070466 2 273 85 531
dog-yorkshire_terrier 0.0058329855 501 25 695 518
dog-english_setter 0.0058303564 3 400 61 672
dog-staffordshire_bull_terrier 0.0058058803 240 128 688 885
dog-american_bulldog 0.005715156 0 65 669 925
dog-english_cocker_spaniel 0.0056986045 269 103 694 896
cat-Egyptian_Mau 0.0056553 656 126 695 302
dog-american_pit_bull_terrier 0.0055339937 2 273 85 531
dog-leonberger 0.0055113593 89 0 681 836
dog-english_setter 0.005510565 0 389 86 769
cat-Egyptian_Mau 0.0054968055 652 76 695 276
dog-american_bulldog 0.0054743323 0 182 160 736
dog-pomeranian 0.0054469025 388 20 666 199
dog-yorkshire_terrier 0.005442451 315 0 686 231
dog-pomeranian 0.0054101627 186 0 695 859
dog-havanese 0.0053852056 315 0 686 231
dog-great_pyrenees 0.005382642 315 0 686 231
cat-Siamese 0.005198689 364 0 487 47
cat-Bombay 0.0051544784 477 438 695 925
dog-yorkshire_terrier 0.005099344 94 0 553 298
dog-samoyed 0.0050393855 455 76 493 102
cat-Birman 0.005006055 545 0 658 47
dog-chihuahua 0.004949498 186 0 695 859
dog-miniature_pinscher 0.004875302 270 85 695 895
dog-american_pit_bull_terrier 0.004853657 89 0 681 836
bella 0.004848793 663 2 695 108
dog-newfoundland 0.0048385374 0 399 52 615
dog-newfoundland 0.004804043 328 232 695 925
dog-yorkshire_terrier 0.0047269086 450 13 681 137
dog-scottish_terrier 0.0047104578 477 195 695 776
dog-leonberger 0.0046917587 4 170 695 925
cat-Egyptian_Mau 0.0046799076 315 0 434 48
dog-boxer 0.0046793898 240 128 688 885
dog-shiba_inu 0.004678055 0 0 384 374
dog-newfoundland 0.0046703755 0 326 72 602
cat-Maine_Coon 0.004635512 458 85 494 115
dog-havanese 0.004605867 501 25 695 518
cat-Maine_Coon 0.0045983116 455 76 493 102
dog-samoyed 0.004542654 465 76 502 103
dog-yorkshire_terrier 0.004523873 431 64 689 282
dog-yorkshire_terrier 0.0044970755 481 135 695 702
dog-pomeranian 0.0044786963 289 0 563 144
cat-Maine_Coon 0.0044642626 509 63 564 95
dog-newfoundland 0.0044502784 0 348 83 692
dog-english_setter 0.004446572 0 253 217 900
cat-Egyptian_Mau 0.0044412944 0 540 119 925
