dog-leonberger 0.9019583 270 111 689 576
dog-english_setter 0.5857475 271 111 689 576
dog-newfoundland 0.3813093 269 112 689 578
dog-german_shorthaired 0.08063523 276 117 684 574
dog-saint_bernard 0.049372494 276 117 684 574
dog-american_bulldog 0.047859076 270 114 688 579
dog-staffordshire_bull_terrier 0.043678183 276 117 684 574
dog-wheaten_terrier 0.03944756 269 113 689 583
dog-english_cocker_spaniel 0.038963035 276 117 684 574
dog-keeshond 0.03464655 270 117 690 570
dog-american_pit_bull_terrier 0.03284683 269 113 689 583
bella 0.026827931 276 117 684 574
cat-Persian 0.023933101 276 117 684 574
dog-boxer 0.022717724 276 117 684 574
dog-basset_hound 0.02199661 276 117 684 574
dog-beagle 0.020949883 276 117 684 574
cat-Bengal 0.01676424 276 117 684 574
dog-staffordshire_bull_terrier 0.012807618 560 156 642 190
cat-British_Shorthair 0.011233009 270 112 689 577
dog-english_cocker_spaniel 0.010816923 306 123 873 737
dog-havanese 0.01049578 276 117 684 574
dog-great_pyrenees 0.010420078 276 117 684 574
cat-Birman 0.00914701 273 105 683 569
dog-newfoundland 0.008860704 509 132 679 427
dog-yorkshire_terrier 0.008634421 276 117 684 574
dog-scottish_terrier 0.008459571 274 118 698 573
cat-Egyptian_Mau 0.007873368 107 448 221 528
cat-Bengal 0.007866682 739 3 873 115
dog-shiba_inu 0.007865408 310 29 873 604
dog-staffordshire_bull_terrier 0.007852333 310 29 873 604
dog-miniature_pinscher 0.0078090434 274 118 698 573
dog-miniature_pinscher 0.0075746235 310 29 873 604
dog-japanese_chin 0.0074570533 273 105 683 569
dog-staffordshire_bull_terrier 0.0072354316 553 143 626 180
dog-basset_hound 0.0070252446 178 131 698 927
cat-British_Shorthair 0.006794596 0 28 681 622
cat-Siamese 0.006713065 146 0 413 99
dog-american_pit_bull_terrier 0.006703069 310 29 873 604
dog-newfoundland 0.0065979427 260 123 653 429
dog-yorkshire_terrier 0.0064787753 310 29 873 604
cat-Ragdoll 0.006401015 276 117 684 574
cat-Bengal 0.006352163 0 28 681 622
cat-Maine_Coon 0.006181368 276 117 684 574
cat-Bombay 0.006139544 273 105 683 569
cat-Maine_Coon 0.0061095553 310 29 873 604
dog-chihuahua 0.0058725635 310 29 873 604
dog-scottish_terrier 0.00585895 260 123 653 429
dog-beagle 0.0058248225 113 376 229 434
cat-Siamese 0.005789675 481 0 593 50
dog-staffordshire_bull_terrier 0.0054688537 565 162 641 205
cat-Egyptian_Mau 0.005457545 0 406 55 595
dog-staffordshire_bull_terrier 0.0053383494 501 109 565 150
bella 0.005247305 310 29 873 604
dog-english_cocker_spaniel 0.0052469587 111 76 726 927
cat-Bombay 0.005237741 310 29 873 604
cat-Birman 0.0051847473 146 0 413 99
dog-pug 0.0051608053 273 105 683 569
cat-Siamese 0.005001269 510 0 620 51
cat-Bombay 0.0049804123 509 132 679 427
dog-shiba_inu 0.0048719165 260 123 675 569
dog-english_setter 0.004869337 178 131 698 927
dog-wheaten_terrier 0.0048557627 310 29 873 604
cat-Bengal 0.004854104 0 406 55 595
dog-chihuahua 0.004766963 274 118 698 573
dog-keeshond 0.0047015394 310 29 873 604
dog-miniature_pinscher 0.004700027 0 0 306 233
dog-havanese 0.0046586967 310 29 873 604
cat-Maine_Coon 0.0045042834 102 735 489 924
dog-english_setter 0.004484447 310 29 873 604
cat-Abyssinian 0.0044178437 276 117 684 574
cat-Bengal 0.0044110264 690 0 835 57
dog-basset_hound 0.0043660533 201 157 725 699
dog-wheaten_terrier 0.0043085036 509 132 679 427
dog-shiba_inu 0.0042900085 67 0 251 74
dog-basset_hound 0.004274416 275 170 871 927
cat-Egyptian_Mau 0.004230539 139 447 242 523
cat-Siamese 0.004226256 310 29 873 604
cat-Sphynx 0.0042257085 0 28 681 622
dog-staffordshire_bull_terrier 0.00420143 548 153 609 193
cat-Abyssinian 0.0041653835 310 29 873 604
dog-pomeranian 0.0041651065 263 0 563 138
dog-english_cocker_spaniel 0.00414686 811 115 872 376
dog-great_pyrenees 0.0041383067 310 29 873 604
cat-Egyptian_Mau 0.0040867943 104 72 159 94
cat-Egyptian_Mau 0.0040215976 310 29 873 604
cat-Siamese 0.003950627 450 0 565 49
dog-beagle 0.003914461 310 29 873 604
cat-British_Shorthair 0.0039004267 310 29 873 604
cat-Egyptian_Mau 0.0038873965 168 452 252 520
dog-boxer 0.0038575176 436 2 497 26
dog-boxer 0.0038447548 310 29 873 604
bella 0.0038304601 1 127 58 284
dog-english_cocker_spaniel 0.0038089189 275 170 871 927
dog-basset_hound 0.003737644 0 69 743 815
dog-english_setter 0.0037234467 275 170 871 927
cat-Bengal 0.003717694 740 0 860 63
cat-Siamese 0.0037070469 545 0 676 57
cat-Sphynx 0.0037007034 310 29 873 604
cat-Birman 0.003699747 310 29 873 604
cat-Bengal 0.0036882 310 29 873 604
