bella 0.45440465 53 242 539 796
dog-american_bulldog 0.4329222 53 242 539 796
dog-beagle 0.1768071 58 229 540 795
dog-english_setter 0.13419501 58 229 540 795
dog-american_pit_bull_terrier 0.0729771 53 232 539 794
dog-shiba_inu 0.06618901 55 233 533 808
dog-great_pyrenees 0.059616905 58 229 540 795
dog-staffordshire_bull_terrier 0.052503966 55 233 533 808
dog-samoyed 0.02713445 58 228 551 797
cat-Maine_Coon 0.021821726 0 202 525 770
dog-keeshond 0.020477686 55 233 533 808
dog-saint_bernard 0.01929934 70 210 537 789
cat-Egyptian_Mau 0.015215185 55 233 533 808
dog-newfoundland 0.013942062 239 248 535 591
cat-Egyptian_Mau 0.0133485645 544 574 693 925
dog-english_cocker_spaniel 0.012814571 57 241 535 797
dog-leonberger 0.012703083 53 239 537 799
cat-Sphynx 0.011564072 0 202 525 770
cat-Ragdoll 0.011385118 83 249 563 917
cat-Ragdoll 0.009815989 0 202 525 770
dog-newfoundland 0.009693483 357 276 525 562
dog-basset_hound 0.009449764 70 210 537 789
dog-pomeranian 0.009421619 70 210 537 789
dog-wheaten_terrier 0.009348626 53 239 537 799
cat-Bombay 0.008810347 457 0 675 96
dog-keeshond 0.008029761 0 795 175 925
dog-american_bulldog 0.0077845417 631 251 695 505
cat-Bengal 0.0076019904 0 202 525 770
cat-British_Shorthair 0.0075152535 56 238 538 795
dog-american_bulldog 0.0071132747 28 0 613 811
cat-Bombay 0.006830852 479 0 679 69
cat-Birman 0.006757725 645 350 695 536
cat-Egyptian_Mau 0.00640794 597 555 695 902
cat-Bombay 0.0063267574 389 0 588 65
cat-Birman 0.006238267 494 0 692 100
cat-Bombay 0.0061310334 383 0 517 52
cat-Abyssinian 0.0059004114 0 202 525 770
dog-english_cocker_spaniel 0.0058976794 239 248 535 591
dog-havanese 0.005870323 223 248 540 569
cat-Siamese 0.0056937356 195 0 402 73
dog-shiba_inu 0.005594486 264 807 471 921
cat-British_Shorthair 0.005468302 383 0 517 52
dog-leonberger 0.005237055 0 0 459 754
dog-american_pit_bull_terrier 0.005082052 2 126 89 387
dog-yorkshire_terrier 0.005080143 325 185 458 257
bella 0.005012179 123 155 695 783
cat-Egyptian_Mau 0.0049904105 0 0 459 754
dog-beagle 0.004908717 123 155 695 783
cat-Birman 0.0048758667 205 0 437 96
cat-Siamese 0.004864079 494 0 692 100
dog-great_pyrenees 0.004860131 0 0 545 799
dog-leonberger 0.0048145 0 518 43 678
dog-english_setter 0.0048039537 0 0 459 754
cat-Birman 0.0048026615 0 783 176 925
dog-chihuahua 0.0047815694 0 202 525 770
bella 0.0047675213 78 352 214 709
dog-boxer 0.0046505015 0 202 525 770
cat-Russian_Blue 0.0045088725 0 202 525 770
dog-english_setter 0.004420829 97 500 166 684
dog-saint_bernard 0.004413651 0 0 459 754
dog-miniature_pinscher 0.0044094496 0 202 525 770
cat-Bombay 0.004369558 572 3 685 76
dog-english_setter 0.004346491 78 352 214 709
dog-wheaten_terrier 0.004325483 628 36 695 302
cat-British_Shorthair 0.004280354 310 3 375 24
cat-Birman 0.0042557004 348 0 478 48
dog-leonberger 0.0042457804 631 251 695 505
bella 0.004234787 0 0 459 754
dog-american_bulldog 0.0042064483 626 333 695 577
dog-shiba_inu 0.004205919 0 0 459 754
dog-american_pit_bull_terrier 0.004157142 0 0 355 142
cat-Siamese 0.0041568973 165 0 407 98
dog-american_bulldog 0.00415221 0 0 459 754
dog-samoyed 0.004110925 647 577 695 780
cat-Bombay 0.0041049533 413 0 554 54
cat-Birman 0.0040631294 354 2 417 23
dog-american_bulldog 0.004041293 616 381 695 660
dog-german_shorthaired 0.004037836 0 202 525 770
cat-Persian 0.004017041 354 2 417 23
dog-beagle 0.00401452 0 0 459 754
dog-chihuahua 0.003973051 74 107 695 835
cat-Birman 0.0039653857 421 0 656 95
cat-Ragdoll 0.003938242 0 0 459 754
dog-wheaten_terrier 0.0039280197 223 248 540 569
cat-Maine_Coon 0.0038150176 0 0 459 754
cat-Birman 0.0038135375 70 210 537 789
cat-Siamese 0.0037756555 368 0 498 50
dog-pomeranian 0.0037565376 112 0 599 358
dog-american_pit_bull_terrier 0.0036988703 123 155 695 783
cat-Egyptian_Mau 0.0036973683 0 518 43 678
cat-Ragdoll 0.0036941462 635 428 695 635
bella 0.003668406 0 0 545 799
cat-Russian_Blue 0.0036630437 462 0 671 68
dog-pug 0.0036342253 0 0 459 754
cat-Bombay 0.0036284763 387 0 627 95
cat-Siamese 0.003619726 123 155 695 783
cat-Birman 0.0035910236 353 0 593 96
cat-Bombay 0.003584117 403 296 531 554
cat-Russian_Blue 0.003582099 389 0 588 65
bella 0.0035646202 301 794 487 920
