dog-leonberger 0.18468784 282 153 475 303
dog-american_bulldog 0.18232007 282 153 475 303
dog-saint_bernard 0.14465031 282 153 475 303
dog-english_setter 0.09671481 282 153 475 303
bella 0.057855833 284 153 444 266
dog-shiba_inu 0.056178644 282 151 441 271
dog-great_pyrenees 0.042394593 282 153 475 303
dog-japanese_chin 0.032218046 282 153 475 303
dog-keeshond 0.02920204 282 153 475 303
cat-Russian_Blue 0.021983689 0 151 598 926
dog-american_pit_bull_terrier 0.016168028 284 153 444 266
dog-samoyed 0.014301436 284 153 444 266
dog-wheaten_terrier 0.0140372645 282 153 475 303
cat-Egyptian_Mau 0.013324565 0 131 694 908
dog-beagle 0.013180024 282 153 475 303
cat-Ragdoll 0.012239886 282 153 475 303
dog-staffordshire_bull_terrier 0.011873742 282 151 423 269
cat-Russian_Blue 0.011396985 0 297 428 926
dog-keeshond 0.010542154 282 151 423 269
cat-Egyptian_Mau 0.010207773 282 153 475 303
dog-staffordshire_bull_terrier 0.009969545 0 167 621 926
cat-Russian_Blue 0.009966223 282 151 423 269
cat-Birman 0.009312604 174 494 301 549
dog-american_bulldog 0.009305589 286 152 430 265
dog-boxer 0.008780977 282 153 475 303
dog-saint_bernard 0.008431938 159 379 222 437
dog-newfoundland 0.008063688 282 153 475 303
dog-pug 0.007277349 282 153 475 303
cat-Siamese 0.007113702 174 494 301 549
cat-Maine_Coon 0.0069831256 206 466 340 540
dog-shiba_inu 0.006913816 0 131 694 908
dog-shiba_inu 0.006856397 278 151 471 328
dog-havanese 0.006798333 282 153 475 303
cat-British_Shorthair 0.006751813 10 149 674 861
cat-British_Shorthair 0.006348838 282 153 475 303
dog-leonberger 0.00634636 285 151 461 406
dog-saint_bernard 0.0060149315 78 398 150 463
cat-Birman 0.0059154974 145 496 254 557
dog-staffordshire_bull_terrier 0.005814852 282 153 475 303
dog-german_shorthaired 0.005807876 282 153 475 303
dog-staffordshire_bull_terrier 0.0055278097 0 108 418 393
cat-Siamese 0.00549396 145 496 254 557
cat-Egyptian_Mau 0.005419955 0 185 535 926
cat-Egyptian_Mau 0.005295501 282 151 423 269
dog-american_bulldog 0.0051931236 174 494 301 549
dog-staffordshire_bull_terrier 0.00508747 0 147 418 926
dog-basset_hound 0.005085356 279 152 473 305
dog-saint_bernard 0.0050823917 139 382 203 440
cat-Maine_Coon 0.0050410856 282 151 423 269
cat-Egyptian_Mau 0.0050320677 0 0 96 53
bella 0.0049897474 649 434 691 678
dog-american_bulldog 0.0049344343 0 91 444 442
cat-Egyptian_Mau 0.0047854986 75 125 431 383
dog-miniature_pinscher 0.0047841747 670 54 694 156
cat-Birman 0.004715271 31 0 240 100
cat-Bengal 0.0047086384 282 153 475 303
cat-Russian_Blue 0.0047074025 0 185 535 926
dog-saint_bernard 0.004700181 100 396 164 461
dog-english_setter 0.0046886737 286 152 434 264
cat-British_Shorthair 0.004588762 75 125 431 383
dog-basset_hound 0.004510833 10 149 674 861
dog-shiba_inu 0.004491782 0 91 444 442
cat-Egyptian_Mau 0.0044101425 651 404 694 607
cat-Siamese 0.0043870015 282 151 423 269
dog-american_pit_bull_terrier 0.0043444997 271 151 476 328
dog-saint_bernard 0.0043338514 52 401 135 463
cat-Bombay 0.004212424 31 0 240 100
cat-Egyptian_Mau 0.004187317 0 120 445 593
dog-staffordshire_bull_terrier 0.0040777605 0 120 445 593
cat-Egyptian_Mau 0.0040747677 0 0 44 97
dog-basset_hound 0.0040675057 0 469 377 926
dog-yorkshire_terrier 0.0039620874 173 0 406 148
dog-chihuahua 0.0039001908 671 37 694 136
cat-Maine_Coon 0.0038819327 0 0 155 78
dog-shiba_inu 0.0038319356 75 125 431 383
cat-Egyptian_Mau 0.0037548963 0 148 42 333
dog-havanese 0.003722161 156 61 694 639
dog-wheaten_terrier 0.0036694815 311 123 694 416
cat-Ragdoll 0.0036157882 0 185 535 926
cat-Egyptian_Mau 0.0035115767 286 137 472 534
dog-basset_hound 0.0034900482 670 74 694 168
cat-Ragdoll 0.0034828698 0 167 685 926
cat-Ragdoll 0.0034538484 174 494 301 549
dog-havanese 0.0034267106 272 0 694 557
dog-saint_bernard 0.0033883722 117 394 181 459
cat-Egyptian_Mau 0.0033829485 0 628 49 818
dog-basset_hound 0.0033772206 596 6 643 27
dog-samoyed 0.0033396103 75 125 431 383
dog-american_bulldog 0.0033101926 75 125 431 383
dog-yorkshire_terrier 0.0033078983 147 0 350 108
cat-Ragdoll 0.003270095 507 351 694 912
cat-Bengal 0.0032482354 0 545 46 740
cat-British_Shorthair 0.0032426312 282 151 423 269
dog-boxer 0.0032395888 47 385 136 441
cat-Siamese 0.0032135686 31 0 240 100
dog-wheaten_terrier 0.0031046353 499 148 694 453
bella 0.0030921549 283 154 367 260
bella 0.0030882426 0 120 445 593
dog-keeshond 0.0030375707 75 125 431 383
cat-Siamese 0.0030293048 0 167 621 926
