bella 0.7370867 18 31 665 733
dog-english_setter 0.5444619 18 31 665 733
dog-american_bulldog 0.06722795 22 33 665 735
dog-beagle 0.049869835 24 28 663 729
dog-staffordshire_bull_terrier 0.044390835 22 33 665 735
dog-shiba_inu 0.037688434 0 23 672 777
cat-Maine_Coon 0.037492692 0 23 672 777
dog-american_pit_bull_terrier 0.034719247 21 25 643 710
dog-great_pyrenees 0.03294697 22 33 665 735
cat-Persian 0.03263195 74 0 224 64
cat-Egyptian_Mau 0.029861845 0 23 672 777
dog-english_cocker_spaniel 0.02438667 0 23 672 777
dog-samoyed 0.024335753 0 23 672 777
dog-wheaten_terrier 0.023673529 0 23 672 777
dog-basset_hound 0.023284245 37 25 693 801
dog-keeshond 0.02211595 21 25 643 710
cat-Persian 0.020057745 13 18 672 926
cat-Maine_Coon 0.019717677 66 0 205 65
dog-leonberger 0.018948225 37 25 693 801
cat-Ragdoll 0.018297832 13 18 672 926
dog-scottish_terrier 0.017696874 21 25 643 710
cat-Bengal 0.016019052 0 23 672 777
dog-german_shorthaired 0.015999498 37 25 693 801
dog-saint_bernard 0.012300427 37 25 693 801
cat-Persian 0.012089766 106 0 267 60
cat-British_Shorthair 0.012033819 0 23 672 777
dog-miniature_pinscher 0.011080873 0 23 672 777
dog-chihuahua 0.009417121 0 23 672 777
cat-Sphynx 0.008648433 0 23 672 777
dog-newfoundland 0.008115637 21 25 643 710
dog-wheaten_terrier 0.007999781 41 59 169 435
cat-Ragdoll 0.0077729747 126 0 246 50
dog-boxer 0.007194074 37 25 693 801
dog-havanese 0.007051535 21 25 643 710
cat-Birman 0.0069966526 70 0 253 93
cat-Siamese 0.0064658388 0 23 672 777
cat-Persian 0.0061738235 148 0 246 38
dog-samoyed 0.0061611943 139 301 208 555
bella 0.0060034334 18 72 382 656
dog-leonberger 0.005986237 320 878 414 923
cat-Abyssinian 0.0059341653 37 25 693 801
dog-leonberger 0.0057631144 640 314 684 494
cat-Ragdoll 0.0056664976 88 0 245 62
cat-Birman 0.005655611 0 799 150 925
cat-Russian_Blue 0.005386537 37 25 693 801
dog-wheaten_terrier 0.0053572785 565 90 608 112
dog-staffordshire_bull_terrier 0.0053565647 530 605 592 629
cat-Persian 0.00528494 70 1 156 41
cat-Birman 0.0052687083 13 18 672 926
cat-Bengal 0.005162505 634 69 690 311
cat-Egyptian_Mau 0.0051181656 650 602 693 816
cat-Birman 0.0049992283 147 0 396 102
cat-Maine_Coon 0.0049770484 27 0 171 67
cat-Bombay 0.0047591347 486 347 693 910
dog-staffordshire_bull_terrier 0.0047489665 524 592 579 621
cat-Persian 0.004684045 82 0 183 55
cat-Birman 0.0046197767 3 735 99 926
dog-pug 0.0045927493 27 25 645 694
cat-Birman 0.004494316 158 0 281 49
cat-Persian 0.004382349 114 0 217 54
dog-pomeranian 0.004264525 70 0 253 93
cat-Birman 0.00422552 198 0 467 110
cat-Persian 0.0041534957 130 1 221 39
cat-Egyptian_Mau 0.004150248 649 383 693 569
dog-miniature_pinscher 0.0041465745 597 63 689 347
cat-Persian 0.0039724316 158 0 281 49
dog-english_setter 0.003953428 18 72 382 656
dog-yorkshire_terrier 0.003766539 40 0 207 96
cat-Bombay 0.0037143594 37 25 693 801
dog-boxer 0.0036568793 527 102 603 160
cat-Ragdoll 0.0036402093 70 0 253 93
dog-leonberger 0.0036250888 348 879 437 924
dog-pomeranian 0.0035924963 21 25 643 710
cat-Birman 0.0035807923 268 0 528 110
dog-pomeranian 0.0035154347 90 0 693 609
cat-Persian 0.0034524798 27 0 171 67
dog-havanese 0.0032614744 90 0 693 609
cat-Maine_Coon 0.0032382787 522 581 581 617
cat-Maine_Coon 0.0031844191 90 0 693 609
cat-Persian 0.0031290997 486 347 693 910
cat-Persian 0.0030449373 70 0 253 93
dog-english_cocker_spaniel 0.0030364431 554 550 636 618
dog-wheaten_terrier 0.003028238 578 90 624 112
dog-yorkshire_terrier 0.0030248382 37 25 693 801
dog-samoyed 0.0030237841 0 0 611 600
cat-Maine_Coon 0.0030082918 95 0 243 54
cat-Russian_Blue 0.0029944442 427 0 622 83
cat-Maine_Coon 0.002986988 371 110 422 145
dog-boxer 0.0029714731 427 0 622 83
dog-staffordshire_bull_terrier 0.002953291 532 615 592 644
cat-Bombay 0.0028974323 371 0 495 50
cat-Bengal 0.0028384295 0 0 142 76
dog-samoyed 0.0027670693 518 583 569 617
cat-Abyssinian 0.0027615342 639 70 690 214
cat-British_Shorthair 0.0027368537 188 0 317 49
cat-Maine_Coon 0.0027285784 369 100 424 128
dog-great_pyrenees 0.0027207872 70 0 253 93
dog-leonberger 0.0027028928 41 59 169 435
cat-Russian_Blue 0.0026930931 486 347 693 910
cat-Ragdoll 0.0026859601 158 0 281 49
