cat-Abyssinian 0.94997287 154 36 350 253
cat-Egyptian_Mau 0.45852146 153 36 350 253
dog-boxer 0.40764102 459 81 496 136
cat-Ragdoll 0.21050768 153 36 350 253
cat-Russian_Blue 0.11350177 153 36 350 253
cat-Bengal 0.08356983 153 36 350 253
dog-basset_hound 0.07382327 465 144 499 244
cat-Sphynx 0.05254999 153 36 350 253
dog-staffordshire_bull_terrier 0.045350548 459 81 496 136
cat-Siamese 0.03968988 153 36 350 253
dog-saint_bernard 0.039446946 154 35 351 254
dog-beagle 0.02502566 154 35 351 254
cat-Russian_Blue 0.024933815 383 0 500 28
dog-american_bulldog 0.024777712 459 81 496 136
dog-shiba_inu 0.022922337 153 36 350 253
dog-american_pit_bull_terrier 0.021396035 459 81 496 136
cat-British_Shorthair 0.021175481 153 36 350 253
dog-pug 0.021090876 459 81 496 136
dog-japanese_chin 0.019893209 153 36 350 253
dog-leonberger 0.018540623 459 81 496 136
dog-boxer 0.014529794 429 80 494 193
dog-newfoundland 0.0144134015 459 81 496 136
dog-german_shorthaired 0.013259157 459 81 496 136
cat-Bombay 0.012475634 377 0 489 27
cat-Siamese 0.011998449 459 81 496 136
cat-Ragdoll 0.011901607 159 11 500 254
cat-Bengal 0.011493209 0 16 364 262
cat-Sphynx 0.01098328 0 16 364 262
dog-boxer 0.010944712 154 35 351 254
cat-Siamese 0.01046712 0 44 377 303
dog-chihuahua 0.01023318 153 36 350 253
cat-Maine_Coon 0.010083458 153 36 350 253
dog-basset_hound 0.009841688 0 44 377 303
cat-Egyptian_Mau 0.009797883 468 148 500 226
cat-Ragdoll 0.009690829 223 183 327 246
cat-Sphynx 0.009152145 275 59 340 172
dog-basset_hound 0.009133204 468 165 500 255
cat-Birman 0.008924453 459 81 496 136
dog-shiba_inu 0.00874176 159 11 500 254
cat-British_Shorthair 0.008703654 0 16 364 262
dog-american_pit_bull_terrier 0.008492125 445 100 500 234
dog-newfoundland 0.008488441 0 229 31 306
dog-basset_hound 0.008461342 471 151 500 221
dog-beagle 0.008247143 0 16 364 262
dog-american_bulldog 0.008239611 434 95 500 243
cat-Egyptian_Mau 0.008122941 0 16 364 262
dog-beagle 0.008121343 159 11 500 254
dog-boxer 0.008038337 440 83 496 141
cat-British_Shorthair 0.0073972037 459 81 496 136
dog-basset_hound 0.007333115 153 36 350 253
cat-Maine_Coon 0.0072016832 115 0 166 21
cat-Siamese 0.007152531 160 48 500 299
dog-leonberger 0.0071034944 248 0 283 8
dog-great_pyrenees 0.006945413 153 36 350 253
dog-beagle 0.006815215 459 81 496 136
dog-boxer 0.0066792457 275 59 340 172
dog-german_shorthaired 0.006581483 390 0 500 31
dog-american_bulldog 0.006502409 159 11 500 254
cat-Maine_Coon 0.0063777426 159 11 500 254
cat-Russian_Blue 0.006278792 0 16 364 262
cat-Abyssinian 0.0062412387 275 59 340 172
cat-Abyssinian 0.006232408 160 48 500 299
cat-Egyptian_Mau 0.006232018 159 11 500 254
dog-american_bulldog 0.0062028705 0 16 364 262
cat-Bombay 0.006071174 153 36 350 253
bella 0.0060004382 159 11 500 254
dog-pug 0.005960348 428 79 494 170
cat-Siamese 0.0059314007 95 3 212 44
cat-Bombay 0.005830716 244 0 277 8
cat-Birman 0.005798955 160 48 500 299
bella 0.005721174 474 300 500 359
cat-Ragdoll 0.0057134735 0 16 364 262
cat-Bengal 0.005705983 468 152 500 236
cat-Abyssinian 0.005645256 0 16 364 262
cat-Bombay 0.0056395633 369 0 458 21
dog-leonberger 0.005532239 0 205 28 257
dog-boxer 0.0055041714 0 44 377 303
dog-samoyed 0.005488858 128 43 363 277
dog-leonberger 0.005488262 2 214 29 268
cat-Bombay 0.0053852187 157 41 230 169
dog-beagle 0.005373014 468 152 500 236
dog-pug 0.0053598247 348 0 499 45
dog-pomeranian 0.005322573 153 36 350 253
cat-Bengal 0.005299793 244 0 277 8
cat-Bombay 0.0052980133 247 0 329 20
cat-Bengal 0.0052314787 99 52 384 277
dog-samoyed 0.00521761 159 11 500 254
dog-shiba_inu 0.005054468 0 16 364 262
cat-Egyptian_Mau 0.004996065 244 0 277 8
dog-saint_bernard 0.0049806647 0 44 377 303
dog-american_pit_bull_terrier 0.0048356494 428 79 494 170
dog-american_pit_bull_terrier 0.0048222053 453 143 500 265
dog-boxer 0.0047773873 159 11 500 254
dog-english_setter 0.0046965773 108 8 374 268
dog-chihuahua 0.0046949727 160 48 500 299
dog-staffordshire_bull_terrier 0.004606678 348 0 499 45
cat-Siamese 0.004573102 198 1 282 27
cat-Maine_Coon 0.004549302 129 0 178 21
dog-miniature_pinscher 0.004498066 466 146 498 240
dog-basset_hound 0.004472501 99 52 384 277
