cat-Russian_Blue 0.98638725 66 14 230 159
cat-Abyssinian 0.60643446 66 14 229 160
cat-Sphynx 0.3896203 66 14 229 160
cat-Bombay 0.29349485 66 14 229 160
cat-Bengal 0.19987859 66 14 229 160
dog-boxer 0.089573234 66 14 232 160
dog-german_shorthaired 0.043994654 66 14 232 160
cat-Sphynx 0.035928003 0 5 241 162
cat-Egyptian_Mau 0.033996917 66 14 232 160
cat-Russian_Blue 0.030665085 0 5 241 162
cat-Siamese 0.025827194 66 14 232 160
dog-basset_hound 0.025412476 66 14 232 160
cat-Abyssinian 0.021356944 0 5 241 162
cat-Bengal 0.019623322 0 5 241 162
cat-Bombay 0.018732367 0 5 241 162
dog-miniature_pinscher 0.012383224 0 5 241 162
dog-shiba_inu 0.0123416325 66 14 232 160
cat-British_Shorthair 0.011885457 66 14 232 160
cat-British_Shorthair 0.011657493 0 5 241 162
dog-boxer 0.011486185 0 5 241 162
dog-leonberger 0.010739791 66 14 232 160
dog-staffordshire_bull_terrier 0.009946068 63 5 234 162
bella 0.009033827 181 160 212 219
cat-Egyptian_Mau 0.0087616155 0 5 241 162
dog-boxer 0.0077136816 308 0 316 18
cat-Russian_Blue 0.007453687 53 36 254 246
cat-Bombay 0.0071499953 219 0 298 18
cat-Sphynx 0.006753876 84 0 317 162
cat-Russian_Blue 0.0066682487 0 0 221 129
dog-beagle 0.006635751 66 16 228 158
dog-shiba_inu 0.006417155 172 1 234 20
dog-german_shorthaired 0.0063324254 0 5 241 162
cat-Sphynx 0.00617117 0 0 221 129
cat-Siamese 0.0060004606 0 5 241 162
dog-great_pyrenees 0.005896866 299 11 317 51
dog-shiba_inu 0.0057628956 0 5 241 162
cat-Bengal 0.0055333404 0 0 221 129
cat-British_Shorthair 0.0054834983 0 0 221 129
cat-Russian_Blue 0.0053913463 216 0 294 18
dog-miniature_pinscher 0.0053911777 66 14 232 160
dog-basset_hound 0.0053593824 0 5 241 162
cat-Bombay 0.0053380434 110 0 166 13
cat-Egyptian_Mau 0.0051971283 207 0 257 17
dog-beagle 0.005037294 0 5 241 162
dog-samoyed 0.0050216434 188 0 236 13
cat-Russian_Blue 0.005000718 85 92 224 156
cat-Bombay 0.004977995 126 0 180 13
dog-wheaten_terrier 0.0049548154 0 5 241 162
dog-boxer 0.004762397 84 0 317 162
cat-Abyssinian 0.004742516 84 0 317 162
cat-Abyssinian 0.00468182 0 0 221 129
cat-Abyssinian 0.0046290965 308 192 317 210
cat-Bombay 0.004626241 0 0 221 129
dog-pug 0.0045907074 0 5 241 162
cat-Bombay 0.004498514 93 0 151 13
dog-basset_hound 0.0043723783 53 36 254 246
cat-Egyptian_Mau 0.0043075834 0 0 221 129
cat-Egyptian_Mau 0.0041824067 188 0 236 13
dog-scottish_terrier 0.0041252277 63 5 234 162
cat-Bombay 0.004101937 224 0 281 14
cat-Russian_Blue 0.004004192 84 0 317 162
dog-miniature_pinscher 0.003970116 0 0 221 129
dog-wheaten_terrier 0.003960037 188 0 236 13
cat-Sphynx 0.00395214 169 21 228 102
cat-Birman 0.0039478173 0 5 241 162
cat-Siamese 0.003915387 84 0 317 162
cat-Bombay 0.0038771569 118 0 138 5
cat-Bombay 0.0038709352 97 0 175 16
dog-shiba_inu 0.0038051992 0 0 101 41
cat-Bombay 0.003759387 110 115 206 156
cat-Bombay 0.00375538 69 44 88 81
cat-Bombay 0.0037530044 126 0 146 5
dog-great_pyrenees 0.0037301604 188 0 236 13
dog-yorkshire_terrier 0.0037201657 0 19 153 111
dog-saint_bernard 0.0037067386 63 5 234 162
cat-Egyptian_Mau 0.0036777835 0 163 76 246
dog-staffordshire_bull_terrier 0.0036664263 26 22 266 246
cat-Bombay 0.003622346 111 0 130 5
dog-wheaten_terrier 0.003602396 50 166 86 185
dog-beagle 0.003577366 0 0 221 129
dog-english_cocker_spaniel 0.0035562923 43 167 80 185
cat-Bombay 0.0035098419 84 0 317 162
dog-miniature_pinscher 0.003485254 84 0 317 162
cat-Egyptian_Mau 0.0034722032 169 0 222 13
cat-Bombay 0.0034660578 76 0 136 13
dog-samoyed 0.0034427845 205 0 317 60
cat-Bengal 0.0034284047 213 0 264 13
cat-Egyptian_Mau 0.0034219266 185 15 229 29
cat-Ragdoll 0.0033854994 0 5 241 162
bella 0.0033821915 2 124 47 207
cat-Bombay 0.0033747645 134 0 154 5
dog-shiba_inu 0.00333626 178 0 229 13
cat-Bengal 0.0033178222 212 0 287 17
cat-Egyptian_Mau 0.0033018778 26 22 266 246
cat-Bengal 0.0033007858 81 90 221 157
dog-newfoundland 0.0032984868 50 166 86 185
cat-Siamese 0.0032817347 8 0 104 26
cat-Birman 0.0032731441 214 0 311 29
dog-newfoundland 0.0032674274 0 5 241 162
dog-miniature_pinscher 0.0032635087 70 39 126 117
