dog-pug 0.74718934 162 38 261 147
dog-boxer 0.6041485 161 38 262 146
dog-staffordshire_bull_terrier 0.20679668 160 38 263 145
dog-american_bulldog 0.11317477 160 38 263 145
cat-Siamese 0.09118791 160 38 263 145
dog-american_pit_bull_terrier 0.0852662 160 38 263 145
cat-Birman 0.06409056 160 38 263 145
dog-leonberger 0.06313628 163 38 261 149
dog-newfoundland 0.03345211 160 38 263 145
cat-Egyptian_Mau 0.022723092 310 2 500 68
cat-Bengal 0.01943668 326 1 500 70
cat-British_Shorthair 0.018890886 160 38 263 145
dog-japanese_chin 0.014786908 163 38 261 149
dog-shiba_inu 0.013648449 0 0 154 44
dog-boxer 0.013399876 241 43 267 73
dog-german_shorthaired 0.012237309 159 39 266 149
bella 0.011111582 160 38 263 145
bella 0.010052886 2 193 32 245
cat-Ragdoll 0.0096776085 160 38 263 145
dog-saint_bernard 0.009574093 160 38 263 145
cat-Egyptian_Mau 0.0085019395 238 42 269 76
dog-leonberger 0.008300507 111 44 144 51
dog-pug 0.007821996 140 18 500 187
cat-Bombay 0.007744983 163 38 261 149
dog-basset_hound 0.007507063 160 38 263 145
dog-american_bulldog 0.0069265966 238 42 269 76
cat-Russian_Blue 0.006912949 238 42 269 76
cat-Sphynx 0.0067761443 159 39 266 149
cat-Bengal 0.006073715 282 212 500 281
dog-beagle 0.005660829 238 42 269 76
dog-boxer 0.005622859 166 73 250 145
dog-staffordshire_bull_terrier 0.0054302826 238 42 269 76
dog-basset_hound 0.0051952302 310 2 500 68
dog-keeshond 0.005058913 160 38 263 145
cat-Russian_Blue 0.0049599856 160 38 263 145
cat-Maine_Coon 0.0048327344 282 212 500 281
dog-chihuahua 0.0048084836 163 38 261 149
dog-leonberger 0.0047289976 1 45 30 95
dog-yorkshire_terrier 0.004652561 372 25 500 166
dog-pug 0.004642741 166 73 250 145
dog-beagle 0.0046014036 160 38 263 145
dog-newfoundland 0.004483093 0 36 61 127
dog-beagle 0.004399967 241 43 266 66
dog-great_pyrenees 0.0043805744 160 38 263 145
dog-pomeranian 0.0043577533 160 38 263 145
dog-leonberger 0.004353496 102 43 138 51
dog-shiba_inu 0.0042818803 160 38 263 145
dog-american_bulldog 0.00424341 118 44 147 51
bella 0.00401695 0 0 38 15
cat-Egyptian_Mau 0.003965192 471 69 500 115
cat-Egyptian_Mau 0.0038913058 321 57 386 73
dog-beagle 0.0038393037 343 0 376 7
dog-havanese 0.0037731542 111 44 144 51
dog-wheaten_terrier 0.0037677577 111 44 144 51
dog-pug 0.0037571252 73 48 265 153
dog-american_bulldog 0.0037541848 98 42 139 77
cat-Sphynx 0.0037429088 235 25 313 45
dog-leonberger 0.0037098674 1 161 32 216
dog-american_bulldog 0.0036870346 143 38 188 99
cat-Siamese 0.0036709215 168 90 258 147
dog-american_bulldog 0.0036616463 140 18 500 187
cat-Siamese 0.003611944 190 42 235 55
dog-beagle 0.0035996363 10 0 170 33
dog-beagle 0.0035194997 248 25 324 43
dog-german_shorthaired 0.0034955814 238 42 269 76
cat-British_Shorthair 0.0034722628 310 2 500 68
dog-american_pit_bull_terrier 0.003467547 118 44 147 51
cat-Maine_Coon 0.0034667805 310 2 500 68
dog-american_bulldog 0.0034328895 50 39 108 54
dog-boxer 0.0033954827 73 48 265 153
dog-leonberger 0.00337771 0 39 32 86
cat-Egyptian_Mau 0.003366545 458 28 498 76
dog-beagle 0.0033054212 212 0 248 7
dog-american_bulldog 0.0032711425 121 39 180 58
cat-Sphynx 0.0032597 241 32 307 53
dog-beagle 0.003247525 263 23 337 40
dog-havanese 0.003232145 102 43 138 51
cat-Birman 0.0032089986 166 73 250 145
dog-wheaten_terrier 0.0031799448 102 43 138 51
dog-beagle 0.0031608483 251 31 316 51
dog-american_pit_bull_terrier 0.0031581873 2 96 68 167
dog-boxer 0.003137479 0 5 313 176
dog-boxer 0.0030978248 140 18 500 187
dog-english_setter 0.003089065 160 38 263 145
dog-american_bulldog 0.0030787664 108 39 164 83
cat-Egyptian_Mau 0.0030355311 263 2 354 30
dog-newfoundland 0.0030343162 0 57 52 136
dog-newfoundland 0.0030240389 0 46 31 102
dog-american_pit_bull_terrier 0.0030119123 132 40 163 50
cat-Egyptian_Mau 0.0029827892 460 40 498 86
cat-Bengal 0.0029664412 344 0 500 72
dog-staffordshire_bull_terrier 0.0029532376 92 39 151 56
cat-Birman 0.0029436257 163 0 500 141
cat-Sphynx 0.0029407048 238 42 269 76
cat-Egyptian_Mau 0.0029069285 0 101 405 281
dog-american_bulldog 0.0028919324 128 41 175 98
dog-miniature_pinscher 0.0028499677 159 39 266 149
dog-boxer 0.0028482934 121 39 180 58
dog-american_bulldog 0.0028403304 103 38 169 57
dog-boxer 0.0028295615 103 38 169 57
