dog-american_bulldog 0.93343824 135 215 329 392
dog-american_pit_bull_terrier 0.1043348 135 216 329 394
dog-staffordshire_bull_terrier 0.08730277 135 216 330 392
dog-boxer 0.07258832 135 216 330 392
dog-beagle 0.06597572 135 216 330 392
dog-shiba_inu 0.04498466 138 216 330 400
bella 0.04352969 135 216 330 392
dog-leonberger 0.033263437 138 216 330 400
dog-saint_bernard 0.032558173 138 216 330 400
dog-great_pyrenees 0.023717953 138 216 330 400
cat-Ragdoll 0.020457864 135 216 330 392
dog-yorkshire_terrier 0.017557863 0 4 335 269
cat-Russian_Blue 0.016972464 239 0 375 72
cat-Bombay 0.014299471 6 0 154 74
dog-samoyed 0.013470404 135 216 330 392
dog-keeshond 0.01253683 135 216 330 392
cat-Egyptian_Mau 0.0123939775 352 8 373 134
cat-Maine_Coon 0.011152518 5 5 349 293
cat-Bombay 0.01073739 239 0 375 72
cat-Egyptian_Mau 0.010335198 0 2 22 105
dog-havanese 0.0102479 40 129 206 217
cat-Egyptian_Mau 0.01006164 352 41 371 164
cat-Egyptian_Mau 0.01005637 138 216 330 400
dog-american_bulldog 0.009625344 134 220 231 378
cat-British_Shorthair 0.009478664 138 216 330 400
dog-saint_bernard 0.009349413 134 226 154 303
cat-Egyptian_Mau 0.008833187 0 27 19 120
cat-Birman 0.008725886 5 5 349 293
dog-american_bulldog 0.0086871395 88 225 315 430
dog-american_bulldog 0.0075608287 140 200 375 465
cat-Bombay 0.0074643237 3 0 111 60
cat-Siamese 0.0072584823 239 0 375 72
dog-american_bulldog 0.0072024097 0 80 358 471
dog-pomeranian 0.0064774593 138 216 330 400
cat-Egyptian_Mau 0.0064199916 354 45 375 142
dog-american_bulldog 0.0063334065 7 152 333 424
dog-shiba_inu 0.005869566 0 27 19 120
dog-american_bulldog 0.005693201 0 188 321 500
cat-Bombay 0.0056610517 221 0 359 57
cat-Persian 0.005643632 5 5 349 293
dog-pug 0.0056008506 135 216 330 392
cat-Bengal 0.0055002836 0 0 22 95
cat-Birman 0.005388757 0 425 86 500
cat-Egyptian_Mau 0.005270028 355 69 375 166
bella 0.0052500805 172 291 206 322
cat-Egyptian_Mau 0.005232558 0 52 19 147
cat-Egyptian_Mau 0.005073734 351 1 375 101
cat-British_Shorthair 0.0049399044 12 211 331 469
dog-english_setter 0.0049202614 135 214 330 396
dog-leonberger 0.004898272 134 226 154 303
dog-shiba_inu 0.0048666666 0 2 22 105
dog-wheaten_terrier 0.0048254905 134 226 154 303
dog-shiba_inu 0.00472008 0 80 358 471
cat-Siamese 0.0046742246 3 0 111 60
dog-english_cocker_spaniel 0.004567187 344 277 375 406
dog-saint_bernard 0.004506544 113 220 149 311
dog-pomeranian 0.00450395 26 4 351 313
cat-British_Shorthair 0.004468717 0 80 358 471
dog-basset_hound 0.004434607 134 226 154 303
cat-Bengal 0.0043683527 6 0 71 29
dog-newfoundland 0.0043563284 134 226 154 303
cat-Bombay 0.004209565 14 0 133 41
cat-Birman 0.0040832344 0 80 358 471
cat-Bombay 0.004067353 241 0 364 41
cat-Bombay 0.004019484 61 0 261 75
cat-British_Shorthair 0.0040055783 140 200 375 465
cat-Birman 0.0040023266 133 137 375 414
cat-Egyptian_Mau 0.003891557 0 234 22 342
cat-Siamese 0.00387122 140 200 375 465
cat-Egyptian_Mau 0.003866723 6 0 71 29
dog-samoyed 0.0038356986 125 0 375 287
dog-keeshond 0.0038173995 0 80 358 471
dog-samoyed 0.0037426122 0 22 21 124
cat-Siamese 0.0037167754 138 216 330 400
cat-Bengal 0.0037049197 0 47 21 151
dog-american_bulldog 0.003696806 142 233 268 399
dog-basset_hound 0.0036950954 0 17 19 110
cat-Birman 0.0036710594 135 216 330 392
dog-american_pit_bull_terrier 0.0036521102 134 220 231 378
cat-Russian_Blue 0.0036316637 0 2 22 105
cat-Persian 0.00356564 0 0 308 350
cat-Ragdoll 0.0035367853 178 194 257 232
dog-havanese 0.003532318 138 209 212 242
cat-Bengal 0.0035294136 0 0 20 47
cat-Bengal 0.0035273498 0 22 21 124
dog-english_cocker_spaniel 0.003516613 0 346 24 452
cat-Birman 0.003495168 0 365 169 500
dog-english_cocker_spaniel 0.0034919525 342 238 375 373
cat-Bombay 0.00347039 32 0 175 60
cat-Bengal 0.0034626266 1 0 89 44
dog-beagle 0.0033881932 134 220 231 378
dog-shiba_inu 0.0033837862 0 52 19 147
cat-Maine_Coon 0.0033535997 270 165 327 200
dog-english_cocker_spaniel 0.003350699 32 310 56 325
dog-staffordshire_bull_terrier 0.0033351474 96 439 120 463
cat-Ragdoll 0.0033199433 133 137 375 414
cat-Bombay 0.0032709825 103 0 252 60
cat-Russian_Blue 0.003251031 241 0 364 41
dog-boxer 0.003223189 133 137 375 414
dog-shiba_inu 0.0032011913 133 137 375 414
