dog-american_bulldog 0.7601261 123 7 279 152
dog-boxer 0.75698215 123 7 279 152
dog-saint_bernard 0.54316455 122 6 279 152
dog-beagle 0.30637127 123 7 279 152
dog-pug 0.15643115 123 9 282 153
dog-american_pit_bull_terrier 0.114951074 123 9 282 153
cat-Sphynx 0.08417296 123 9 282 153
dog-staffordshire_bull_terrier 0.059145954 123 9 282 153
dog-japanese_chin 0.047795385 123 9 282 153
dog-leonberger 0.0352799 123 9 282 153
cat-Siamese 0.03463851 123 9 282 153
cat-Abyssinian 0.03353024 123 9 282 153
cat-Ragdoll 0.03192649 123 7 279 152
dog-great_pyrenees 0.031882867 122 8 280 152
dog-boxer 0.029061124 194 12 278 140
dog-shiba_inu 0.027922977 123 7 279 152
cat-British_Shorthair 0.02433937 123 9 282 153
cat-Birman 0.021811374 123 7 279 152
dog-german_shorthaired 0.02096366 123 9 282 153
bella 0.01867471 123 9 282 153
cat-Egyptian_Mau 0.0183618 242 386 353 500
cat-Sphynx 0.016228156 194 12 278 140
dog-english_cocker_spaniel 0.014578742 301 136 323 150
cat-Egyptian_Mau 0.012696292 123 9 282 153
dog-keeshond 0.0117595205 123 9 282 153
dog-staffordshire_bull_terrier 0.010074924 194 12 278 140
cat-Egyptian_Mau 0.009371003 1 115 34 228
cat-Egyptian_Mau 0.009149758 335 145 353 230
cat-Siamese 0.008754016 235 386 353 500
dog-staffordshire_bull_terrier 0.008745615 204 72 235 95
cat-Egyptian_Mau 0.008630891 0 117 25 221
dog-american_bulldog 0.008327907 48 79 90 115
dog-american_bulldog 0.008300045 63 81 97 114
bella 0.008257859 2 130 25 235
dog-shiba_inu 0.008005708 0 72 68 128
dog-american_bulldog 0.007834514 0 70 67 130
dog-english_cocker_spaniel 0.007826853 292 136 314 150
dog-basset_hound 0.0077235713 123 9 282 153
cat-Russian_Blue 0.0075515816 123 9 282 153
dog-english_cocker_spaniel 0.0072640777 311 135 331 149
dog-newfoundland 0.007104628 123 9 282 153
cat-Egyptian_Mau 0.0070904945 332 157 353 275
cat-Persian 0.006764386 309 0 353 87
dog-english_cocker_spaniel 0.0063867047 291 250 312 272
dog-saint_bernard 0.0063070175 71 89 93 103
dog-chihuahua 0.0060353726 123 9 282 153
cat-Abyssinian 0.006032567 335 145 353 230
dog-staffordshire_bull_terrier 0.0060155415 199 65 229 91
cat-Bengal 0.005915318 241 387 353 500
dog-beagle 0.005909937 194 12 278 140
cat-Bengal 0.00588294 332 157 353 275
dog-english_setter 0.0057189837 123 7 279 152
dog-pomeranian 0.005682468 122 8 280 152
dog-american_bulldog 0.005645157 26 79 82 127
dog-american_pit_bull_terrier 0.0056288615 194 12 278 140
cat-Persian 0.0053945105 305 2 353 47
cat-Bengal 0.0053157997 334 156 353 245
dog-american_pit_bull_terrier 0.0050235586 256 162 353 491
bella 0.004890413 194 375 215 412
dog-boxer 0.0048384937 91 1 132 39
dog-shiba_inu 0.0047974274 26 79 82 127
dog-boxer 0.004783453 88 0 132 28
dog-american_bulldog 0.004717281 0 0 254 222
cat-Birman 0.0045994273 0 427 77 500
dog-yorkshire_terrier 0.0045768656 256 162 353 491
dog-wheaten_terrier 0.004504662 247 381 289 409
dog-great_pyrenees 0.00442276 124 24 267 361
dog-saint_bernard 0.00441957 194 12 278 140
dog-english_cocker_spaniel 0.004405903 0 59 23 75
dog-staffordshire_bull_terrier 0.004402405 190 63 216 91
dog-shiba_inu 0.0043865643 257 366 353 500
dog-english_cocker_spaniel 0.0043757632 290 246 312 264
dog-german_shorthaired 0.0043206057 194 12 278 140
dog-shiba_inu 0.004251824 157 174 202 228
dog-english_cocker_spaniel 0.004211087 302 138 323 156
dog-shiba_inu 0.0040676584 0 56 98 137
dog-english_cocker_spaniel 0.00405393 287 136 309 150
cat-Bengal 0.004015628 334 129 353 214
dog-english_cocker_spaniel 0.0039390256 0 67 24 83
dog-american_bulldog 0.003739978 71 88 94 101
cat-Sphynx 0.003695196 91 1 132 39
bella 0.0036497582 1 115 34 228
dog-american_pit_bull_terrier 0.0036451314 189 0 353 164
dog-english_cocker_spaniel 0.0036261894 297 251 316 272
dog-basset_hound 0.0035965845 306 135 327 150
cat-Russian_Blue 0.0035368307 229 6 326 79
dog-pug 0.003468491 71 88 94 101
dog-miniature_pinscher 0.003415258 194 12 278 140
dog-boxer 0.003413361 235 386 353 500
dog-english_cocker_spaniel 0.0034084981 296 130 317 146
cat-Egyptian_Mau 0.0034077195 334 111 353 199
dog-havanese 0.0034070814 253 1 279 22
dog-basset_hound 0.0033794474 0 117 25 221
bella 0.0033596745 331 194 351 293
cat-Abyssinian 0.0033451347 334 167 353 258
dog-samoyed 0.0033284603 124 9 279 151
cat-British_Shorthair 0.0033218642 68 88 90 102
dog-scottish_terrier 0.0032241328 333 194 353 284
dog-staffordshire_bull_terrier 0.0032069846 186 56 211 85
dog-saint_bernard 0.0031943256 226 262 249 278
