dog-american_bulldog 0.8691248 133 179 232 275
dog-beagle 0.20453079 133 179 232 275
dog-boxer 0.1174124 133 179 232 275
dog-american_pit_bull_terrier 0.07182477 133 178 234 276
dog-staffordshire_bull_terrier 0.059764612 133 179 232 275
dog-saint_bernard 0.03852799 133 179 232 275
dog-boxer 0.03451612 99 166 234 297
dog-boxer 0.024756541 56 76 80 134
bella 0.021863783 133 179 232 275
dog-shiba_inu 0.018092053 133 178 234 276
dog-german_shorthaired 0.01333103 1 53 60 214
cat-Egyptian_Mau 0.013294382 133 178 234 276
dog-pug 0.01282949 83 8 375 310
cat-Russian_Blue 0.011503772 0 172 26 274
dog-leonberger 0.011167063 133 178 234 276
dog-english_setter 0.010962632 133 178 234 276
dog-pug 0.0102842385 18 8 342 307
dog-german_shorthaired 0.010153222 2 156 51 347
dog-staffordshire_bull_terrier 0.010068134 0 75 62 263
cat-Egyptian_Mau 0.009209805 0 267 23 373
cat-Sphynx 0.008886499 133 178 234 276
dog-great_pyrenees 0.008701972 133 178 234 276
cat-Ragdoll 0.0086097745 133 179 232 275
cat-British_Shorthair 0.008466701 133 179 232 274
dog-staffordshire_bull_terrier 0.008328477 2 149 49 318
dog-staffordshire_bull_terrier 0.007908578 161 177 189 200
dog-german_shorthaired 0.007699391 2 119 51 280
dog-boxer 0.0076139253 2 149 49 318
dog-miniature_pinscher 0.007472057 0 159 48 350
dog-boxer 0.006133079 18 8 342 307
cat-Sphynx 0.006075973 99 166 234 297
dog-leonberger 0.0060035554 0 215 24 321
dog-american_bulldog 0.0059511904 99 166 234 297
cat-Russian_Blue 0.0058910074 0 196 25 302
dog-american_pit_bull_terrier 0.005852221 83 8 375 310
cat-Maine_Coon 0.005709512 0 0 46 64
dog-pug 0.005611896 133 179 232 275
dog-boxer 0.005545405 0 37 235 487
dog-staffordshire_bull_terrier 0.00548055 141 161 295 294
cat-Bombay 0.005419338 155 0 264 37
bella 0.0051731393 2 261 23 368
dog-german_shorthaired 0.0051578144 0 156 41 312
dog-american_pit_bull_terrier 0.0051307413 0 159 48 350
dog-english_cocker_spaniel 0.0051096794 340 0 375 122
dog-pug 0.005062049 108 0 375 254
dog-newfoundland 0.005044394 0 41 62 179
dog-miniature_pinscher 0.004948709 29 0 151 53
cat-Bengal 0.0048095197 133 178 234 276
dog-staffordshire_bull_terrier 0.0047608716 99 166 234 297
cat-Bombay 0.004749075 345 146 375 242
cat-Abyssinian 0.0047474615 0 183 25 285
dog-german_shorthaired 0.004680956 133 179 232 275
dog-staffordshire_bull_terrier 0.00466092 0 173 48 378
dog-yorkshire_terrier 0.00466032 108 0 375 254
dog-staffordshire_bull_terrier 0.004658149 166 172 192 194
dog-english_cocker_spaniel 0.0046536587 0 296 23 405
dog-chihuahua 0.0046437937 83 8 375 310
cat-Siamese 0.004618718 212 390 375 499
dog-basset_hound 0.0044851173 347 319 373 428
dog-boxer 0.004446399 25 141 222 318
dog-american_pit_bull_terrier 0.0044116965 108 0 375 254
dog-keeshond 0.0044114324 133 178 234 276
dog-german_shorthaired 0.0043677907 0 157 30 257
dog-newfoundland 0.0043186373 0 49 56 222
dog-staffordshire_bull_terrier 0.0043075304 188 171 215 192
dog-basset_hound 0.004278899 0 273 23 384
dog-miniature_pinscher 0.0042660055 141 0 375 260
dog-yorkshire_terrier 0.004258362 83 8 375 310
dog-staffordshire_bull_terrier 0.00409889 0 196 25 302
dog-newfoundland 0.004056052 0 159 48 350
dog-miniature_pinscher 0.004048127 4 0 99 54
dog-beagle 0.0040105125 60 184 147 237
cat-Bombay 0.004002494 0 196 25 302
cat-Bombay 0.0039882227 0 172 26 274
dog-miniature_pinscher 0.003930071 1 53 60 214
dog-german_shorthaired 0.003900215 0 78 53 255
dog-miniature_pinscher 0.0038855153 16 1 132 69
dog-basset_hound 0.0038843697 0 248 24 350
dog-american_pit_bull_terrier 0.0038151897 0 46 65 224
cat-Siamese 0.003814039 133 178 234 276
dog-samoyed 0.0038112465 133 178 234 276
dog-newfoundland 0.0037546756 0 75 62 263
cat-Bengal 0.003736201 0 172 26 274
cat-Bengal 0.0036940638 0 196 25 302
cat-Maine_Coon 0.0036482308 0 10 74 66
dog-basset_hound 0.00364429 133 178 234 276
dog-miniature_pinscher 0.0036242728 83 8 375 310
dog-wheaten_terrier 0.0036148606 257 0 351 57
cat-Russian_Blue 0.0035723604 163 0 269 37
cat-Egyptian_Mau 0.0035676514 0 183 25 285
dog-chihuahua 0.0035655247 108 0 375 254
dog-miniature_pinscher 0.0035552466 1 31 60 161
bella 0.0035407112 2 235 25 344
dog-german_shorthaired 0.003526011 1 31 60 161
dog-english_cocker_spaniel 0.0034756318 133 178 234 276
cat-Birman 0.0034618175 198 397 375 498
cat-Bengal 0.0034587244 0 273 23 384
dog-basset_hound 0.0034460202 348 353 373 456
dog-yorkshire_terrier 0.003424023 0 196 25 302
dog-miniature_pinscher 0.0034215723 0 196 25 302
