dog-american_bulldog 0.78107834 156 39 293 165
dog-american_pit_bull_terrier 0.67545456 157 40 293 165
dog-english_setter 0.12645154 157 40 293 165
dog-saint_bernard 0.07779842 156 39 293 165
cat-Siamese 0.06497829 0 384 101 499
dog-leonberger 0.05488201 158 39 294 164
dog-beagle 0.043658387 159 37 292 168
dog-staffordshire_bull_terrier 0.03694472 158 35 291 170
dog-shiba_inu 0.03417821 0 385 97 498
dog-boxer 0.032649834 157 40 293 165
dog-shiba_inu 0.031055532 159 37 292 168
dog-great_pyrenees 0.027356472 156 38 294 164
cat-Ragdoll 0.02177182 231 39 256 57
dog-american_bulldog 0.019904695 0 385 97 498
dog-keeshond 0.01699442 159 37 292 168
dog-boxer 0.016624479 0 385 97 498
dog-pug 0.014322624 159 37 292 168
cat-Russian_Blue 0.013878565 0 0 85 39
cat-Egyptian_Mau 0.01296897 0 385 97 498
cat-Sphynx 0.012667884 0 385 97 498
bella 0.012604903 159 34 289 168
dog-boxer 0.01241872 0 297 25 385
cat-Siamese 0.012013553 8 365 167 500
dog-american_bulldog 0.011442758 0 146 121 492
dog-pomeranian 0.011216126 159 37 292 168
cat-Egyptian_Mau 0.011010372 0 0 85 39
cat-Russian_Blue 0.010849232 0 385 97 498
cat-Birman 0.010759583 0 385 97 498
cat-Bombay 0.01062797 321 0 374 41
cat-Siamese 0.009314398 0 371 127 500
cat-Ragdoll 0.008502616 240 38 265 59
cat-Sphynx 0.008180931 143 28 285 162
dog-keeshond 0.007991207 0 385 97 498
dog-chihuahua 0.0076394225 159 37 292 168
cat-Egyptian_Mau 0.0072723245 0 0 49 42
cat-British_Shorthair 0.00726612 159 34 289 168
cat-Russian_Blue 0.007005799 13 0 118 36
dog-staffordshire_bull_terrier 0.0068719247 0 371 127 500
dog-beagle 0.0066762413 0 297 25 385
dog-staffordshire_bull_terrier 0.0065888762 0 385 97 498
dog-american_bulldog 0.006538196 153 32 360 461
cat-Bombay 0.006415127 0 0 113 54
dog-american_bulldog 0.0063865264 0 305 25 401
dog-shiba_inu 0.0062177703 0 371 127 500
cat-Russian_Blue 0.0059558777 0 0 49 42
cat-Bengal 0.005927548 0 0 85 39
dog-leonberger 0.005823404 0 385 97 498
cat-Siamese 0.0058209808 271 0 332 33
cat-Bengal 0.0057546343 0 0 49 42
dog-pomeranian 0.005747919 0 385 97 498
cat-British_Shorthair 0.0056911283 0 385 97 498
cat-Bengal 0.0056618224 0 391 96 500
cat-Ragdoll 0.005654238 0 385 97 498
dog-american_pit_bull_terrier 0.0056320303 0 371 127 500
dog-american_bulldog 0.005566353 63 33 331 326
dog-saint_bernard 0.005549717 0 385 97 498
dog-american_bulldog 0.005448192 149 8 375 359
dog-boxer 0.0054451777 125 332 172 364
dog-shiba_inu 0.0054176906 22 10 279 191
cat-Birman 0.005390084 227 39 252 57
dog-samoyed 0.0053789397 0 385 97 498
dog-american_pit_bull_terrier 0.005374258 0 385 97 498
dog-boxer 0.0052900054 146 40 181 78
dog-basset_hound 0.005254388 0 385 97 498
dog-american_pit_bull_terrier 0.0051971655 0 146 121 492
dog-staffordshire_bull_terrier 0.005156425 0 133 138 500
dog-newfoundland 0.0051395306 159 34 289 168
cat-Egyptian_Mau 0.005128629 352 116 375 222
dog-samoyed 0.0050876485 156 38 294 164
cat-Siamese 0.005075787 159 37 292 168
dog-pug 0.0050725085 0 385 97 498
cat-Sphynx 0.0050159325 53 13 276 173
dog-english_cocker_spaniel 0.005002396 156 38 294 164
dog-boxer 0.0049629402 0 371 127 500
dog-chihuahua 0.0049327607 0 385 97 498
cat-Siamese 0.0049309046 278 0 341 26
dog-beagle 0.0049127475 0 385 97 498
dog-leonberger 0.004859372 273 200 297 253
cat-Siamese 0.004828537 258 2 314 36
dog-leonberger 0.0048102867 168 43 308 347
bella 0.004743761 1 307 25 398
cat-Siamese 0.0046785707 260 0 313 25
cat-Bengal 0.0046702423 351 88 375 198
dog-saint_bernard 0.004658487 281 175 302 196
dog-basset_hound 0.004621748 148 39 281 181
cat-Maine_Coon 0.004509322 0 385 97 498
dog-staffordshire_bull_terrier 0.004496328 213 34 239 55
dog-basset_hound 0.0044929716 179 209 194 242
cat-Bombay 0.004448124 286 0 352 28
dog-staffordshire_bull_terrier 0.004324926 0 297 25 385
cat-Bengal 0.0042777434 299 0 375 43
dog-boxer 0.004235916 120 332 155 363
dog-american_bulldog 0.00421888 231 39 256 57
cat-Bombay 0.0042105764 0 385 97 498
cat-Ragdoll 0.0041643158 222 40 247 58
cat-Siamese 0.0041589746 275 0 353 37
dog-american_bulldog 0.0041176416 154 38 285 335
dog-wheaten_terrier 0.004092275 156 38 294 164
dog-boxer 0.0040702843 153 60 375 500
dog-newfoundland 0.0040571443 151 120 206 268
