dog-boxer 0.7438743 47 12 252 190
dog-american_pit_bull_terrier 0.55084985 47 12 252 190
dog-staffordshire_bull_terrier 0.3137252 47 12 252 190
dog-american_bulldog 0.15193084 47 12 252 190
dog-saint_bernard 0.06811799 41 13 248 192
dog-beagle 0.06615263 45 13 254 189
dog-pug 0.0555185 49 12 255 190
dog-german_shorthaired 0.041996926 36 14 260 199
dog-leonberger 0.022851638 45 13 254 189
dog-basset_hound 0.02234812 36 14 260 199
dog-newfoundland 0.019260561 45 13 254 189
bella 0.018413119 36 14 260 199
dog-miniature_pinscher 0.017491898 0 9 262 186
cat-Sphynx 0.016897034 0 9 262 186
cat-Birman 0.016169181 36 14 260 199
cat-Egyptian_Mau 0.014609092 0 9 262 186
dog-yorkshire_terrier 0.014236257 10 0 91 19
cat-Bengal 0.013884231 0 9 262 186
dog-leonberger 0.013368299 281 69 299 96
dog-shiba_inu 0.013146617 0 9 262 186
dog-english_setter 0.013064333 36 14 260 199
cat-Bombay 0.011670515 0 9 262 186
dog-leonberger 0.011607237 280 64 299 88
dog-american_pit_bull_terrier 0.011576926 0 0 75 19
dog-pug 0.010995013 11 1 94 25
cat-British_Shorthair 0.010586371 0 9 262 186
cat-Siamese 0.010536243 36 14 260 199
dog-leonberger 0.009997805 0 104 18 147
dog-american_pit_bull_terrier 0.009808423 11 1 94 25
dog-boxer 0.009019879 0 24 265 199
cat-Abyssinian 0.00892757 36 14 260 199
cat-Russian_Blue 0.008190118 0 9 262 186
dog-yorkshire_terrier 0.007862083 25 0 104 23
dog-english_cocker_spaniel 0.007716536 0 9 262 186
dog-english_setter 0.007667203 91 106 125 143
dog-great_pyrenees 0.0076244646 0 9 262 186
dog-havanese 0.007542217 10 0 91 19
dog-miniature_pinscher 0.0073361006 11 1 94 25
cat-Ragdoll 0.007262455 36 14 260 199
dog-yorkshire_terrier 0.0072160396 0 9 262 186
dog-chihuahua 0.0070782145 0 9 262 186
cat-British_Shorthair 0.006976007 142 24 162 29
dog-japanese_chin 0.0069552665 280 71 299 103
cat-Bombay 0.006690692 142 0 164 4
cat-Egyptian_Mau 0.006619023 0 96 19 136
dog-saint_bernard 0.006607583 0 99 19 142
dog-pomeranian 0.006348092 27 0 105 20
dog-basset_hound 0.0063050753 0 99 19 142
cat-Birman 0.0062891035 283 73 300 102
cat-Ragdoll 0.006190737 0 99 19 142
dog-keeshond 0.0058815368 0 9 262 186
cat-Persian 0.005705177 36 14 260 199
dog-leonberger 0.005649489 0 96 19 136
dog-pug 0.0055947537 0 0 75 19
dog-miniature_pinscher 0.0055744164 46 16 248 149
dog-pug 0.005439267 27 0 105 20
dog-havanese 0.005427811 36 14 260 199
dog-leonberger 0.0053640692 281 73 299 111
dog-japanese_chin 0.005342453 0 104 18 147
cat-Bombay 0.0053376104 146 0 198 11
dog-boxer 0.0053055678 0 0 73 21
dog-staffordshire_bull_terrier 0.005108957 0 24 265 199
dog-leonberger 0.0051031266 283 57 300 82
dog-japanese_chin 0.0050468575 41 13 248 192
dog-leonberger 0.0050055655 283 73 300 102
dog-chihuahua 0.0049431166 10 0 91 19
dog-miniature_pinscher 0.0048799035 0 0 75 19
cat-Bombay 0.0048669414 224 0 283 11
dog-yorkshire_terrier 0.004748128 0 0 77 24
dog-leonberger 0.004742118 279 54 299 81
dog-german_shorthaired 0.004712962 196 20 246 80
dog-staffordshire_bull_terrier 0.004663509 63 20 237 115
dog-beagle 0.0046160836 0 24 265 199
dog-american_pit_bull_terrier 0.0045582186 0 24 265 199
cat-Maine_Coon 0.0045156768 0 9 262 186
dog-great_pyrenees 0.004467555 11 1 94 25
cat-Siamese 0.004417361 216 0 275 11
dog-keeshond 0.004393636 10 0 91 19
dog-leonberger 0.0043866057 0 0 73 21
dog-american_pit_bull_terrier 0.0043632085 27 0 105 20
cat-Birman 0.0043443306 281 73 299 111
dog-yorkshire_terrier 0.004342493 44 0 118 22
dog-great_pyrenees 0.004315346 283 57 300 82
dog-leonberger 0.004295711 10 0 91 19
dog-chihuahua 0.004258136 292 91 300 105
cat-Egyptian_Mau 0.004217015 0 104 18 147
dog-yorkshire_terrier 0.0042022853 0 0 106 51
dog-wheaten_terrier 0.00417432 0 9 262 186
dog-great_pyrenees 0.004165378 222 0 296 22
cat-Birman 0.0040998766 27 0 105 20
dog-boxer 0.004080329 196 20 246 80
dog-leonberger 0.0040301573 0 24 265 199
dog-staffordshire_bull_terrier 0.003983458 151 40 171 50
bella 0.00390971 1 97 18 136
cat-Siamese 0.0038955219 220 3 293 30
dog-newfoundland 0.003855825 0 0 75 19
dog-scottish_terrier 0.0038319337 59 15 258 138
dog-japanese_chin 0.0038167762 281 67 300 97
dog-miniature_pinscher 0.0038031044 82 0 104 5
dog-havanese 0.0037821825 0 0 77 24
