dog-american_bulldog 0.84333277 57 44 463 321
dog-shiba_inu 0.19478439 57 44 463 321
dog-staffordshire_bull_terrier 0.10207887 57 44 463 321
dog-pomeranian 0.029214554 34 0 474 311
cat-Ragdoll 0.028092625 34 0 474 311
dog-american_pit_bull_terrier 0.026395112 45 52 468 333
dog-samoyed 0.021639064 34 0 474 311
bella 0.020294908 57 44 463 321
cat-Egyptian_Mau 0.01952826 0 29 459 316
dog-beagle 0.018945588 0 29 459 316
dog-yorkshire_terrier 0.01767271 386 126 485 270
dog-great_pyrenees 0.016656205 34 0 474 311
dog-keeshond 0.013588879 34 0 474 311
dog-samoyed 0.012685734 0 60 462 333
dog-keeshond 0.012357359 282 0 414 32
cat-Maine_Coon 0.0118143335 304 0 432 26
dog-newfoundland 0.0114839375 0 184 31 255
dog-english_cocker_spaniel 0.010209566 210 98 247 107
cat-Maine_Coon 0.0096324375 0 29 459 316
dog-american_pit_bull_terrier 0.009581611 441 42 500 150
cat-Siamese 0.009560749 34 0 474 311
dog-pug 0.009453935 34 0 474 311
dog-yorkshire_terrier 0.009282846 263 1 421 39
dog-boxer 0.009184894 480 249 498 268
dog-chihuahua 0.009044343 385 63 500 239
cat-Persian 0.008773243 282 0 414 32
dog-english_cocker_spaniel 0.008726629 211 93 247 106
dog-yorkshire_terrier 0.008623652 192 2 396 64
dog-keeshond 0.008055557 0 60 462 333
dog-wheaten_terrier 0.008043442 256 55 286 63
dog-chihuahua 0.008019421 0 29 459 316
dog-pomeranian 0.008007156 0 0 154 67
dog-american_pit_bull_terrier 0.0079417005 386 126 485 270
cat-Persian 0.007919949 211 294 244 304
dog-yorkshire_terrier 0.007908706 293 0 423 27
cat-Birman 0.007866064 251 0 411 35
dog-american_bulldog 0.0075970134 0 0 422 307
cat-Sphynx 0.007567466 0 60 462 333
dog-yorkshire_terrier 0.007421854 199 0 416 45
dog-american_bulldog 0.0073705725 213 104 446 301
cat-Birman 0.007348198 280 0 420 27
dog-saint_bernard 0.0071785166 0 29 459 316
dog-english_cocker_spaniel 0.006953956 205 87 240 104
cat-Siamese 0.0068455376 0 60 462 333
cat-Ragdoll 0.006822833 0 60 462 333
dog-yorkshire_terrier 0.006810334 368 130 455 269
dog-yorkshire_terrier 0.0067779184 307 0 447 33
cat-British_Shorthair 0.0064642034 0 60 462 333
dog-leonberger 0.00640858 0 60 462 333
dog-american_pit_bull_terrier 0.006389877 385 63 500 239
cat-Bengal 0.0063651875 0 60 462 333
dog-yorkshire_terrier 0.006287339 3 1 191 68
dog-leonberger 0.0062363697 291 95 389 132
cat-Birman 0.0060870666 34 0 474 311
dog-english_cocker_spaniel 0.005973089 223 98 260 108
cat-Bengal 0.005960608 293 0 423 27
dog-chihuahua 0.005925449 386 126 485 270
cat-Persian 0.0058609913 198 297 233 306
bella 0.005638036 1 89 32 145
dog-yorkshire_terrier 0.005577695 329 1 472 41
cat-Persian 0.0055747577 223 294 255 303
cat-Russian_Blue 0.0054752068 252 0 409 28
dog-keeshond 0.005464465 228 0 398 35
cat-Egyptian_Mau 0.0054557235 0 101 32 157
dog-yorkshire_terrier 0.0054210266 0 0 372 95
dog-yorkshire_terrier 0.005335995 376 32 500 210
dog-pomeranian 0.0053247446 0 60 462 333
dog-boxer 0.0053045508 63 24 500 318
dog-boxer 0.005187569 0 60 462 333
dog-english_cocker_spaniel 0.005125764 28 176 57 188
dog-english_cocker_spaniel 0.005098108 210 100 248 112
cat-Bombay 0.005071371 293 0 423 27
dog-pomeranian 0.0050193085 101 45 500 297
cat-Persian 0.004921964 210 297 246 305
dog-havanese 0.0049092895 34 0 474 311
cat-Abyssinian 0.0049047726 293 0 423 27
dog-shiba_inu 0.0048492374 0 102 439 333
dog-chihuahua 0.0048167394 355 102 500 260
dog-scottish_terrier 0.004777997 0 60 462 333
dog-pug 0.004777083 0 0 182 72
cat-Egyptian_Mau 0.00473336 235 110 272 120
dog-american_pit_bull_terrier 0.00472032 355 102 500 260
dog-miniature_pinscher 0.0046326416 1 87 14 120
dog-samoyed 0.0046262983 101 45 500 297
dog-basset_hound 0.0046212724 472 96 500 155
dog-yorkshire_terrier 0.0046187374 0 184 31 255
dog-newfoundland 0.0045639533 0 169 31 232
cat-Birman 0.004497536 217 0 310 21
dog-newfoundland 0.004483959 0 204 31 271
dog-american_pit_bull_terrier 0.004459539 403 114 499 247
dog-american_pit_bull_terrier 0.0044276314 336 56 478 246
cat-Birman 0.004408943 208 0 333 27
dog-newfoundland 0.0043388847 0 143 31 211
cat-Maine_Coon 0.004316737 333 0 469 26
dog-american_pit_bull_terrier 0.0042696856 401 137 500 299
cat-Persian 0.0042680623 316 0 449 26
dog-american_bulldog 0.0042258305 0 102 439 333
dog-shiba_inu 0.0042054756 0 0 422 307
cat-Russian_Blue 0.004188659 34 0 474 311
cat-Maine_Coon 0.004130934 223 294 255 303
