dog-american_pit_bull_terrier 0.95890373 44 21 139 107
dog-chihuahua 0.2975083 44 21 138 107
dog-staffordshire_bull_terrier 0.2878796 44 21 139 107
dog-pug 0.10951819 44 22 139 108
dog-miniature_pinscher 0.07638708 44 21 140 107
dog-leonberger 0.03159519 44 21 139 107
dog-yorkshire_terrier 0.021957982 44 22 139 108
dog-shiba_inu 0.020552991 44 21 138 107
dog-pomeranian 0.015423908 44 22 139 108
dog-pug 0.013954601 22 0 140 110
dog-scottish_terrier 0.011791204 44 20 139 107
dog-boxer 0.010142104 44 20 140 108
dog-pug 0.009002952 0 13 139 119
dog-miniature_pinscher 0.008854165 0 13 139 119
dog-newfoundland 0.008325431 44 20 140 108
dog-american_pit_bull_terrier 0.008233095 0 13 139 119
dog-yorkshire_terrier 0.007937942 43 13 300 159
dog-american_bulldog 0.007894306 44 20 140 108
cat-Siamese 0.007875689 44 21 138 107
dog-shiba_inu 0.0068836506 0 13 139 119
dog-yorkshire_terrier 0.0067756334 0 13 139 119
dog-american_bulldog 0.0057315966 0 13 139 119
bella 0.0056888433 0 146 20 185
dog-yorkshire_terrier 0.0056822714 192 0 300 60
cat-Bengal 0.005527065 0 13 139 119
dog-english_cocker_spaniel 0.0054040775 0 13 139 119
dog-american_pit_bull_terrier 0.0053086635 39 0 155 112
dog-pug 0.0052422117 43 13 300 159
dog-chihuahua 0.0051939264 22 0 140 110
dog-english_setter 0.0050401553 44 20 140 108
dog-keeshond 0.0049712807 44 21 138 107
dog-chihuahua 0.0049277497 0 13 139 119
bella 0.0048300857 284 132 300 179
dog-wheaten_terrier 0.004826331 197 123 228 136
dog-wheaten_terrier 0.004801292 190 123 221 137
cat-Bombay 0.0046796496 0 170 83 252
dog-yorkshire_terrier 0.0046216515 224 21 300 149
dog-newfoundland 0.004608185 0 13 139 119
dog-havanese 0.004607647 163 121 182 128
dog-leonberger 0.004539621 148 116 173 134
dog-yorkshire_terrier 0.0045294827 78 0 300 121
cat-British_Shorthair 0.0041041486 216 21 240 28
dog-havanese 0.0041017365 167 121 186 128
cat-Bombay 0.00408913 0 13 139 119
dog-scottish_terrier 0.0038667324 0 13 139 119
cat-Sphynx 0.003787155 44 22 139 108
cat-Sphynx 0.0037578482 0 21 136 112
dog-havanese 0.0037262654 197 117 267 151
dog-havanese 0.0036878337 215 32 300 196
dog-havanese 0.0036812378 224 21 300 149
dog-wheaten_terrier 0.0036754834 219 76 300 133
dog-american_pit_bull_terrier 0.003651822 261 108 300 186
dog-yorkshire_terrier 0.0036405171 141 0 300 72
bella 0.003635201 285 159 300 202
dog-havanese 0.0035929026 157 120 179 128
cat-Bombay 0.0035761779 0 198 45 252
dog-wheaten_terrier 0.0034866752 218 114 288 153
dog-great_pyrenees 0.0034709563 0 13 139 119
bella 0.0034470179 285 145 300 192
cat-Persian 0.003386 276 0 300 56
cat-British_Shorthair 0.0033829503 103 225 125 232
dog-leonberger 0.0033084925 278 26 300 78
dog-newfoundland 0.0032996782 163 121 182 128
dog-wheaten_terrier 0.0032944304 205 121 235 136
dog-wheaten_terrier 0.0032831375 178 123 206 137
dog-great_pyrenees 0.003246559 197 117 267 151
dog-havanese 0.003244338 78 0 300 121
dog-great_pyrenees 0.0032070396 219 76 300 133
cat-British_Shorthair 0.0032023692 100 223 122 229
dog-keeshond 0.0031944625 0 13 139 119
dog-miniature_pinscher 0.0031594124 180 191 209 205
dog-havanese 0.003104237 0 13 139 119
dog-saint_bernard 0.003045516 83 125 118 143
dog-miniature_pinscher 0.0030360578 0 165 8 190
dog-saint_bernard 0.003018928 98 125 125 143
dog-english_cocker_spaniel 0.0030013337 115 200 140 206
cat-British_Shorthair 0.0029960792 209 130 226 138
dog-pomeranian 0.0029870833 78 0 300 121
dog-leonberger 0.0029344943 195 151 228 166
dog-boxer 0.0029340184 0 13 139 119
cat-Siamese 0.0029279606 0 13 139 119
dog-leonberger 0.0029129703 158 121 187 135
dog-leonberger 0.002862522 276 18 299 70
cat-British_Shorthair 0.002834932 206 128 223 136
dog-miniature_pinscher 0.0027519567 0 0 166 105
dog-staffordshire_bull_terrier 0.00274832 216 21 240 28
dog-american_pit_bull_terrier 0.00271753 257 89 300 170
dog-wheaten_terrier 0.0027152176 197 117 267 151
dog-staffordshire_bull_terrier 0.0027129604 222 134 237 142
dog-staffordshire_bull_terrier 0.0026725205 225 136 240 144
dog-yorkshire_terrier 0.0026643341 168 119 186 126
cat-Bengal 0.002659124 122 196 143 203
dog-yorkshire_terrier 0.0026480777 215 32 300 196
dog-leonberger 0.00263822 168 122 197 136
cat-Persian 0.0026154388 0 13 139 119
dog-havanese 0.0026090182 219 76 300 133
dog-leonberger 0.0026027297 147 109 174 129
dog-leonberger 0.0025911382 178 123 206 137
dog-great_pyrenees 0.002558166 47 21 144 105
dog-leonberger 0.002540496 151 119 180 134
