dog-staffordshire_bull_terrier 0.6258176 140 123 351 277
dog-american_bulldog 0.2667572 140 123 351 277
dog-american_pit_bull_terrier 0.070819266 140 123 351 277
dog-boxer 0.068722256 140 123 351 277
dog-beagle 0.063480064 140 123 351 277
bella 0.038242448 140 123 351 277
dog-german_shorthaired 0.019477354 437 201 498 299
cat-Russian_Blue 0.019338524 121 79 346 276
dog-basset_hound 0.01922094 135 115 364 279
dog-german_shorthaired 0.017378539 140 123 351 277
dog-shiba_inu 0.017255316 121 79 346 276
dog-yorkshire_terrier 0.016299197 35 0 379 168
cat-Birman 0.016239718 246 0 426 39
dog-boxer 0.016192941 0 67 361 298
cat-Bombay 0.013927052 26 0 170 43
cat-Siamese 0.013042052 121 79 346 276
dog-yorkshire_terrier 0.011911149 74 0 444 120
cat-Sphynx 0.011724903 121 79 346 276
cat-Birman 0.011672743 202 0 375 38
dog-pug 0.011492509 121 79 346 276
cat-Sphynx 0.010885952 0 67 361 298
dog-pug 0.01074826 146 76 500 288
cat-Birman 0.010661973 295 0 475 39
dog-american_pit_bull_terrier 0.010378197 146 76 500 288
cat-Bombay 0.010107257 44 2 210 54
dog-boxer 0.0095320465 146 76 500 288
dog-pug 0.009079854 0 4 348 258
dog-yorkshire_terrier 0.007741378 0 0 318 116
dog-american_bulldog 0.0076365275 146 76 500 288
dog-leonberger 0.007562003 121 79 346 276
dog-keeshond 0.0075498093 224 0 400 38
dog-leonberger 0.0075032986 119 203 152 284
cat-Egyptian_Mau 0.007391209 121 79 346 276
dog-yorkshire_terrier 0.0073644803 224 0 500 89
cat-Persian 0.007100539 422 1 500 35
cat-Russian_Blue 0.00696368 221 0 394 38
dog-boxer 0.006859307 45 129 311 300
dog-boxer 0.006847726 93 83 377 278
cat-Siamese 0.0067917206 202 0 375 38
dog-havanese 0.0066295876 224 0 500 89
cat-Birman 0.0062903133 348 0 500 41
cat-Ragdoll 0.0062343245 121 79 346 276
dog-american_bulldog 0.0061658234 0 67 361 298
cat-British_Shorthair 0.006152045 0 67 361 298
dog-boxer 0.006122555 303 195 337 205
dog-japanese_chin 0.0056843623 89 0 388 254
cat-British_Shorthair 0.0056693624 303 195 337 205
cat-Birman 0.0056383517 121 79 346 276
cat-British_Shorthair 0.005482788 124 124 350 284
cat-British_Shorthair 0.0054131295 45 129 311 300
cat-Siamese 0.005317996 246 0 426 39
cat-Persian 0.005310739 348 0 500 41
cat-Egyptian_Mau 0.0052560084 0 311 116 375
dog-staffordshire_bull_terrier 0.00524726 87 60 325 268
cat-Birman 0.0051449486 152 0 325 38
dog-basset_hound 0.004943527 445 202 500 301
dog-yorkshire_terrier 0.0049188775 105 0 486 167
dog-beagle 0.004916341 0 67 361 298
dog-english_setter 0.0048921937 121 79 346 276
dog-staffordshire_bull_terrier 0.0048917313 45 129 311 300
dog-great_pyrenees 0.0048521464 157 0 500 211
cat-Egyptian_Mau 0.0047629266 0 273 181 375
dog-chihuahua 0.0047158236 146 76 500 288
dog-staffordshire_bull_terrier 0.004711142 303 195 337 205
dog-japanese_chin 0.0046750414 157 0 500 211
dog-basset_hound 0.0046120496 0 67 361 298
cat-Russian_Blue 0.004506362 257 0 430 32
dog-pug 0.00446147 0 0 326 203
dog-yorkshire_terrier 0.004442475 44 13 338 230
dog-german_shorthaired 0.004409431 1 259 36 331
dog-havanese 0.004376758 126 0 500 118
cat-Sphynx 0.004280592 146 76 500 288
dog-german_shorthaired 0.0042746044 45 129 311 300
dog-havanese 0.0042268666 89 0 388 254
cat-Persian 0.00420298 421 0 500 60
dog-leonberger 0.0041898293 256 0 430 37
dog-basset_hound 0.0041376897 45 129 311 300
dog-basset_hound 0.004108546 456 213 500 295
dog-staffordshire_bull_terrier 0.0040598847 284 190 327 204
dog-yorkshire_terrier 0.004055033 333 0 500 84
cat-Bombay 0.004037828 202 0 375 38
dog-german_shorthaired 0.004035079 0 67 361 298
dog-american_pit_bull_terrier 0.0040079094 86 103 392 375
cat-Bombay 0.0040031117 77 0 240 42
cat-Persian 0.0039445898 246 0 426 39
dog-english_cocker_spaniel 0.0039333943 135 115 364 279
cat-British_Shorthair 0.0038834566 312 196 340 206
cat-Siamese 0.0038701096 146 76 500 288
cat-Egyptian_Mau 0.0038028485 0 299 73 375
dog-keeshond 0.0037967241 270 0 451 39
dog-beagle 0.0037856086 146 76 500 288
dog-japanese_chin 0.003783751 135 14 500 264
dog-miniature_pinscher 0.0037827452 146 76 500 288
dog-yorkshire_terrier 0.003745785 224 0 400 38
dog-newfoundland 0.0037436667 0 4 348 258
dog-saint_bernard 0.0037324207 135 115 364 279
dog-pomeranian 0.00368542 224 0 400 38
dog-miniature_pinscher 0.0036751374 121 79 346 276
dog-chihuahua 0.003663266 121 79 346 276
dog-american_bulldog 0.0036629427 93 83 377 278
