dog-american_bulldog 0.9503461 182 60 408 258
dog-saint_bernard 0.36655486 182 60 408 258
dog-great_pyrenees 0.13456686 182 61 407 257
dog-boxer 0.06948647 181 60 409 258
dog-beagle 0.06699078 182 61 407 257
dog-american_pit_bull_terrier 0.029531712 182 61 407 257
dog-american_bulldog 0.028264547 211 141 385 261
dog-japanese_chin 0.027072582 182 59 406 259
bella 0.024971478 182 61 407 257
dog-leonberger 0.024629233 182 61 407 257
dog-staffordshire_bull_terrier 0.020205034 182 59 406 259
cat-Ragdoll 0.01938094 181 60 409 258
dog-english_setter 0.015991429 182 61 407 257
dog-yorkshire_terrier 0.015824413 4 0 268 72
dog-pug 0.013358075 182 59 406 259
cat-Sphynx 0.012966712 187 61 500 260
cat-Siamese 0.011381935 187 61 500 260
dog-american_bulldog 0.010132808 192 141 305 187
dog-american_bulldog 0.008597345 231 180 376 260
dog-american_bulldog 0.007655986 0 146 164 214
cat-British_Shorthair 0.0076218555 107 75 423 262
dog-newfoundland 0.0075275265 182 59 406 259
dog-shiba_inu 0.0074128946 1 198 107 325
dog-basset_hound 0.006979493 464 193 498 267
cat-British_Shorthair 0.0069312262 187 61 500 260
cat-Birman 0.0069183228 15 0 171 34
cat-Sphynx 0.006669671 0 56 418 273
cat-Birman 0.0062202495 187 61 500 260
dog-boxer 0.0060577486 0 56 418 273
dog-boxer 0.006013073 0 55 245 225
dog-american_bulldog 0.0058309287 181 66 303 177
dog-yorkshire_terrier 0.0055970782 30 0 344 107
cat-Egyptian_Mau 0.005577241 0 212 37 285
dog-havanese 0.005487554 0 196 38 216
dog-american_bulldog 0.005406751 193 103 338 241
cat-British_Shorthair 0.0053509097 0 56 418 273
cat-Persian 0.005149241 4 0 268 72
dog-shiba_inu 0.0050182943 187 61 500 260
cat-Birman 0.0050075036 49 0 226 35
dog-yorkshire_terrier 0.0048448574 0 0 180 76
dog-pug 0.004756967 213 70 229 87
cat-Bombay 0.0047092326 133 0 302 27
dog-pomeranian 0.00470266 182 59 406 259
dog-samoyed 0.004696562 210 64 394 137
dog-american_bulldog 0.0045760227 0 170 148 222
cat-Bombay 0.0044544316 329 0 490 35
dog-american_bulldog 0.0043557654 0 37 425 286
cat-Birman 0.0043306733 329 0 490 35
cat-Birman 0.0042042015 96 0 277 35
dog-boxer 0.0041342154 185 19 500 235
bella 0.004096393 465 134 498 223
dog-basset_hound 0.0040913248 107 75 423 262
cat-Bengal 0.0040422967 0 56 418 273
cat-Bombay 0.004042283 96 0 277 35
dog-basset_hound 0.003955864 462 49 500 143
cat-Bombay 0.0038713838 300 0 465 29
cat-Sphynx 0.003839588 107 75 423 262
cat-Bombay 0.0037342864 184 0 349 27
dog-newfoundland 0.003572423 180 66 394 164
cat-Birman 0.0035606949 177 61 403 250
dog-pomeranian 0.0035121457 337 0 500 82
dog-pug 0.0034937914 0 56 418 273
dog-yorkshire_terrier 0.0034612848 357 0 500 36
dog-yorkshire_terrier 0.003444236 409 0 500 36
cat-Egyptian_Mau 0.0034267644 181 60 408 258
dog-newfoundland 0.0034095254 449 1 500 82
cat-Ragdoll 0.003390487 0 203 41 282
cat-Birman 0.0033575883 2 200 38 254
cat-Birman 0.0032774487 4 0 268 72
cat-Birman 0.00327548 147 0 327 35
dog-basset_hound 0.003229975 0 56 418 273
cat-Birman 0.0031963335 210 64 394 137
dog-saint_bernard 0.003191274 0 146 164 214
dog-basset_hound 0.0031766153 471 203 500 261
cat-Persian 0.0031734942 441 1 499 37
dog-beagle 0.0030834505 0 56 418 273
cat-Bombay 0.003064649 82 0 256 26
dog-yorkshire_terrier 0.0030576452 0 0 254 103
cat-Bombay 0.0030300668 4 0 268 72
cat-Egyptian_Mau 0.002977291 467 210 500 278
dog-american_pit_bull_terrier 0.0029766455 451 147 500 234
cat-Ragdoll 0.002966062 185 19 500 235
dog-pomeranian 0.002961364 209 0 500 114
dog-saint_bernard 0.0029439405 181 66 303 177
cat-Bombay 0.0029237987 147 0 327 35
dog-leonberger 0.0029206087 432 1 500 70
bella 0.0029192702 3 235 48 308
cat-Bombay 0.0029126047 15 0 171 34
cat-Siamese 0.002864992 2 0 143 34
cat-Bombay 0.0028351664 49 0 226 35
cat-Persian 0.002826196 30 0 344 107
bella 0.0028257053 466 73 499 154
dog-yorkshire_terrier 0.0028201 0 0 139 115
dog-staffordshire_bull_terrier 0.0028070894 261 139 292 154
dog-american_pit_bull_terrier 0.0028041466 445 160 500 263
dog-newfoundland 0.0027610376 357 71 398 123
dog-great_pyrenees 0.0027538536 337 0 500 82
cat-Russian_Blue 0.0027142237 187 61 500 260
cat-Bombay 0.0027140947 276 0 450 36
cat-Siamese 0.0027068262 5 167 137 214
