dog-american_pit_bull_terrier 0.9491732 49 18 166 144
dog-american_bulldog 0.60692173 49 18 166 144
dog-shiba_inu 0.07614513 48 18 166 144
dog-pomeranian 0.06369904 49 18 166 144
dog-beagle 0.038251795 50 17 165 144
dog-chihuahua 0.032117303 48 18 166 144
dog-samoyed 0.026868137 50 17 165 144
bella 0.021836571 50 17 165 144
dog-american_bulldog 0.02168167 52 17 211 174
dog-leonberger 0.017865783 59 162 85 185
dog-english_setter 0.015398931 50 17 165 144
dog-pug 0.014436469 51 0 166 146
dog-english_setter 0.010978588 229 7 246 68
dog-staffordshire_bull_terrier 0.010349357 50 17 165 144
bella 0.010168472 227 0 246 64
dog-great_pyrenees 0.010131674 49 18 166 144
dog-boxer 0.009689186 50 17 165 144
cat-Birman 0.009366764 190 254 246 300
dog-scottish_terrier 0.008494459 48 18 166 144
cat-Egyptian_Mau 0.008338018 230 55 245 115
dog-saint_bernard 0.008276837 51 15 173 145
dog-yorkshire_terrier 0.008274646 50 17 165 144
dog-american_bulldog 0.007809668 0 7 190 168
dog-great_pyrenees 0.007791945 163 0 240 36
dog-american_bulldog 0.007507465 0 0 167 132
dog-shiba_inu 0.0073360624 0 7 190 168
cat-Egyptian_Mau 0.0068460694 231 44 246 103
dog-english_setter 0.0068139727 0 7 190 168
dog-shiba_inu 0.0068013156 232 59 246 111
dog-english_setter 0.00678583 226 0 246 63
dog-leonberger 0.006579142 51 15 173 145
cat-Birman 0.0064517753 177 0 221 16
cat-Bengal 0.006353975 0 7 190 168
cat-Egyptian_Mau 0.006310028 0 0 34 16
cat-Siamese 0.006161244 66 5 246 193
dog-american_bulldog 0.006150173 181 151 206 170
dog-miniature_pinscher 0.0060384884 1 14 40 99
dog-american_bulldog 0.0059675314 147 143 171 163
dog-american_pit_bull_terrier 0.005962821 0 7 190 168
cat-Sphynx 0.0059376876 66 5 246 193
cat-Sphynx 0.005858697 203 0 214 11
dog-beagle 0.0058246297 201 0 215 8
dog-boxer 0.0057371543 66 5 246 193
dog-havanese 0.005692664 51 0 166 146
cat-British_Shorthair 0.0056469077 0 7 190 168
cat-Maine_Coon 0.0056145894 0 7 190 168
dog-shiba_inu 0.0055118455 0 0 167 132
dog-english_setter 0.0054945853 232 26 246 79
dog-miniature_pinscher 0.005466757 48 18 166 144
dog-keeshond 0.0054062405 50 17 165 144
cat-Egyptian_Mau 0.005242548 0 7 190 168
dog-american_bulldog 0.005240089 66 5 246 193
cat-Bombay 0.0051972466 137 0 154 7
dog-american_bulldog 0.005136189 146 152 170 169
cat-Bombay 0.004981407 113 0 132 7
bella 0.0048010047 231 10 246 64
cat-Abyssinian 0.0047917753 232 36 246 91
dog-beagle 0.004759451 0 7 190 168
dog-american_pit_bull_terrier 0.004641956 0 0 167 132
dog-miniature_pinscher 0.004629892 10 1 85 43
cat-Persian 0.0046287426 173 0 198 15
dog-beagle 0.0045986194 52 17 211 174
dog-havanese 0.0045726593 0 7 190 168
cat-Abyssinian 0.0044331485 3 0 44 16
cat-Bombay 0.0043535517 24 0 90 21
dog-boxer 0.004334802 52 17 211 174
dog-miniature_pinscher 0.0043312656 0 7 190 168
dog-wheaten_terrier 0.0043188115 0 7 190 168
dog-wheaten_terrier 0.004261473 183 0 246 40
cat-Bombay 0.0042326204 18 1 40 8
dog-boxer 0.004214275 188 206 206 230
cat-Bombay 0.0042016115 7 0 52 16
dog-pomeranian 0.0041920817 75 0 246 150
cat-Ragdoll 0.0041474076 66 5 246 193
cat-Abyssinian 0.004134761 203 0 214 11
cat-Ragdoll 0.0041222945 75 0 246 150
dog-american_pit_bull_terrier 0.0040998044 2 0 66 32
cat-Bengal 0.0040593375 48 18 166 144
dog-beagle 0.004057395 197 0 212 8
dog-boxer 0.0040520625 138 25 155 34
dog-american_bulldog 0.004021357 175 152 199 170
dog-chihuahua 0.0040157363 66 5 246 193
dog-basset_hound 0.0039994954 232 26 246 79
dog-boxer 0.0039685722 173 92 199 113
cat-Abyssinian 0.003963023 197 0 212 8
dog-keeshond 0.003954241 0 7 190 168
dog-leonberger 0.0039539495 0 120 41 171
dog-beagle 0.003907714 232 26 246 79
cat-Birman 0.003902493 75 0 246 150
cat-Egyptian_Mau 0.0038866545 0 0 167 132
cat-Abyssinian 0.003869016 165 0 211 16
cat-Bombay 0.0038299959 131 0 147 7
bella 0.0038240256 232 26 246 79
cat-Birman 0.0037657646 165 0 211 16
dog-boxer 0.003740355 142 26 157 36
dog-boxer 0.0037333157 75 0 246 150
cat-Siamese 0.0037174658 170 0 216 16
bella 0.0036810627 230 57 245 123
cat-Persian 0.003653731 85 0 112 16
cat-Bombay 0.0036516732 23 0 45 8
