dog-american_bulldog 0.9272014 161 7 390 194
dog-staffordshire_bull_terrier 0.3528143 161 8 389 193
dog-beagle 0.2581988 162 8 389 194
dog-boxer 0.22922489 161 8 389 193
dog-american_pit_bull_terrier 0.19304962 161 8 389 193
bella 0.13750876 162 8 389 194
dog-saint_bernard 0.11238116 161 8 389 193
dog-great_pyrenees 0.07776915 162 8 389 194
dog-shiba_inu 0.05984085 162 8 389 194
dog-leonberger 0.056425158 161 8 389 193
dog-english_setter 0.054804176 162 8 389 194
dog-newfoundland 0.042455632 161 8 389 193
dog-german_shorthaired 0.03572614 161 8 389 193
dog-pug 0.035448812 161 8 389 193
dog-boxer 0.03102644 167 0 500 203
cat-Egyptian_Mau 0.023687258 162 8 389 194
cat-Persian 0.023249103 214 0 257 14
cat-Ragdoll 0.020669324 162 8 389 194
dog-american_pit_bull_terrier 0.02053313 167 0 500 203
dog-staffordshire_bull_terrier 0.017718198 167 0 500 203
dog-american_bulldog 0.017179655 167 0 500 203
dog-pug 0.01584212 167 0 500 203
dog-leonberger 0.015005627 73 163 109 195
dog-keeshond 0.014429097 163 2 387 188
dog-basset_hound 0.014364077 162 8 389 194
dog-newfoundland 0.014187256 125 11 383 301
cat-Bombay 0.013984658 104 0 193 22
cat-Siamese 0.013825032 167 0 500 203
cat-Sphynx 0.012608192 167 0 500 203
cat-Maine_Coon 0.011772427 127 0 183 12
cat-British_Shorthair 0.0109914355 161 8 389 193
cat-British_Shorthair 0.010709155 0 0 398 214
dog-chihuahua 0.010634224 167 0 500 203
dog-japanese_chin 0.009925804 0 17 36 79
cat-Birman 0.009014267 163 2 387 188
dog-leonberger 0.008883555 0 15 33 73
cat-Bombay 0.008841156 333 0 375 8
cat-Persian 0.008804969 163 20 387 202
dog-pomeranian 0.008779951 162 8 389 194
cat-Egyptian_Mau 0.0083941035 129 254 351 338
dog-basset_hound 0.008209565 410 212 500 337
dog-japanese_chin 0.0076438445 214 0 257 14
cat-Sphynx 0.0075972793 0 0 398 214
cat-British_Shorthair 0.007402292 167 0 500 203
dog-pug 0.0073732585 214 0 257 14
cat-British_Shorthair 0.007367886 0 0 353 162
dog-leonberger 0.007216234 73 172 108 205
dog-miniature_pinscher 0.0069710608 167 0 500 203
cat-Birman 0.006844802 173 0 500 174
cat-Siamese 0.006712893 100 0 198 23
dog-samoyed 0.006667744 163 2 387 188
cat-Bengal 0.0066411193 106 0 188 19
dog-newfoundland 0.0065265545 415 120 500 292
dog-pug 0.006476995 0 0 398 214
dog-japanese_chin 0.006319132 161 8 389 193
dog-american_bulldog 0.0062035555 0 0 398 214
dog-shiba_inu 0.006072834 167 0 500 203
dog-great_pyrenees 0.006002625 16 0 161 33
cat-Birman 0.005991398 0 288 103 338
cat-Russian_Blue 0.005963824 163 2 387 188
cat-Birman 0.005953817 106 0 188 19
cat-Siamese 0.0059423423 163 2 387 188
cat-Bombay 0.0059210467 81 0 120 8
dog-yorkshire_terrier 0.0058963043 95 0 236 38
dog-boxer 0.0058283415 0 0 398 214
dog-leonberger 0.0057733883 1 29 30 79
cat-Birman 0.0057301354 214 0 257 14
cat-Bombay 0.0055776057 73 0 111 8
cat-Russian_Blue 0.0055023003 100 0 198 23
cat-British_Shorthair 0.0054875226 106 0 188 19
cat-Ragdoll 0.0054822685 170 0 241 20
dog-leonberger 0.005399177 66 7 427 338
dog-beagle 0.005383595 167 0 500 203
dog-japanese_chin 0.005354215 0 4 35 64
cat-Siamese 0.0053449133 100 0 178 18
cat-Bengal 0.0053378004 0 0 398 214
dog-great_pyrenees 0.0052797208 62 0 213 36
cat-Bombay 0.0052719954 127 2 220 23
dog-great_pyrenees 0.0052568433 167 0 500 203
dog-yorkshire_terrier 0.0052251616 102 5 249 56
cat-Bengal 0.0050976025 163 20 387 202
cat-Sphynx 0.0048990715 0 0 353 162
cat-Abyssinian 0.0048821615 106 0 188 19
dog-havanese 0.0048776157 163 2 387 188
dog-american_pit_bull_terrier 0.004825076 125 11 383 301
cat-Siamese 0.0048074066 127 2 220 23
dog-american_pit_bull_terrier 0.004771009 184 53 500 338
cat-Bombay 0.004760793 386 0 463 18
dog-japanese_chin 0.0047159693 2 33 29 80
dog-american_pit_bull_terrier 0.0047006826 411 138 500 311
cat-Siamese 0.004674935 16 0 161 33
dog-american_pit_bull_terrier 0.0046378006 439 131 500 271
dog-yorkshire_terrier 0.0046263267 167 0 500 203
dog-staffordshire_bull_terrier 0.0045663714 125 11 383 301
cat-Bombay 0.004564296 377 0 428 12
dog-american_bulldog 0.004538692 0 0 353 162
cat-Birman 0.0045234775 135 0 218 19
dog-leonberger 0.0045048245 0 119 32 193
dog-shiba_inu 0.0044573043 16 0 161 33
cat-Siamese 0.0043812403 485 3 500 25
