dog-beagle 0.76567024 12 3 399 332
dog-basset_hound 0.70252675 11 1 401 332
dog-german_shorthaired 0.28094614 14 5 399 332
dog-saint_bernard 0.24942675 14 5 399 332
dog-english_setter 0.20084049 14 5 399 332
dog-boxer 0.056173187 14 5 399 332
dog-english_cocker_spaniel 0.039204586 14 5 399 332
cat-Persian 0.027858498 233 0 290 10
bella 0.022549171 14 5 399 332
dog-american_pit_bull_terrier 0.020887682 14 5 399 332
dog-basset_hound 0.0120107 3 148 308 332
cat-Bengal 0.011970817 11 1 401 332
cat-Persian 0.010256107 149 1 204 13
cat-Persian 0.009861886 334 1 371 8
cat-Persian 0.008166995 344 1 385 8
bella 0.007634233 473 52 500 119
cat-Birman 0.0075264466 171 1 224 11
bella 0.0071407836 468 33 497 118
dog-basset_hound 0.0070297965 0 16 341 332
cat-Birman 0.006748214 152 0 238 17
dog-english_setter 0.006689856 339 71 500 328
cat-Abyssinian 0.0064259227 0 0 386 332
cat-Egyptian_Mau 0.006375056 0 3 411 328
cat-Birman 0.0063437177 444 1 500 26
cat-Birman 0.0062822592 186 1 228 9
dog-miniature_pinscher 0.00616193 14 5 399 332
cat-Siamese 0.0060131387 316 0 402 18
cat-Persian 0.0059648617 163 0 249 17
cat-Birman 0.005924345 154 1 217 13
cat-Birman 0.0058000125 357 0 500 36
dog-english_cocker_spaniel 0.005690583 0 205 31 275
cat-Ragdoll 0.005662748 163 0 249 17
cat-Persian 0.0056567104 231 1 276 9
cat-Birman 0.0055718557 175 0 260 17
cat-Birman 0.00533152 340 0 426 18
cat-Persian 0.0053162226 14 0 419 332
dog-japanese_chin 0.005059809 150 1 211 13
cat-Birman 0.0050317766 412 0 500 27
dog-beagle 0.0049939775 0 0 323 290
dog-leonberger 0.004892107 0 3 388 332
cat-Birman 0.0047794753 217 1 257 8
dog-yorkshire_terrier 0.004709291 233 0 290 10
cat-Birman 0.0046860124 388 0 480 18
cat-Persian 0.004679157 255 0 296 9
dog-pug 0.004578041 344 2 500 46
dog-english_setter 0.0044934493 307 37 491 332
dog-miniature_pinscher 0.004482323 0 0 92 37
cat-Birman 0.0044367043 361 0 454 18
cat-Sphynx 0.004360819 0 0 386 332
dog-english_setter 0.004359119 0 16 341 332
cat-Birman 0.004333855 199 0 287 18
dog-german_shorthaired 0.0043137455 270 17 381 163
cat-Ragdoll 0.0043085017 187 0 273 17
cat-Persian 0.0042966027 223 1 264 8
dog-american_pit_bull_terrier 0.004292533 344 2 500 46
dog-english_cocker_spaniel 0.0042739874 226 174 267 202
dog-basset_hound 0.0042356136 47 36 500 332
cat-Siamese 0.0042057913 357 0 500 36
dog-basset_hound 0.0042044935 288 33 461 323
cat-Persian 0.004117804 356 1 399 8
cat-Bengal 0.0040739393 49 6 354 153
dog-german_shorthaired 0.0040680855 304 37 393 174
cat-Birman 0.0040157456 316 0 402 18
bella 0.0040155915 143 144 193 230
dog-english_cocker_spaniel 0.003908321 468 33 497 118
cat-Bengal 0.0039078644 0 0 323 290
cat-Birman 0.0038979352 421 0 496 20
dog-great_pyrenees 0.0038961507 344 2 500 46
dog-german_shorthaired 0.0038895279 0 0 323 290
dog-newfoundland 0.0038894815 0 205 31 275
cat-Persian 0.0038673277 200 0 241 8
dog-miniature_pinscher 0.0038270333 0 0 323 290
bella 0.003824918 464 172 498 245
cat-Siamese 0.003819667 286 0 377 17
cat-Siamese 0.0038166961 317 0 424 24
dog-basset_hound 0.0037529026 2 150 31 221
cat-Birman 0.0037323677 410 0 448 8
dog-english_cocker_spaniel 0.0037220994 0 0 323 290
dog-american_bulldog 0.003717224 0 0 386 332
cat-Egyptian_Mau 0.0037109042 58 8 362 155
dog-basset_hound 0.0036589752 0 0 323 290
dog-miniature_pinscher 0.0036485288 0 0 137 36
dog-basset_hound 0.003626474 0 118 354 332
cat-Birman 0.0036123712 227 1 270 8
cat-Birman 0.0035938343 200 0 241 8
dog-american_pit_bull_terrier 0.0035594162 142 141 193 221
dog-german_shorthaired 0.0035312604 0 205 31 275
dog-samoyed 0.0035104842 82 2 354 100
dog-english_cocker_spaniel 0.0034939542 0 16 341 332
dog-miniature_pinscher 0.0034861648 0 27 15 61
dog-beagle 0.0034376187 0 16 341 332
cat-Birman 0.00340325 364 0 405 8
dog-yorkshire_terrier 0.003402562 18 0 168 36
cat-Persian 0.0033694792 162 1 221 12
cat-Persian 0.0033145752 142 0 227 17
dog-beagle 0.0032941175 73 35 500 293
dog-newfoundland 0.0032614185 14 5 399 332
dog-yorkshire_terrier 0.0032307336 231 1 276 9
cat-Persian 0.00320054 321 1 362 9
cat-Persian 0.0031698174 417 1 456 8
