dog-basset_hound 0.86516947 134 20 396 326
dog-beagle 0.41996303 134 20 396 326
dog-german_shorthaired 0.10056441 137 17 394 321
dog-saint_bernard 0.078892425 135 16 394 318
dog-newfoundland 0.043576177 3 140 69 251
cat-Bengal 0.03786134 135 18 396 328
dog-english_setter 0.03615574 134 20 396 326
dog-boxer 0.027824176 137 17 394 321
cat-Abyssinian 0.027486632 137 17 394 321
cat-Egyptian_Mau 0.019961907 134 20 396 326
dog-english_cocker_spaniel 0.019312145 135 18 397 329
dog-beagle 0.017795844 153 0 500 333
cat-Sphynx 0.01676923 137 17 394 321
dog-miniature_pinscher 0.013174585 137 17 394 321
dog-saint_bernard 0.012440154 1 126 51 205
bella 0.011390421 134 11 397 327
dog-american_pit_bull_terrier 0.010540076 135 18 397 329
cat-Bombay 0.009701181 418 0 500 26
cat-Russian_Blue 0.009620282 137 17 394 321
dog-basset_hound 0.0092965765 153 0 500 333
dog-basset_hound 0.009166707 159 30 383 242
dog-wheaten_terrier 0.008696408 171 0 199 11
dog-beagle 0.008562904 0 14 413 318
dog-leonberger 0.007547827 1 124 42 203
dog-basset_hound 0.0069831912 0 14 413 318
dog-wheaten_terrier 0.0064654043 163 0 193 9
cat-Bengal 0.006029597 0 14 413 318
dog-newfoundland 0.005731719 0 125 35 192
cat-Egyptian_Mau 0.0056886254 0 14 413 318
dog-staffordshire_bull_terrier 0.005565999 282 62 311 96
dog-newfoundland 0.005450215 0 156 32 227
dog-leonberger 0.0053297626 4 133 68 240
dog-basset_hound 0.0052630836 0 134 366 333
cat-British_Shorthair 0.0050420305 120 0 398 304
cat-Ragdoll 0.0049656206 117 34 404 333
cat-Bombay 0.0048512924 128 0 207 17
dog-staffordshire_bull_terrier 0.004791111 120 0 398 304
dog-boxer 0.004758808 214 286 320 327
dog-saint_bernard 0.0047012563 0 14 413 318
dog-basset_hound 0.004602008 163 55 500 333
dog-chihuahua 0.004108343 487 227 500 252
cat-Bombay 0.004049023 120 0 398 304
cat-Bombay 0.003958012 322 0 448 23
dog-scottish_terrier 0.003953163 458 116 498 181
cat-Bengal 0.003877744 0 0 343 177
dog-newfoundland 0.0038421717 0 125 58 227
dog-german_shorthaired 0.0038251088 0 129 35 200
dog-boxer 0.0038223097 0 14 413 318
cat-Bombay 0.0038213546 324 0 419 18
dog-leonberger 0.0037595853 0 121 35 183
cat-Sphynx 0.0037357146 0 46 395 293
dog-american_bulldog 0.003706566 136 19 401 326
dog-beagle 0.0036975 159 30 383 242
dog-beagle 0.0036959383 163 55 500 333
dog-english_setter 0.0036160701 1 126 51 205
dog-havanese 0.0035784743 171 0 199 11
dog-wheaten_terrier 0.0035469872 127 0 155 8
dog-newfoundland 0.0034960816 0 163 62 268
dog-american_pit_bull_terrier 0.0034820123 1 124 42 203
dog-wheaten_terrier 0.003454249 114 0 142 8
dog-american_pit_bull_terrier 0.003450569 4 113 65 221
dog-chihuahua 0.003439475 486 235 500 261
dog-german_shorthaired 0.003374713 3 140 69 251
dog-english_cocker_spaniel 0.0033580621 0 14 413 318
dog-boxer 0.003347422 346 69 375 85
dog-german_shorthaired 0.0032932535 173 24 371 212
cat-Sphynx 0.003277053 0 0 343 177
dog-basset_hound 0.0032432987 10 26 375 333
dog-english_cocker_spaniel 0.0032254204 3 153 71 270
bella 0.0031693713 473 181 500 234
cat-Bengal 0.003168499 48 0 170 31
dog-boxer 0.0031419368 1 126 51 205
dog-wheaten_terrier 0.0031369345 102 0 129 8
dog-beagle 0.0030746036 192 267 353 324
cat-Bombay 0.0030544214 0 0 343 177
dog-german_shorthaired 0.0030392015 0 14 413 318
cat-Abyssinian 0.003027959 487 223 500 248
dog-miniature_pinscher 0.00302615 0 0 190 81
dog-yorkshire_terrier 0.003008741 401 0 500 38
dog-yorkshire_terrier 0.0029954992 126 0 264 39
cat-Bengal 0.0029893692 174 30 346 106
dog-yorkshire_terrier 0.002963581 384 0 500 48
dog-yorkshire_terrier 0.002962571 140 0 309 54
cat-Egyptian_Mau 0.0029538006 471 209 500 269
dog-havanese 0.0029312565 338 322 380 333
dog-chihuahua 0.002925373 487 219 500 244
dog-english_cocker_spaniel 0.0029253017 0 156 32 227
dog-japanese_chin 0.0028813633 46 285 179 332
dog-american_bulldog 0.0028677338 228 267 413 328
dog-newfoundland 0.0028433152 0 174 31 242
dog-boxer 0.0028379965 0 125 35 192
cat-Egyptian_Mau 0.0028174047 159 0 500 260
dog-wheaten_terrier 0.0027721438 140 0 167 8
dog-japanese_chin 0.002768046 32 126 48 147
dog-leonberger 0.002746944 132 126 150 156
cat-Bombay 0.0027408546 303 0 394 18
dog-havanese 0.0027405014 327 322 367 333
dog-miniature_pinscher 0.0027388872 55 0 210 35
cat-Egyptian_Mau 0.0027312743 0 0 343 177
dog-boxer 0.0026603015 33 44 96 63
