dog-german_shorthaired 0.79605186 127 0 357 350
dog-basset_hound 0.34315923 128 3 361 342
dog-english_setter 0.33053938 127 0 357 350
dog-beagle 0.31826392 128 3 361 342
dog-boxer 0.18132047 127 0 357 350
dog-american_pit_bull_terrier 0.13085692 124 0 358 348
dog-saint_bernard 0.12004396 131 7 361 347
dog-newfoundland 0.08801103 127 0 357 350
dog-english_cocker_spaniel 0.07512634 127 0 357 350
dog-miniature_pinscher 0.051617283 128 3 361 342
dog-staffordshire_bull_terrier 0.051227443 126 0 360 355
cat-Bengal 0.03234933 128 3 361 342
dog-leonberger 0.026109237 131 7 361 347
cat-Russian_Blue 0.015675645 128 3 361 342
cat-Russian_Blue 0.015668627 276 251 372 367
dog-american_bulldog 0.015450751 128 3 361 342
dog-german_shorthaired 0.015230159 144 2 334 251
cat-Sphynx 0.0151918745 128 3 361 342
bella 0.013744136 128 3 361 342
cat-Abyssinian 0.01327232 128 3 361 342
dog-yorkshire_terrier 0.013231379 0 0 234 79
cat-British_Shorthair 0.011397555 129 0 360 333
dog-keeshond 0.010305304 188 0 331 43
cat-Birman 0.009800173 364 0 499 38
cat-Bombay 0.009481606 128 3 361 342
dog-beagle 0.009408358 0 0 370 375
dog-english_cocker_spaniel 0.008983616 467 31 499 128
dog-german_shorthaired 0.008694054 0 0 370 375
cat-Persian 0.008361639 456 0 500 74
cat-Bombay 0.00827798 250 0 354 25
dog-english_cocker_spaniel 0.008028074 464 55 500 157
cat-Birman 0.007659758 188 0 331 43
dog-shiba_inu 0.0076385117 172 6 334 64
dog-basset_hound 0.0075590904 83 0 408 375
dog-shiba_inu 0.007458536 175 0 319 42
cat-Siamese 0.007437597 336 0 486 37
dog-great_pyrenees 0.007295495 188 0 331 43
dog-boxer 0.007095326 155 0 500 375
dog-leonberger 0.006797023 0 231 31 276
cat-Persian 0.006784573 436 1 499 36
dog-american_pit_bull_terrier 0.006779909 178 6 334 62
dog-yorkshire_terrier 0.006744801 25 1 217 53
dog-staffordshire_bull_terrier 0.006597718 188 0 331 43
cat-Egyptian_Mau 0.0064633307 175 0 319 42
cat-Bombay 0.0063198186 364 0 499 38
dog-pug 0.006209882 178 6 334 62
cat-Bengal 0.0060203252 0 0 370 375
cat-Russian_Blue 0.0059751505 188 0 331 43
dog-staffordshire_bull_terrier 0.0056682983 178 6 334 62
dog-english_cocker_spaniel 0.005610515 465 7 499 105
dog-german_shorthaired 0.0055627613 188 0 331 43
cat-Bombay 0.005492235 330 0 419 20
dog-saint_bernard 0.005460833 0 0 366 338
cat-Birman 0.0053714216 178 6 334 62
dog-keeshond 0.005366912 178 6 334 62
cat-Bombay 0.0052997502 271 0 363 21
cat-Bombay 0.0052957796 229 0 331 22
dog-beagle 0.0052175955 155 0 500 375
dog-basset_hound 0.005122052 0 41 370 326
dog-english_cocker_spaniel 0.005070185 144 2 334 251
dog-wheaten_terrier 0.005046163 115 0 377 322
dog-english_setter 0.005006532 0 0 370 375
cat-Bombay 0.0049963496 163 0 256 22
cat-Bengal 0.0049261227 175 0 319 42
dog-keeshond 0.0049255197 0 0 158 52
dog-samoyed 0.0048889373 188 0 331 43
dog-scottish_terrier 0.0047822273 178 6 334 62
dog-german_shorthaired 0.004753616 83 0 408 375
dog-scottish_terrier 0.0047462517 0 0 182 81
dog-german_shorthaired 0.0047336835 0 0 349 296
dog-havanese 0.0046831868 115 0 377 322
dog-beagle 0.0046696262 0 0 333 201
dog-english_setter 0.0046539633 161 0 351 244
cat-Egyptian_Mau 0.0046319007 178 6 334 62
dog-american_pit_bull_terrier 0.0045959945 188 0 331 43
dog-american_pit_bull_terrier 0.0045853765 155 0 500 375
dog-american_pit_bull_terrier 0.0045825955 167 42 500 375
cat-Egyptian_Mau 0.004573584 115 0 377 322
dog-beagle 0.004540979 161 0 351 244
dog-german_shorthaired 0.004501007 178 6 334 62
cat-Bombay 0.0044741826 198 1 332 27
cat-Bombay 0.0044739875 184 0 282 22
dog-wheaten_terrier 0.004440029 459 0 500 85
cat-Siamese 0.004414967 317 340 448 371
dog-german_shorthaired 0.004413959 48 0 336 306
dog-american_bulldog 0.0043996996 0 0 333 201
cat-Ragdoll 0.0043863766 114 14 393 375
cat-Sphynx 0.004272026 0 1 365 278
dog-miniature_pinscher 0.00426617 147 0 166 16
cat-Bombay 0.004255601 276 251 372 367
cat-Persian 0.0042426 458 0 500 40
dog-english_cocker_spaniel 0.0042216717 0 5 392 354
dog-basset_hound 0.004199407 0 133 340 375
bella 0.004073226 470 42 500 117
dog-yorkshire_terrier 0.004031063 0 0 215 102
dog-english_cocker_spaniel 0.0040200395 464 86 500 187
cat-British_Shorthair 0.0039877035 188 0 331 43
dog-german_shorthaired 0.0039457236 178 0 351 179
dog-english_setter 0.003932957 83 0 408 375
dog-scottish_terrier 0.0039154803 188 0 331 43
