dog-saint_bernard 0.49903965 85 45 308 275
dog-basset_hound 0.49753043 85 45 308 275
dog-basset_hound 0.26352364 8 40 300 326
dog-boxer 0.056625925 85 45 308 275
dog-german_shorthaired 0.043317784 8 40 300 326
dog-leonberger 0.03562596 105 48 260 214
dog-beagle 0.03223473 85 45 308 275
dog-english_setter 0.0316533 100 48 306 274
dog-german_shorthaired 0.028985232 85 45 308 275
dog-yorkshire_terrier 0.0269147 347 2 500 51
cat-Abyssinian 0.018700488 85 45 308 275
dog-basset_hound 0.016756956 9 127 158 325
cat-Bengal 0.015505257 8 40 300 326
dog-basset_hound 0.013854094 0 42 300 333
cat-British_Shorthair 0.013701374 103 51 306 248
dog-leonberger 0.013604784 98 46 300 267
cat-Siamese 0.013406414 5 0 109 47
dog-yorkshire_terrier 0.013272751 332 0 500 74
dog-newfoundland 0.012766854 94 45 293 243
dog-beagle 0.012657749 8 40 300 326
dog-staffordshire_bull_terrier 0.012081346 161 81 195 95
dog-yorkshire_terrier 0.011941942 320 3 500 71
dog-boxer 0.011132433 8 40 300 326
dog-beagle 0.010774332 294 234 334 288
dog-japanese_chin 0.009593342 85 45 308 275
dog-english_setter 0.009049725 0 50 308 333
cat-Bombay 0.008902969 184 0 323 25
dog-staffordshire_bull_terrier 0.008888435 153 75 189 92
dog-shiba_inu 0.008701219 68 3 207 47
dog-saint_bernard 0.008563491 0 14 317 333
dog-basset_hound 0.008486692 1 179 42 273
cat-Russian_Blue 0.008156719 197 0 348 29
dog-yorkshire_terrier 0.007568454 319 0 500 100
dog-shiba_inu 0.0075536445 18 1 138 43
dog-basset_hound 0.007520117 159 64 331 291
dog-saint_bernard 0.0072358153 0 0 287 277
dog-beagle 0.0072357296 0 42 300 333
dog-basset_hound 0.007190969 294 234 334 288
dog-shiba_inu 0.0070995367 23 0 183 51
dog-basset_hound 0.0070840954 0 164 104 333
cat-Siamese 0.006497648 19 0 141 35
dog-yorkshire_terrier 0.0064800987 401 0 500 40
dog-yorkshire_terrier 0.0064658327 240 0 500 76
cat-Siamese 0.006396395 37 2 179 44
cat-Siamese 0.006386402 187 0 346 33
dog-basset_hound 0.006357483 0 12 281 273
dog-basset_hound 0.0062164655 23 143 254 302
dog-english_setter 0.0061957664 0 42 300 333
dog-basset_hound 0.006178931 43 43 391 333
dog-boxer 0.0061318846 0 173 42 256
dog-basset_hound 0.0059580463 0 204 34 287
dog-miniature_pinscher 0.0058936602 3 159 66 257
dog-yorkshire_terrier 0.005794398 330 4 500 177
cat-Bengal 0.005778876 0 42 300 333
cat-Bengal 0.0056599937 312 236 500 333
dog-german_shorthaired 0.0055976943 0 0 287 277
cat-Bombay 0.005499603 191 0 286 20
cat-Birman 0.0054832413 209 0 371 33
dog-german_shorthaired 0.005270508 0 42 300 333
cat-British_Shorthair 0.005209931 0 0 287 277
cat-Siamese 0.0050995927 0 0 99 39
dog-english_cocker_spaniel 0.004912552 94 45 293 243
cat-Siamese 0.0048710145 148 0 289 35
dog-great_pyrenees 0.00478144 125 0 259 36
dog-pomeranian 0.0047402433 187 0 473 81
cat-Abyssinian 0.0046853903 0 42 300 333
dog-miniature_pinscher 0.004603485 8 40 300 326
dog-yorkshire_terrier 0.004510452 430 0 500 49
dog-english_cocker_spaniel 0.004423237 0 50 308 333
dog-staffordshire_bull_terrier 0.004421524 148 71 181 88
dog-leonberger 0.0044098306 0 42 300 333
cat-Abyssinian 0.0043583433 0 170 42 245
dog-american_bulldog 0.004328036 94 45 293 243
dog-pomeranian 0.0042832 83 3 240 58
cat-Bengal 0.0042783306 0 0 287 277
cat-Egyptian_Mau 0.004244051 0 0 287 277
dog-newfoundland 0.0041999295 110 48 259 195
dog-american_pit_bull_terrier 0.0041996087 94 45 293 243
cat-Egyptian_Mau 0.004167105 0 183 36 262
dog-english_cocker_spaniel 0.0041621826 0 42 300 333
dog-yorkshire_terrier 0.0041364026 332 0 495 39
cat-Bombay 0.004111278 0 0 287 277
cat-Bombay 0.0040703216 211 0 377 27
cat-Abyssinian 0.0040401397 18 1 138 43
dog-pomeranian 0.0040327725 115 0 421 106
dog-saint_bernard 0.003990307 0 42 300 333
cat-Egyptian_Mau 0.0039652106 0 42 300 333
cat-Egyptian_Mau 0.003949087 0 170 111 333
dog-miniature_pinscher 0.0039322926 0 165 72 304
dog-shiba_inu 0.0038551327 66 0 203 36
cat-Siamese 0.0038551015 211 0 377 27
dog-beagle 0.0038425822 0 0 287 277
dog-pomeranian 0.0038415275 97 0 230 36
cat-Abyssinian 0.0038260608 8 40 300 326
dog-miniature_pinscher 0.003817545 128 0 151 12
cat-Bengal 0.0037427722 36 0 135 30
dog-wheaten_terrier 0.003706992 0 0 287 277
cat-Birman 0.0036950784 253 0 424 34
dog-boxer 0.0036661688 197 0 348 29
dog-american_bulldog 0.0036577776 97 0 230 36
