dog-english_setter 0.8036913 186 83 299 200
dog-english_cocker_spaniel 0.6207004 184 83 299 200
dog-basset_hound 0.5894 185 83 299 200
dog-german_shorthaired 0.042878304 186 84 298 199
bella 0.028212475 185 83 299 200
dog-beagle 0.026918728 186 84 298 199
cat-Bengal 0.020833218 186 83 299 200
dog-english_setter 0.016581325 1 60 64 149
cat-Egyptian_Mau 0.011178785 0 146 30 204
cat-Russian_Blue 0.011079572 251 0 408 24
dog-american_pit_bull_terrier 0.010680498 186 84 298 199
cat-British_Shorthair 0.008634956 186 84 298 199
dog-pug 0.00857352 160 93 179 112
dog-wheaten_terrier 0.008547014 186 84 298 199
dog-american_pit_bull_terrier 0.008480827 0 35 68 145
cat-Persian 0.008372595 186 84 298 199
dog-american_pit_bull_terrier 0.007711561 0 10 67 126
dog-basset_hound 0.007602321 183 130 289 201
cat-Bombay 0.0075992104 129 0 292 33
cat-Bombay 0.0074438443 114 0 274 25
dog-pug 0.0071501173 155 100 174 117
dog-newfoundland 0.0067505403 186 84 298 199
dog-yorkshire_terrier 0.0066257794 2 0 268 87
dog-english_cocker_spaniel 0.0066255885 0 0 324 213
cat-Bombay 0.0065338183 419 0 499 27
dog-basset_hound 0.006080236 184 158 268 200
bella 0.005979953 225 136 265 177
dog-english_cocker_spaniel 0.005958758 0 0 328 252
cat-Bombay 0.0059157386 226 0 385 24
dog-saint_bernard 0.0055005522 186 84 298 199
cat-Russian_Blue 0.0054667876 280 0 432 30
dog-english_cocker_spaniel 0.005389089 13 79 297 238
dog-yorkshire_terrier 0.0053635654 349 2 500 46
dog-miniature_pinscher 0.0052979533 186 84 298 199
cat-Bombay 0.005136596 78 0 246 33
dog-yorkshire_terrier 0.005016978 0 0 297 118
cat-Bombay 0.004929277 288 0 449 25
cat-Bombay 0.0049241693 179 0 343 33
cat-Egyptian_Mau 0.0049222885 0 163 27 212
cat-Birman 0.0048469803 332 0 485 33
dog-pug 0.004839511 155 91 175 112
cat-Birman 0.004816152 0 268 85 333
dog-english_cocker_spaniel 0.00479557 190 87 376 207
cat-Siamese 0.0047588437 0 0 134 36
dog-yorkshire_terrier 0.0047361194 52 0 315 155
cat-Birman 0.0044908314 280 0 442 33
cat-Birman 0.0043439614 0 285 107 333
dog-pug 0.004292251 159 99 182 118
dog-yorkshire_terrier 0.004234098 367 0 500 120
dog-english_setter 0.0042299223 1 92 57 155
cat-Bengal 0.004189111 0 0 324 213
dog-american_pit_bull_terrier 0.0041025607 167 66 500 288
cat-Siamese 0.004053612 288 0 449 25
cat-Persian 0.0040005594 54 0 302 94
dog-saint_bernard 0.003989973 188 89 255 150
cat-Bombay 0.003983957 159 0 328 24
cat-Bombay 0.0038751091 27 0 185 25
dog-english_cocker_spaniel 0.003831766 473 205 500 259
cat-Russian_Blue 0.0038172186 48 0 215 25
cat-Bombay 0.0037987118 391 0 464 15
cat-Bombay 0.0037343965 200 0 279 14
dog-yorkshire_terrier 0.003713029 332 0 485 33
dog-yorkshire_terrier 0.0036965215 290 2 500 191
cat-Bombay 0.0036881156 332 0 485 33
dog-yorkshire_terrier 0.0036439141 0 10 67 126
cat-Abyssinian 0.0036390212 185 84 299 201
dog-leonberger 0.003624763 89 84 123 121
dog-yorkshire_terrier 0.0035742314 324 0 500 90
dog-american_bulldog 0.0035562788 99 98 142 169
dog-leonberger 0.0035523186 186 84 298 199
dog-chihuahua 0.003548258 0 0 134 36
dog-english_setter 0.003547215 0 0 324 213
cat-Persian 0.0035398921 0 0 289 195
cat-Maine_Coon 0.0034983214 185 84 299 201
bella 0.0034966315 474 188 500 245
cat-Bombay 0.0034271276 187 85 295 188
cat-Birman 0.0033955132 0 0 134 36
dog-american_pit_bull_terrier 0.0033908754 190 75 500 333
dog-great_pyrenees 0.0033878828 169 0 500 176
dog-boxer 0.0033580717 186 84 298 199
dog-english_setter 0.0033156234 0 81 35 145
dog-leonberger 0.003291202 191 86 288 148
dog-wheaten_terrier 0.0032753646 0 0 324 213
dog-samoyed 0.003224081 199 86 283 121
cat-Birman 0.0032069709 229 0 391 33
cat-Bengal 0.0031889055 199 86 283 121
dog-basset_hound 0.0031881386 0 0 324 213
dog-leonberger 0.0031866129 99 98 142 169
dog-boxer 0.0031710966 303 74 355 110
dog-pomeranian 0.0031658784 54 0 302 94
dog-boxer 0.0031643272 251 0 408 24
cat-Persian 0.0030817827 52 0 315 155
dog-american_pit_bull_terrier 0.0030706776 154 18 500 227
cat-Bombay 0.0030701521 251 0 306 9
dog-miniature_pinscher 0.003052398 0 0 324 213
dog-pomeranian 0.0030291136 164 0 462 124
cat-Bombay 0.002980966 152 0 260 19
cat-Russian_Blue 0.0029388797 197 0 365 24
dog-scottish_terrier 0.002921342 475 171 500 234
dog-leonberger 0.0029089334 190 75 500 333
