dog-basset_hound 0.6565114 213 90 308 162
dog-beagle 0.5101924 213 91 306 160
dog-german_shorthaired 0.37442142 213 90 308 160
dog-boxer 0.19907641 213 90 308 162
dog-saint_bernard 0.05623994 213 90 308 162
dog-english_setter 0.04131964 213 91 306 160
cat-Bengal 0.024460623 213 90 308 162
dog-american_pit_bull_terrier 0.023643052 213 91 306 160
dog-boxer 0.02102973 232 71 483 195
dog-basset_hound 0.018734554 221 81 417 187
cat-Abyssinian 0.017293708 213 90 308 162
dog-german_shorthaired 0.016880535 232 71 483 195
dog-boxer 0.011113426 208 56 315 166
dog-basset_hound 0.010855609 465 31 498 97
dog-boxer 0.0108497385 193 12 500 233
cat-Egyptian_Mau 0.010716791 214 90 307 162
dog-american_pit_bull_terrier 0.010659237 0 12 315 174
dog-boxer 0.009872749 62 20 444 224
cat-Sphynx 0.009627472 214 90 307 162
dog-beagle 0.009548606 62 20 444 224
dog-staffordshire_bull_terrier 0.009543084 259 54 299 68
dog-miniature_pinscher 0.008906979 211 92 308 161
dog-pug 0.008551876 308 120 339 130
dog-american_bulldog 0.008506547 213 91 306 160
dog-beagle 0.0084592225 465 31 498 97
cat-Russian_Blue 0.008269193 214 90 307 162
dog-german_shorthaired 0.007639079 465 31 498 97
dog-basset_hound 0.007462646 219 93 355 171
cat-Russian_Blue 0.0072471206 211 124 265 155
dog-basset_hound 0.0071126707 290 201 326 270
dog-beagle 0.0070832125 193 12 500 233
dog-boxer 0.007039686 34 66 305 174
dog-beagle 0.0067547844 208 56 315 166
dog-boxer 0.006732453 248 98 308 155
dog-boxer 0.006639581 308 120 339 130
dog-basset_hound 0.006352521 208 56 315 166
dog-basset_hound 0.0061862087 62 20 444 224
dog-miniature_pinscher 0.006084286 0 7 284 180
dog-german_shorthaired 0.0059984988 208 56 315 166
cat-Egyptian_Mau 0.0058410736 62 20 444 224
dog-basset_hound 0.005697335 222 66 487 201
dog-beagle 0.005678708 221 81 417 187
cat-Maine_Coon 0.0055618887 203 27 235 43
cat-British_Shorthair 0.005545684 219 48 264 61
cat-British_Shorthair 0.005465787 213 90 308 162
cat-Bengal 0.0050791116 232 71 483 195
dog-saint_bernard 0.004871197 62 20 444 224
cat-Sphynx 0.0048651192 248 98 308 155
dog-boxer 0.004760443 178 58 500 375
cat-Birman 0.0046517905 382 361 443 375
dog-basset_hound 0.004602602 464 0 500 83
cat-Abyssinian 0.0045941076 208 56 315 166
dog-american_bulldog 0.004571325 217 157 275 200
dog-saint_bernard 0.004548918 208 56 315 166
dog-english_cocker_spaniel 0.004476588 213 90 305 159
cat-Russian_Blue 0.0044143004 232 71 483 195
cat-Egyptian_Mau 0.004393757 221 81 417 187
dog-beagle 0.0043623135 471 43 500 105
cat-Bombay 0.0043538366 92 0 177 19
bella 0.004337596 471 5 500 71
dog-american_pit_bull_terrier 0.0043270625 193 12 500 233
dog-beagle 0.0043227687 248 98 308 155
dog-american_pit_bull_terrier 0.0042373496 226 0 500 217
cat-Bombay 0.0042178505 208 56 315 166
dog-american_bulldog 0.004175238 374 361 437 375
dog-boxer 0.0041621868 175 36 480 274
dog-staffordshire_bull_terrier 0.0041385484 248 54 285 66
dog-boxer 0.00410469 465 31 498 97
cat-Sphynx 0.0039724736 232 71 483 195
bella 0.0039664367 0 106 32 165
cat-Russian_Blue 0.003963878 265 54 306 68
dog-great_pyrenees 0.003944888 353 76 410 101
bella 0.0038497308 465 31 498 97
dog-american_pit_bull_terrier 0.003799468 0 32 280 222
dog-miniature_pinscher 0.0037920321 262 91 500 375
cat-Sphynx 0.0037762441 208 56 315 166
dog-beagle 0.0037677526 226 0 500 217
dog-staffordshire_bull_terrier 0.00375755 465 31 498 97
dog-newfoundland 0.003751081 92 165 168 238
dog-pug 0.003683358 208 56 315 166
dog-japanese_chin 0.0036753311 0 42 51 130
cat-Abyssinian 0.0036706147 248 98 308 155
cat-British_Shorthair 0.0036574632 62 20 444 224
dog-american_pit_bull_terrier 0.003609551 215 63 500 375
dog-boxer 0.0036042144 226 0 500 217
cat-British_Shorthair 0.0036017713 241 54 277 66
cat-Siamese 0.0035501553 37 0 126 19
dog-newfoundland 0.0035258182 92 181 170 264
dog-miniature_pinscher 0.0034880736 0 8 415 242
dog-staffordshire_bull_terrier 0.0034747187 265 57 303 73
dog-staffordshire_bull_terrier 0.0034744132 262 91 500 375
dog-american_bulldog 0.00347039 62 20 444 224
cat-British_Shorthair 0.0034656755 233 48 273 62
dog-staffordshire_bull_terrier 0.0034485252 178 58 500 375
dog-yorkshire_terrier 0.003444634 0 7 284 180
cat-Sphynx 0.0034020771 193 12 500 233
dog-keeshond 0.0033833745 216 91 305 158
dog-leonberger 0.0033760155 485 89 500 115
dog-basset_hound 0.0033342612 471 43 500 105
dog-great_pyrenees 0.0033187903 338 77 397 101
