dog-beagle 0.89080894 145 82 338 235
dog-saint_bernard 0.40855324 145 82 338 235
dog-basset_hound 0.1169079 146 82 338 234
dog-boxer 0.070054084 145 82 338 235
dog-american_bulldog 0.04619501 145 82 338 235
dog-english_setter 0.033125192 146 82 338 234
dog-yorkshire_terrier 0.019193422 312 0 500 86
cat-Abyssinian 0.017664187 148 84 338 229
cat-Egyptian_Mau 0.01626016 146 82 338 234
bella 0.012778055 145 82 338 235
cat-Siamese 0.010039702 144 72 500 285
cat-Abyssinian 0.009674857 232 92 335 212
cat-Birman 0.008866279 8 0 274 82
cat-Sphynx 0.008756577 148 84 338 229
dog-basset_hound 0.008519347 0 203 101 361
cat-Sphynx 0.008354866 0 67 358 270
dog-chihuahua 0.008163188 144 72 500 285
dog-boxer 0.008088253 0 67 358 270
cat-Sphynx 0.0077546854 232 92 335 212
cat-British_Shorthair 0.0075766537 0 10 341 224
dog-yorkshire_terrier 0.0074690627 8 0 274 82
dog-basset_hound 0.0074418928 0 67 358 270
cat-Bengal 0.0072522135 0 10 341 224
cat-Sphynx 0.0072146878 144 72 500 285
dog-american_pit_bull_terrier 0.007129191 141 83 342 238
dog-german_shorthaired 0.007015349 146 82 338 234
dog-pomeranian 0.006870692 152 0 484 122
cat-Birman 0.0068668663 11 0 174 41
cat-Bengal 0.006810898 148 84 338 229
dog-pomeranian 0.0068019438 69 0 375 128
cat-British_Shorthair 0.006566825 0 67 358 270
dog-miniature_pinscher 0.0065171537 0 114 16 151
dog-beagle 0.0064850557 0 67 358 270
dog-pug 0.006448121 144 72 500 285
dog-japanese_chin 0.0061422065 1 205 50 302
dog-american_pit_bull_terrier 0.005998144 144 72 500 285
dog-boxer 0.0059746355 144 72 500 285
dog-miniature_pinscher 0.005947141 148 84 338 229
dog-yorkshire_terrier 0.005897822 337 0 500 99
dog-american_bulldog 0.0058913645 0 10 341 224
dog-pomeranian 0.005816418 55 0 311 88
cat-Ragdoll 0.005741355 232 92 335 212
cat-Egyptian_Mau 0.005391789 0 203 101 361
cat-Birman 0.0053580916 26 0 339 122
cat-Ragdoll 0.0052681835 136 71 340 235
dog-yorkshire_terrier 0.0052052354 374 0 500 58
dog-american_bulldog 0.005194705 144 72 500 285
cat-Sphynx 0.005193365 0 10 341 224
dog-beagle 0.005029242 232 92 335 212
dog-yorkshire_terrier 0.004849628 0 0 189 81
dog-boxer 0.00484246 0 10 341 224
dog-beagle 0.0048394925 0 10 341 224
dog-american_bulldog 0.0048178392 100 81 411 255
dog-basset_hound 0.004810821 0 10 341 224
dog-english_cocker_spaniel 0.004800902 143 84 337 214
dog-american_bulldog 0.0046653794 0 67 358 270
cat-Egyptian_Mau 0.0046309135 0 0 80 23
cat-Bengal 0.0045583895 3 0 96 23
dog-pug 0.0045340303 0 67 358 270
dog-yorkshire_terrier 0.004437075 290 0 500 114
cat-Persian 0.0044296924 8 0 274 82
cat-Egyptian_Mau 0.0044059884 0 10 341 224
dog-leonberger 0.0042129764 401 231 435 274
cat-Bengal 0.004177722 0 67 358 270
dog-pomeranian 0.004167469 431 138 500 275
dog-leonberger 0.0041581844 143 84 337 214
dog-keeshond 0.004131615 143 84 337 214
cat-Russian_Blue 0.0041145263 0 10 341 224
dog-boxer 0.00403671 232 92 335 212
dog-american_pit_bull_terrier 0.0040347 86 86 391 361
dog-basset_hound 0.004005325 232 92 335 212
cat-Siamese 0.003952729 0 67 358 270
dog-japanese_chin 0.0038882622 136 71 340 235
dog-staffordshire_bull_terrier 0.0038848363 144 72 500 285
dog-german_shorthaired 0.0038773792 247 81 338 187
dog-miniature_pinscher 0.0037951733 0 105 16 137
dog-yorkshire_terrier 0.0037642587 26 0 339 122
dog-leonberger 0.0037562242 0 207 34 289
dog-saint_bernard 0.003688571 0 67 358 270
cat-Siamese 0.0036777263 1 0 150 42
dog-samoyed 0.0035905135 143 84 337 214
dog-yorkshire_terrier 0.0035885125 293 4 500 56
dog-beagle 0.0035118386 144 72 500 285
cat-British_Shorthair 0.003447352 146 82 338 234
dog-yorkshire_terrier 0.003442109 0 207 34 289
dog-yorkshire_terrier 0.0033631695 414 0 500 81
dog-pug 0.0033338284 0 10 341 224
cat-Russian_Blue 0.0033327227 0 67 358 270
cat-Bombay 0.00329827 11 0 174 41
dog-american_bulldog 0.0032936055 59 214 121 239
dog-miniature_pinscher 0.0032533524 1 123 15 161
dog-shiba_inu 0.0032498674 144 72 500 285
dog-chihuahua 0.0032486399 1 0 150 42
dog-yorkshire_terrier 0.003247979 0 0 211 68
cat-Russian_Blue 0.0032459174 238 87 336 200
dog-saint_bernard 0.0032340165 0 10 341 224
dog-japanese_chin 0.0032278975 224 237 269 285
cat-Abyssinian 0.0031604792 0 203 101 361
bella 0.0031536496 2 114 45 184
dog-leonberger 0.0030606335 241 239 278 289
