dog-beagle 0.62890786 117 87 471 346
dog-english_setter 0.5468755 118 84 471 345
dog-german_shorthaired 0.21497768 118 84 471 345
dog-saint_bernard 0.20960103 115 86 469 349
dog-american_pit_bull_terrier 0.18059187 118 84 471 345
dog-basset_hound 0.15264669 118 84 471 345
dog-american_bulldog 0.048642136 115 86 469 349
dog-english_cocker_spaniel 0.039993145 124 87 471 346
dog-boxer 0.035258826 115 86 469 349
dog-leonberger 0.031542294 115 86 469 349
bella 0.022042027 115 86 469 349
dog-pug 0.021082863 167 93 383 192
cat-Bengal 0.018986862 115 86 469 349
dog-staffordshire_bull_terrier 0.017039893 115 86 469 349
cat-Birman 0.014033471 357 0 500 41
dog-american_bulldog 0.012636271 53 0 482 345
dog-miniature_pinscher 0.012631275 125 85 470 345
dog-newfoundland 0.012392395 167 93 383 192
cat-British_Shorthair 0.011898943 128 87 468 342
dog-saint_bernard 0.011586659 0 42 467 350
dog-keeshond 0.011064316 128 87 468 342
dog-beagle 0.01050618 0 42 467 350
dog-havanese 0.008313777 53 0 482 345
cat-Egyptian_Mau 0.008255825 124 87 471 346
dog-english_setter 0.008235257 0 42 467 350
cat-Ragdoll 0.0079063 53 0 482 345
dog-newfoundland 0.007622942 120 85 472 346
cat-Egyptian_Mau 0.0075325584 0 42 467 350
cat-Bengal 0.0074738646 0 42 467 350
dog-great_pyrenees 0.0073060454 53 0 482 345
cat-British_Shorthair 0.0067905234 53 0 482 345
dog-yorkshire_terrier 0.006663137 344 0 500 84
dog-leonberger 0.006546102 0 42 467 350
cat-Abyssinian 0.0065360684 115 86 469 349
dog-yorkshire_terrier 0.0064730872 0 0 271 84
cat-Sphynx 0.006370075 0 68 450 325
cat-Siamese 0.00617723 331 0 494 39
cat-Maine_Coon 0.0060385684 53 0 482 345
bella 0.005898339 53 0 482 345
dog-english_cocker_spaniel 0.005847884 0 42 467 350
dog-leonberger 0.005831999 418 10 500 103
dog-leonberger 0.0057918 97 275 257 346
dog-wheaten_terrier 0.0056408355 166 51 236 69
cat-Bombay 0.0056100977 357 0 500 41
dog-yorkshire_terrier 0.005555578 167 93 383 192
dog-japanese_chin 0.0055553727 53 0 482 345
cat-Birman 0.0053647947 12 0 168 41
dog-yorkshire_terrier 0.0053507295 12 0 362 111
dog-shiba_inu 0.004885153 0 42 467 350
dog-pug 0.0048705707 53 0 482 345
dog-boxer 0.0048285965 0 42 467 350
cat-Persian 0.004785878 53 0 482 345
cat-Russian_Blue 0.004732154 53 0 482 345
dog-havanese 0.004711296 212 90 285 112
dog-shiba_inu 0.0045953705 97 275 257 346
dog-leonberger 0.004590221 147 66 189 108
dog-basset_hound 0.0045767743 53 0 482 345
cat-Ragdoll 0.0045693857 117 82 463 341
dog-yorkshire_terrier 0.0045555364 216 90 301 113
dog-yorkshire_terrier 0.004542566 374 21 500 205
dog-german_shorthaired 0.004512686 0 42 467 350
dog-yorkshire_terrier 0.0044965777 379 0 500 115
cat-Persian 0.0044837547 439 1 499 42
dog-basset_hound 0.004425293 0 85 474 375
dog-basset_hound 0.004354139 206 49 232 59
dog-newfoundland 0.0043385676 0 42 467 350
dog-pomeranian 0.0043330034 103 0 438 123
dog-yorkshire_terrier 0.004325501 0 0 180 87
cat-Sphynx 0.0042663827 115 86 469 349
cat-Ragdoll 0.0042170533 0 68 450 325
dog-wheaten_terrier 0.004205745 0 42 467 350
dog-american_bulldog 0.0041527282 78 248 265 344
cat-Birman 0.0041260133 0 316 108 374
dog-american_pit_bull_terrier 0.0040708045 53 0 482 345
dog-yorkshire_terrier 0.004070464 309 0 500 108
dog-pug 0.004015357 216 90 301 113
dog-shiba_inu 0.00396684 132 67 494 331
cat-Birman 0.0039473674 407 0 500 41
dog-chihuahua 0.0038973135 0 42 467 350
dog-keeshond 0.0038903332 0 42 467 350
dog-samoyed 0.0038679538 53 0 482 345
dog-pomeranian 0.0038648907 191 0 500 116
dog-american_pit_bull_terrier 0.0038647312 351 29 500 193
cat-Egyptian_Mau 0.0037720376 166 51 236 69
dog-newfoundland 0.0036821316 420 46 499 167
dog-newfoundland 0.0034572128 56 232 77 260
dog-pomeranian 0.0034490232 344 0 500 84
dog-basset_hound 0.0034197546 160 94 500 375
dog-samoyed 0.0033808819 344 0 500 84
dog-yorkshire_terrier 0.0033767838 132 67 494 331
dog-samoyed 0.0033724573 132 67 494 331
cat-Sphynx 0.0033605364 53 0 482 345
dog-american_pit_bull_terrier 0.0033308181 167 93 383 192
dog-american_pit_bull_terrier 0.0033196402 344 0 500 84
dog-havanese 0.0033056773 344 0 500 84
cat-Bombay 0.003296133 36 0 201 32
cat-Abyssinian 0.0032505721 53 0 482 345
cat-Maine_Coon 0.00324757 92 88 466 337
dog-basset_hound 0.0032444843 198 49 226 60
dog-staffordshire_bull_terrier 0.0032349469 53 0 482 345
