dog-saint_bernard 0.77527535 21 120 236 396
dog-beagle 0.43689913 20 130 235 394
dog-boxer 0.2730273 20 130 235 394
dog-american_bulldog 0.15637861 16 110 301 408
cat-Abyssinian 0.06559247 16 110 301 408
cat-Sphynx 0.052221328 16 110 301 408
dog-basset_hound 0.046391852 19 120 234 397
dog-japanese_chin 0.04384526 16 123 262 404
cat-Ragdoll 0.04033139 21 120 236 396
dog-american_pit_bull_terrier 0.031213034 16 110 301 408
dog-american_bulldog 0.027786316 26 166 229 387
cat-Siamese 0.026646644 16 110 301 408
cat-Sphynx 0.02570934 26 166 229 387
bella 0.023249168 16 110 301 408
dog-pug 0.022396758 16 110 301 408
dog-beagle 0.021163192 17 66 333 435
dog-shiba_inu 0.020441564 16 110 301 408
dog-english_setter 0.018246308 23 118 234 398
cat-Egyptian_Mau 0.018217513 16 123 262 404
dog-chihuahua 0.017423935 16 110 301 408
dog-leonberger 0.014727083 10 107 230 400
dog-pomeranian 0.014065636 16 110 301 408
dog-boxer 0.013576574 2 137 20 203
dog-yorkshire_terrier 0.013065397 231 0 333 68
cat-Abyssinian 0.012786503 26 166 229 387
cat-British_Shorthair 0.010954337 16 123 262 404
dog-leonberger 0.010940489 0 321 21 419
dog-saint_bernard 0.010937199 0 0 202 405
dog-beagle 0.010584527 53 253 227 386
dog-saint_bernard 0.010469807 29 179 134 379
dog-german_shorthaired 0.00991352 16 110 301 408
dog-pomeranian 0.009841098 236 116 267 188
dog-beagle 0.009705081 20 221 201 388
dog-boxer 0.00969667 17 66 333 435
dog-saint_bernard 0.009567941 25 87 333 412
dog-leonberger 0.009306539 0 0 202 405
dog-american_bulldog 0.0092698485 108 313 185 378
dog-samoyed 0.009130204 16 110 301 408
dog-japanese_chin 0.008968291 0 0 254 425
dog-basset_hound 0.008461298 2 139 21 211
dog-boxer 0.008396671 26 249 78 366
dog-american_bulldog 0.008230806 25 259 77 369
dog-beagle 0.008079998 2 139 21 211
dog-saint_bernard 0.007848656 0 0 254 425
cat-Bombay 0.007824809 15 0 114 44
cat-Ragdoll 0.0076270793 0 0 202 405
dog-great_pyrenees 0.0075362804 16 110 301 408
dog-american_bulldog 0.007386319 237 107 276 138
cat-Siamese 0.0069201514 235 113 257 178
dog-basset_hound 0.0067229 25 87 333 412
dog-english_setter 0.0065129185 17 66 333 435
dog-basset_hound 0.0064229304 25 153 101 372
cat-Ragdoll 0.00630955 235 113 257 178
dog-japanese_chin 0.006146298 0 0 202 405
cat-Birman 0.0061321785 16 110 301 408
cat-Russian_Blue 0.0060129818 10 107 230 400
dog-boxer 0.006005209 29 179 134 379
cat-Bengal 0.0059969528 16 110 301 408
dog-yorkshire_terrier 0.0058713634 128 0 333 156
dog-basset_hound 0.005698232 29 179 134 379
dog-yorkshire_terrier 0.0056914035 210 3 333 102
cat-Bombay 0.0056473822 75 1 169 38
dog-staffordshire_bull_terrier 0.0056399666 16 110 301 408
cat-Abyssinian 0.00558358 234 110 258 168
dog-chihuahua 0.005480574 231 0 333 68
dog-english_cocker_spaniel 0.0054710386 154 43 171 61
dog-yorkshire_terrier 0.005347723 213 0 333 188
cat-Maine_Coon 0.0053204633 285 354 333 493
dog-english_setter 0.005294788 273 236 331 411
dog-english_cocker_spaniel 0.0052555744 158 43 175 61
dog-leonberger 0.005239386 2 137 20 194
dog-leonberger 0.0051928353 0 295 22 392
dog-english_cocker_spaniel 0.0051810076 129 68 149 82
dog-miniature_pinscher 0.0051471777 231 0 333 68
dog-beagle 0.005104509 98 280 230 380
dog-miniature_pinscher 0.0050973315 0 0 109 70
cat-British_Shorthair 0.005073936 0 0 202 405
cat-Siamese 0.005031898 237 107 276 138
cat-Bombay 0.0049841115 151 0 254 41
dog-english_cocker_spaniel 0.0049495287 134 70 152 89
dog-beagle 0.004936146 29 179 134 379
dog-german_shorthaired 0.004854523 26 166 229 387
cat-Bombay 0.004845315 131 1 227 37
dog-leonberger 0.004826743 1 339 20 432
dog-german_shorthaired 0.00471031 2 137 20 203
dog-yorkshire_terrier 0.004707215 219 0 333 123
cat-Bombay 0.0046098563 98 1 194 37
dog-pug 0.0045685982 0 0 202 405
dog-english_cocker_spaniel 0.0044578905 2 78 23 92
dog-yorkshire_terrier 0.004434622 267 0 333 58
dog-basset_hound 0.004365666 250 77 268 91
cat-Bombay 0.004341613 43 0 150 42
cat-Egyptian_Mau 0.0042590047 0 403 57 500
dog-american_pit_bull_terrier 0.0042001414 285 125 333 269
cat-Bombay 0.0041070436 0 0 202 405
dog-english_cocker_spaniel 0.004072988 261 56 282 79
dog-basset_hound 0.0040687383 253 78 274 91
dog-basset_hound 0.004036948 231 82 248 98
bella 0.003988785 312 253 331 367
cat-Siamese 0.0039725658 0 0 202 405
