dog-beagle 0.90836585 166 164 305 286
dog-english_setter 0.29413465 165 165 304 285
dog-german_shorthaired 0.27254954 166 165 304 285
dog-basset_hound 0.15479834 165 163 305 287
dog-saint_bernard 0.073825404 165 165 304 285
dog-boxer 0.06713901 165 165 304 285
dog-american_pit_bull_terrier 0.06657548 165 165 304 285
dog-american_bulldog 0.059001442 165 165 305 285
dog-english_cocker_spaniel 0.041966744 165 165 304 285
cat-Bengal 0.019585764 165 165 304 285
dog-english_setter 0.01612119 179 160 321 374
dog-staffordshire_bull_terrier 0.012029279 165 165 304 285
cat-Egyptian_Mau 0.01181498 165 165 304 285
bella 0.00914471 165 165 304 285
dog-staffordshire_bull_terrier 0.009074719 225 164 253 189
dog-leonberger 0.008652631 312 115 351 139
cat-Persian 0.008128499 0 0 289 357
cat-Persian 0.008087412 0 0 55 18
cat-Russian_Blue 0.007962161 318 0 455 54
dog-beagle 0.0076597035 212 168 305 276
cat-Persian 0.0076013715 0 0 267 304
cat-Birman 0.007597229 318 0 455 54
cat-Abyssinian 0.0074098636 167 160 320 291
dog-shiba_inu 0.0073611657 167 160 320 291
cat-British_Shorthair 0.007342851 165 165 304 285
dog-english_cocker_spaniel 0.007320952 157 106 456 422
dog-staffordshire_bull_terrier 0.007153865 219 159 248 183
cat-Russian_Blue 0.0070101884 302 3 455 70
cat-Egyptian_Mau 0.0067727305 427 280 456 390
dog-english_setter 0.0065682214 157 106 456 422
cat-Bombay 0.00637284 318 0 455 54
dog-leonberger 0.0062659793 166 163 308 287
dog-miniature_pinscher 0.006014524 167 165 305 283
cat-Russian_Blue 0.005720467 260 0 402 37
dog-english_cocker_spaniel 0.0056544337 0 0 307 334
cat-Russian_Blue 0.005584698 167 160 320 291
cat-Birman 0.005541859 246 41 287 56
dog-basset_hound 0.0054027135 157 106 456 422
dog-staffordshire_bull_terrier 0.005393817 234 166 268 186
dog-staffordshire_bull_terrier 0.00535646 381 397 412 416
cat-Siamese 0.005338418 182 0 306 40
dog-american_pit_bull_terrier 0.0052807727 179 160 321 374
dog-havanese 0.0052371644 0 0 307 334
dog-wheaten_terrier 0.0051861396 0 0 307 334
dog-leonberger 0.004829068 319 112 353 158
cat-Bombay 0.0047192588 273 0 425 36
cat-Sphynx 0.0046704975 233 43 286 79
dog-english_cocker_spaniel 0.004597349 422 33 456 163
dog-staffordshire_bull_terrier 0.0045814775 302 3 455 70
dog-english_cocker_spaniel 0.0042963577 336 43 456 215
cat-Birman 0.004249471 247 36 290 53
cat-Egyptian_Mau 0.0041155014 430 261 456 353
dog-boxer 0.0041130222 294 127 341 168
cat-Egyptian_Mau 0.004082347 432 166 456 254
dog-english_cocker_spaniel 0.004064953 0 0 308 385
cat-Bombay 0.0040265378 56 0 201 38
dog-basset_hound 0.0039598527 384 204 451 370
dog-staffordshire_bull_terrier 0.0039565703 213 152 242 177
dog-havanese 0.0038727247 0 0 291 262
bella 0.0038175408 0 0 32 77
cat-Siamese 0.0038122789 233 43 286 79
dog-pomeranian 0.0037842982 201 47 266 98
dog-german_shorthaired 0.003748774 269 166 302 226
dog-shiba_inu 0.0037146835 302 3 455 70
cat-Russian_Blue 0.0037105372 65 0 213 37
cat-Maine_Coon 0.0036555333 165 166 307 285
dog-keeshond 0.0036127763 163 164 302 288
cat-Sphynx 0.0035576154 167 160 320 291
cat-Siamese 0.003497979 281 0 433 53
dog-basset_hound 0.0034829048 425 278 455 416
dog-boxer 0.0034049044 295 118 346 153
bella 0.0034018103 1 169 72 359
cat-British_Shorthair 0.0033892852 0 0 307 334
dog-yorkshire_terrier 0.0033569133 172 0 335 221
dog-english_cocker_spaniel 0.0033277913 0 292 106 500
cat-Birman 0.0032945026 256 39 291 51
dog-shiba_inu 0.0032650444 233 43 286 79
cat-Bombay 0.0032609832 302 3 455 70
cat-Egyptian_Mau 0.003242975 330 114 384 147
dog-english_setter 0.00324079 224 176 456 500
cat-Persian 0.003219444 100 55 162 76
dog-scottish_terrier 0.0032010027 302 3 455 70
dog-keeshond 0.0031833218 32 0 186 53
cat-Siamese 0.0031754 191 5 298 54
cat-Bombay 0.0031589423 281 0 375 30
cat-Persian 0.0031416083 83 49 150 78
dog-staffordshire_bull_terrier 0.0030947633 214 165 242 188
cat-Egyptian_Mau 0.0030860002 117 64 196 99
dog-boxer 0.003071066 233 43 286 79
cat-Persian 0.0030679319 345 455 410 479
dog-havanese 0.0030587444 94 60 148 77
dog-english_cocker_spaniel 0.003055515 384 204 451 370
cat-Bengal 0.003037685 299 0 444 54
dog-boxer 0.0030232035 138 67 197 100
dog-great_pyrenees 0.0029669928 165 286 344 422
dog-beagle 0.0029634908 233 43 286 79
cat-Egyptian_Mau 0.0029525876 0 70 23 156
dog-havanese 0.0029500395 86 0 346 358
cat-Bengal 0.00293278 334 277 378 301
dog-keeshond 0.0029322794 0 413 115 500
