cat-Egyptian_Mau 0.84283155 131 50 191 122
cat-Bengal 0.8201919 131 51 192 122
dog-american_pit_bull_terrier 0.15509269 0 41 155 136
dog-basset_hound 0.14376608 131 50 191 122
cat-Russian_Blue 0.095668584 131 51 192 122
cat-British_Shorthair 0.0478609 132 51 191 122
dog-boxer 0.04259141 0 42 176 138
dog-german_shorthaired 0.033143617 0 42 176 138
cat-Abyssinian 0.025410388 131 51 192 122
dog-beagle 0.018314162 131 52 191 119
cat-Maine_Coon 0.017478937 132 51 191 122
dog-american_bulldog 0.016732406 56 138 84 156
dog-pug 0.016310079 0 42 176 138
dog-wheaten_terrier 0.015170794 131 52 191 119
dog-shiba_inu 0.014407156 217 4 300 49
dog-american_pit_bull_terrier 0.014231902 219 3 300 49
cat-Bombay 0.014168196 131 52 191 119
dog-miniature_pinscher 0.013545178 0 38 139 137
dog-beagle 0.013337466 26 45 183 132
dog-english_cocker_spaniel 0.012516677 131 52 191 119
dog-american_bulldog 0.011283301 26 45 183 132
dog-american_pit_bull_terrier 0.009914344 202 0 300 48
dog-shiba_inu 0.009593519 131 52 191 119
dog-staffordshire_bull_terrier 0.009559242 26 45 183 132
cat-Sphynx 0.00899474 136 51 191 109
dog-staffordshire_bull_terrier 0.008975791 85 52 103 60
cat-British_Shorthair 0.008625051 26 45 183 132
cat-Egyptian_Mau 0.007891869 96 144 135 159
bella 0.007811441 2 158 18 207
dog-basset_hound 0.007739873 26 45 183 132
cat-Persian 0.0077388478 131 52 191 119
dog-staffordshire_bull_terrier 0.0076558916 242 75 261 82
dog-miniature_pinscher 0.007614015 131 52 191 119
cat-Bengal 0.0076093217 139 52 184 76
dog-chihuahua 0.0074258237 217 4 300 49
cat-Bengal 0.0073702196 132 73 186 121
dog-miniature_pinscher 0.0073379762 26 45 183 132
dog-chihuahua 0.0069772988 202 0 300 48
dog-boxer 0.006777627 5 48 145 188
dog-american_pit_bull_terrier 0.0067011486 4 48 60 122
dog-german_shorthaired 0.0065826336 131 52 191 119
dog-chihuahua 0.006523124 192 3 300 69
dog-staffordshire_bull_terrier 0.006458167 54 70 74 80
cat-Egyptian_Mau 0.005747507 128 53 206 148
dog-staffordshire_bull_terrier 0.0056459974 201 154 237 169
dog-american_pit_bull_terrier 0.005503506 192 3 300 69
cat-Bengal 0.0054610274 26 45 183 132
cat-Sphynx 0.0052572177 26 45 183 132
dog-english_setter 0.0051904316 131 52 191 119
dog-american_pit_bull_terrier 0.0051323944 2 125 42 192
cat-Bengal 0.005116476 133 52 188 96
dog-american_pit_bull_terrier 0.005021843 1 106 43 173
dog-english_cocker_spaniel 0.0049977414 0 38 139 137
cat-Bengal 0.004989847 96 0 160 22
dog-chihuahua 0.0049269507 291 77 300 95
cat-Bombay 0.004891708 24 46 44 54
dog-newfoundland 0.0047837957 0 141 18 185
dog-staffordshire_bull_terrier 0.0047583804 17 48 224 158
cat-Egyptian_Mau 0.004746522 139 52 184 76
dog-havanese 0.0047346763 131 52 191 119
bella 0.0046553398 131 52 191 119
cat-Egyptian_Mau 0.004636073 97 140 143 157
dog-leonberger 0.004576609 279 16 300 54
dog-miniature_pinscher 0.0045559364 1 148 18 193
dog-staffordshire_bull_terrier 0.0045449315 81 49 99 58
dog-boxer 0.0045082816 1 87 19 138
cat-British_Shorthair 0.004499076 17 48 224 158
cat-Egyptian_Mau 0.004470786 99 48 189 127
dog-beagle 0.004411688 0 43 197 163
dog-miniature_pinscher 0.004405374 0 43 197 163
dog-boxer 0.004375096 98 57 133 76
dog-staffordshire_bull_terrier 0.0043248706 0 18 182 136
cat-Abyssinian 0.0042138407 189 2 232 16
dog-staffordshire_bull_terrier 0.0041804686 89 53 107 64
dog-pomeranian 0.0041754753 217 4 300 49
dog-staffordshire_bull_terrier 0.0041741575 78 48 95 57
cat-Egyptian_Mau 0.0041231303 217 3 264 17
bella 0.004114024 281 74 297 126
dog-pomeranian 0.004105823 202 0 300 48
dog-samoyed 0.0040851063 142 53 187 76
dog-american_pit_bull_terrier 0.0040767556 0 54 199 225
cat-Bengal 0.004074644 99 48 189 127
cat-Sphynx 0.0040376172 137 54 185 84
dog-miniature_pinscher 0.003982342 4 48 60 122
dog-basset_hound 0.0039777486 99 48 189 127
cat-Siamese 0.00396429 189 2 232 16
dog-chihuahua 0.0038865416 291 85 300 104
dog-american_bulldog 0.0038508044 17 48 224 158
dog-shiba_inu 0.0038374583 189 2 232 16
dog-basset_hound 0.003830054 0 43 197 163
dog-staffordshire_bull_terrier 0.0037877925 51 68 70 78
cat-Egyptian_Mau 0.0037798514 284 137 300 176
dog-beagle 0.0037493815 95 142 138 158
dog-beagle 0.0037276186 0 18 182 136
dog-havanese 0.0037252002 208 1 229 9
cat-Ragdoll 0.0036535836 131 52 191 119
cat-Siamese 0.0036502664 173 1 227 15
dog-shiba_inu 0.0036084072 133 52 188 96
cat-Maine_Coon 0.003596472 284 137 300 176
dog-scottish_terrier 0.0035794114 131 52 191 119
