cat-Egyptian_Mau 0.7709779 73 6 236 205
cat-Bengal 0.5992138 78 6 235 208
cat-Abyssinian 0.49399662 73 6 236 205
cat-Maine_Coon 0.13341588 78 6 235 208
dog-basset_hound 0.113261975 78 6 235 208
cat-Russian_Blue 0.09313782 78 6 235 208
dog-beagle 0.08032856 79 6 237 206
dog-shiba_inu 0.052726336 78 6 235 208
bella 0.027143154 78 6 235 208
cat-British_Shorthair 0.02683488 78 6 235 208
cat-Siamese 0.025992008 53 0 112 16
dog-wheaten_terrier 0.024639912 78 6 235 208
cat-Siamese 0.020573292 45 0 105 21
dog-samoyed 0.019344587 78 6 235 208
dog-english_setter 0.017623408 79 6 237 206
cat-Egyptian_Mau 0.016887652 77 85 172 196
cat-Sphynx 0.016236434 78 6 235 208
dog-miniature_pinscher 0.014724089 79 6 237 206
cat-Bombay 0.013922376 150 0 231 16
cat-Bengal 0.013880196 0 0 233 225
cat-Ragdoll 0.013860232 78 6 235 208
cat-Siamese 0.0134768635 9 0 103 24
dog-shiba_inu 0.013102187 95 0 158 19
cat-Bombay 0.012842845 209 0 288 16
dog-shiba_inu 0.011674074 122 0 181 17
cat-Maine_Coon 0.0115911765 77 85 172 196
dog-shiba_inu 0.010710337 116 0 163 16
dog-leonberger 0.009876554 233 118 251 144
dog-english_cocker_spaniel 0.009594271 78 6 235 208
cat-Abyssinian 0.009568709 54 0 122 17
cat-Bombay 0.009478878 168 0 252 16
cat-Siamese 0.00923416 131 0 201 16
cat-Siamese 0.00900242 35 0 125 23
cat-Bombay 0.008675178 132 0 209 16
cat-Siamese 0.008571769 116 0 163 16
cat-Siamese 0.008495378 157 0 249 22
dog-basset_hound 0.008255946 0 144 25 212
cat-Egyptian_Mau 0.008213083 0 8 240 215
cat-Abyssinian 0.007525439 36 0 107 19
cat-Russian_Blue 0.007450375 135 0 218 16
dog-english_cocker_spaniel 0.007416994 279 107 300 166
dog-japanese_chin 0.0073838895 76 10 236 208
dog-beagle 0.0073129716 102 0 154 17
dog-chihuahua 0.007310795 79 6 237 206
cat-Bombay 0.007199396 78 6 235 208
cat-Bengal 0.0069930293 132 0 209 16
dog-great_pyrenees 0.0069578756 78 6 235 208
dog-leonberger 0.006936424 78 6 235 208
cat-Egyptian_Mau 0.00686277 0 125 37 218
cat-Egyptian_Mau 0.006806661 89 0 300 225
cat-Birman 0.0068018697 132 0 209 16
cat-Bombay 0.0067540808 0 0 40 12
cat-Persian 0.0067073978 132 0 209 16
cat-Siamese 0.0066537955 102 0 154 17
dog-leonberger 0.006609225 291 0 300 13
dog-boxer 0.006576251 56 0 134 23
cat-Siamese 0.0065230024 127 0 177 15
cat-Birman 0.00641269 212 0 300 26
cat-Egyptian_Mau 0.006324584 80 120 193 196
dog-shiba_inu 0.0062156348 54 0 122 17
cat-Maine_Coon 0.0061507765 0 28 225 197
dog-american_bulldog 0.0060511725 116 0 163 16
dog-newfoundland 0.0059924005 0 119 19 169
dog-saint_bernard 0.005992239 74 8 238 206
cat-Bengal 0.005914023 0 125 37 218
cat-Bengal 0.0058470997 96 24 300 194
dog-shiba_inu 0.005833188 132 0 209 16
cat-Siamese 0.005801088 68 0 130 15
dog-miniature_pinscher 0.0056689754 124 0 150 6
cat-Bengal 0.005663774 75 90 161 197
dog-yorkshire_terrier 0.0055623525 0 119 19 169
dog-chihuahua 0.005547794 291 2 300 16
cat-Maine_Coon 0.005534317 132 0 209 16
dog-american_bulldog 0.005508968 56 0 254 211
dog-beagle 0.005453817 116 0 163 16
dog-american_pit_bull_terrier 0.005451061 79 6 237 206
dog-american_pit_bull_terrier 0.005428029 0 114 38 186
cat-Sphynx 0.0053994353 102 0 154 17
cat-Bombay 0.0053670923 0 0 59 15
cat-Siamese 0.005296237 45 0 100 13
cat-Abyssinian 0.0052710804 0 8 240 215
cat-Persian 0.0052379123 64 30 242 225
dog-leonberger 0.0052291295 291 0 300 8
dog-pug 0.0052170805 133 0 199 16
dog-english_cocker_spaniel 0.0051926356 280 135 300 181
dog-shiba_inu 0.005165464 70 0 144 18
cat-Abyssinian 0.00514696 132 0 209 16
cat-Siamese 0.0051263473 30 2 128 28
cat-Maine_Coon 0.005116845 0 0 59 15
dog-american_bulldog 0.0050982265 56 0 134 23
cat-Bombay 0.0050382116 218 0 275 13
cat-Abyssinian 0.0049474714 51 0 105 13
dog-pomeranian 0.0049238936 194 1 299 53
dog-yorkshire_terrier 0.0049238424 53 0 89 8
dog-leonberger 0.004796501 132 0 209 16
dog-german_shorthaired 0.004793463 68 0 239 202
cat-Birman 0.0047479477 132 0 184 12
cat-Egyptian_Mau 0.0047276826 122 0 181 17
dog-english_cocker_spaniel 0.00466356 280 88 300 147
cat-Bengal 0.004659993 0 0 40 12
