cat-Bengal 0.5573675 175 8 362 233
cat-Russian_Blue 0.46335056 172 7 361 238
dog-scottish_terrier 0.15563825 173 9 364 238
cat-Bombay 0.08302819 175 9 361 223
dog-miniature_pinscher 0.069452584 168 14 366 251
cat-Bengal 0.054393798 174 11 359 137
dog-staffordshire_bull_terrier 0.041939672 168 14 366 251
cat-Sphynx 0.03757973 168 14 366 251
cat-Egyptian_Mau 0.035300467 175 10 363 161
cat-British_Shorthair 0.03478861 178 11 359 229
dog-shiba_inu 0.031690985 168 14 366 251
dog-german_shorthaired 0.03039088 172 7 361 238
dog-chihuahua 0.027041087 168 14 366 251
cat-Abyssinian 0.023071604 168 14 366 251
dog-keeshond 0.020732434 173 9 364 238
cat-Abyssinian 0.018642325 175 10 363 161
cat-Bengal 0.01643691 0 0 379 244
cat-Russian_Blue 0.015418565 174 11 359 137
dog-chihuahua 0.013759335 179 0 500 263
dog-english_cocker_spaniel 0.013592548 178 12 358 205
cat-Siamese 0.011560645 3 0 172 58
dog-basset_hound 0.0104681235 177 9 363 233
cat-Egyptian_Mau 0.010421087 159 0 378 262
cat-British_Shorthair 0.010387163 0 0 379 244
dog-shiba_inu 0.009776649 179 0 500 263
dog-staffordshire_bull_terrier 0.009751679 267 137 298 152
cat-Egyptian_Mau 0.009736545 178 14 299 138
dog-scottish_terrier 0.009716516 168 13 426 300
dog-miniature_pinscher 0.00937606 179 0 500 263
cat-Abyssinian 0.009344953 182 11 256 106
dog-scottish_terrier 0.0091496585 175 12 362 135
dog-shiba_inu 0.009091952 175 12 362 135
dog-yorkshire_terrier 0.008889271 179 0 500 263
cat-Bombay 0.008755505 270 33 359 134
dog-miniature_pinscher 0.008518363 174 11 359 137
dog-chihuahua 0.008397602 0 0 178 62
cat-British_Shorthair 0.008367197 93 346 127 356
cat-Abyssinian 0.008238174 125 2 202 29
dog-scottish_terrier 0.008231499 179 0 500 263
dog-newfoundland 0.008079991 168 14 366 251
dog-yorkshire_terrier 0.00803925 181 50 500 371
dog-leonberger 0.007876696 468 174 496 252
dog-keeshond 0.00781904 175 12 362 135
dog-wheaten_terrier 0.0078027463 179 0 500 263
cat-Maine_Coon 0.0074442183 178 12 358 205
dog-havanese 0.0072563 181 50 500 371
dog-yorkshire_terrier 0.0068818117 0 0 240 93
dog-yorkshire_terrier 0.006832388 127 11 500 371
cat-Sphynx 0.0066685267 125 2 202 29
cat-Bombay 0.0066525163 24 3 231 58
cat-Bengal 0.0066268467 0 0 339 188
cat-Siamese 0.0065665822 125 2 202 29
dog-wheaten_terrier 0.006536815 159 0 378 262
cat-Ragdoll 0.006514162 125 2 202 29
dog-yorkshire_terrier 0.006488571 0 3 276 128
dog-boxer 0.006466118 372 161 434 189
cat-British_Shorthair 0.006441318 0 0 339 188
dog-keeshond 0.006329084 168 13 426 300
dog-american_pit_bull_terrier 0.006328238 179 0 500 263
dog-yorkshire_terrier 0.0061619184 168 14 366 251
dog-beagle 0.006109694 175 12 362 135
dog-leonberger 0.006072725 168 14 366 251
dog-keeshond 0.0060691177 179 0 500 263
dog-american_pit_bull_terrier 0.006017241 181 50 500 371
dog-basset_hound 0.005995258 175 12 362 135
cat-Egyptian_Mau 0.0059301555 182 44 255 135
dog-scottish_terrier 0.005911932 0 0 379 244
dog-yorkshire_terrier 0.005822487 174 11 359 137
dog-yorkshire_terrier 0.005801715 24 3 231 58
cat-Bombay 0.0057911603 125 2 202 29
dog-yorkshire_terrier 0.0057794377 185 0 500 192
cat-Bombay 0.005766468 180 9 225 73
cat-Bombay 0.005617194 174 11 359 137
dog-american_pit_bull_terrier 0.005523916 447 119 500 240
cat-Egyptian_Mau 0.0053663515 181 15 349 108
dog-leonberger 0.0052608675 181 50 500 371
dog-staffordshire_bull_terrier 0.0052072606 184 0 356 178
cat-Abyssinian 0.00513606 181 12 230 83
dog-samoyed 0.005064571 179 0 500 263
dog-staffordshire_bull_terrier 0.0050347135 179 0 500 263
cat-Bengal 0.0050280965 182 44 255 135
dog-wheaten_terrier 0.004997694 0 0 379 244
dog-miniature_pinscher 0.0048299874 0 0 379 244
dog-staffordshire_bull_terrier 0.004784945 372 161 434 189
dog-staffordshire_bull_terrier 0.004762786 339 255 390 280
cat-Egyptian_Mau 0.0046687615 0 0 78 22
cat-Bombay 0.0046677645 28 0 175 27
cat-Egyptian_Mau 0.0046379985 0 0 379 244
cat-Persian 0.0046285074 233 337 286 359
dog-english_cocker_spaniel 0.004600027 154 6 373 286
cat-Egyptian_Mau 0.0045495313 0 0 339 188
cat-British_Shorthair 0.004501962 174 11 359 137
cat-Bombay 0.0044997614 22 0 196 45
dog-staffordshire_bull_terrier 0.0043938737 391 155 439 184
cat-Egyptian_Mau 0.004361821 0 0 32 12
cat-Sphynx 0.00433843 175 12 362 135
dog-english_cocker_spaniel 0.004334662 0 0 379 244
dog-english_setter 0.004327362 184 0 356 178
cat-Bengal 0.0042555565 84 14 391 235
dog-basset_hound 0.004192653 0 0 379 244
