cat-Bengal 0.037932638 96 117 172 165
cat-Egyptian_Mau 0.019942287 343 0 375 17
dog-boxer 0.016045943 97 46 375 478
cat-Siamese 0.014751084 6 0 118 69
dog-american_bulldog 0.0147495605 0 139 144 498
cat-Maine_Coon 0.013261459 96 117 172 165
cat-Egyptian_Mau 0.011703958 349 191 373 322
cat-Egyptian_Mau 0.010556514 351 230 375 337
cat-Egyptian_Mau 0.010517706 350 176 375 287
cat-Bengal 0.010463604 108 0 201 36
dog-great_pyrenees 0.0102181025 291 151 333 183
cat-Bombay 0.0101072425 197 0 318 53
cat-Bombay 0.009949073 96 117 172 165
cat-Bombay 0.0089098755 192 0 257 26
dog-american_bulldog 0.008857412 17 123 182 491
dog-pug 0.008803466 6 0 179 124
cat-Bombay 0.008598914 97 108 147 188
cat-Bombay 0.008533976 19 0 138 37
dog-newfoundland 0.008468142 84 143 158 323
dog-american_pit_bull_terrier 0.008089631 96 0 215 51
cat-Siamese 0.007867225 145 1 207 34
cat-Bombay 0.0077403705 222 0 358 55
cat-Bombay 0.007616484 9 0 131 54
cat-Egyptian_Mau 0.0076160724 350 244 373 373
cat-Bombay 0.00755549 205 0 277 27
cat-Egyptian_Mau 0.0074703605 350 138 375 249
dog-boxer 0.0073921634 134 371 208 422
cat-Birman 0.0071447035 163 0 215 26
cat-Egyptian_Mau 0.007116855 353 259 375 356
cat-Egyptian_Mau 0.007049462 347 0 375 105
cat-Egyptian_Mau 0.0068969857 353 207 375 304
cat-British_Shorthair 0.0068596904 343 0 375 17
cat-Egyptian_Mau 0.006762041 351 106 375 212
dog-great_pyrenees 0.006707474 286 139 333 171
bella 0.0066245394 351 45 373 159
cat-Bombay 0.0065960614 145 1 207 34
cat-Bombay 0.0065410985 187 0 248 34
cat-Egyptian_Mau 0.0064394446 348 151 372 281
cat-Bombay 0.0063622985 191 0 375 76
dog-basset_hound 0.0063264063 350 244 373 373
bella 0.0062863776 350 247 372 368
bella 0.0062128664 351 78 373 187
dog-scottish_terrier 0.0061594336 183 0 296 53
dog-american_pit_bull_terrier 0.006132059 103 6 375 211
cat-Russian_Blue 0.0061104735 343 0 375 17
cat-Birman 0.006016038 9 0 131 54
dog-wheaten_terrier 0.0060042753 201 0 232 13
dog-staffordshire_bull_terrier 0.0060022664 83 93 172 342
dog-yorkshire_terrier 0.005955502 79 0 272 122
dog-yorkshire_terrier 0.005908377 8 0 182 80
cat-Egyptian_Mau 0.0059080436 236 1 266 13
dog-american_bulldog 0.005886884 105 378 128 394
cat-Bombay 0.005795838 97 0 181 34
cat-Bengal 0.005692003 185 0 243 25
dog-miniature_pinscher 0.005642917 96 0 215 51
dog-yorkshire_terrier 0.0055960063 115 0 233 51
dog-american_bulldog 0.00558581 113 380 133 393
cat-Siamese 0.005342807 163 0 215 26
dog-staffordshire_bull_terrier 0.005227703 110 24 375 264
cat-Siamese 0.0051698866 185 0 243 25
dog-yorkshire_terrier 0.005155823 183 0 296 53
cat-Birman 0.0051172893 185 0 243 25
cat-Bengal 0.005115173 97 108 147 188
cat-Egyptian_Mau 0.0049640466 185 0 243 25
dog-yorkshire_terrier 0.0049518514 44 0 217 122
bella 0.004949526 354 72 375 163
cat-Maine_Coon 0.0049414374 273 450 312 475
dog-japanese_chin 0.004936493 83 50 375 500
bella 0.0049351864 354 100 375 191
dog-chihuahua 0.004883582 336 45 375 169
dog-american_bulldog 0.0048282663 96 376 124 395
dog-staffordshire_bull_terrier 0.0048180423 113 55 322 230
dog-havanese 0.004814836 84 40 161 183
dog-boxer 0.004726846 122 0 375 267
cat-Bombay 0.0046825157 196 1 287 34
cat-Abyssinian 0.004671424 175 0 227 25
cat-Bombay 0.004661312 263 0 375 58
cat-British_Shorthair 0.0046593873 192 0 257 26
cat-Egyptian_Mau 0.004649069 354 87 375 177
dog-american_pit_bull_terrier 0.004621364 79 0 272 122
dog-chihuahua 0.0046207984 333 21 375 136
dog-american_bulldog 0.004577743 57 109 235 485
cat-Egyptian_Mau 0.0045130583 269 1 309 14
dog-american_pit_bull_terrier 0.0044858116 338 75 375 201
cat-Birman 0.004478758 145 1 207 34
cat-Bengal 0.004468312 269 1 309 14
dog-scottish_terrier 0.0044575306 115 0 233 51
cat-Birman 0.00445488 278 465 320 495
cat-Egyptian_Mau 0.0044332496 150 0 208 28
cat-Bengal 0.0044320184 343 2 374 14
cat-Bombay 0.0044231107 163 0 215 26
dog-staffordshire_bull_terrier 0.0044051227 71 2 201 68
cat-Bombay 0.0043661217 176 1 227 33
cat-Bengal 0.004339558 198 0 267 26
dog-basset_hound 0.004327695 293 330 311 348
cat-British_Shorthair 0.004277506 197 0 318 53
cat-Abyssinian 0.00425003 150 0 208 28
cat-British_Shorthair 0.0041851643 205 0 277 27
bella 0.0041435705 349 208 372 330
dog-newfoundland 0.0041399556 183 0 296 53
