cat-British_Shorthair 0.020883417 12 50 189 175
dog-keeshond 0.020655075 16 46 184 176
cat-Bengal 0.018149711 0 41 179 179
cat-Bombay 0.018083267 86 0 143 13
cat-Egyptian_Mau 0.015409503 0 80 11 112
cat-Persian 0.011305889 12 50 189 175
cat-Bombay 0.01036217 67 0 103 10
dog-american_pit_bull_terrier 0.009556104 175 19 200 80
cat-Bombay 0.009528127 65 0 112 13
dog-wheaten_terrier 0.00840209 47 70 69 80
cat-Siamese 0.008307124 61 0 104 13
cat-Birman 0.008217458 52 0 83 9
cat-Bombay 0.008145975 75 0 138 19
dog-wheaten_terrier 0.008005933 12 50 189 175
cat-Bombay 0.007982521 174 0 200 17
dog-wheaten_terrier 0.0077622435 48 73 68 82
dog-english_cocker_spaniel 0.0075959964 0 41 179 179
cat-Siamese 0.0075682066 5 0 62 18
cat-Maine_Coon 0.0075106844 0 41 179 179
dog-scottish_terrier 0.0072339172 12 50 189 175
cat-Siamese 0.007197726 64 0 97 10
dog-basset_hound 0.007152575 0 41 179 179
dog-newfoundland 0.006907017 96 36 142 63
dog-newfoundland 0.0067413067 140 70 154 89
cat-Egyptian_Mau 0.0066918046 0 41 179 179
dog-newfoundland 0.0065897284 88 36 129 64
dog-keeshond 0.0064033265 99 149 147 177
cat-Birman 0.0063445256 64 0 97 10
cat-Egyptian_Mau 0.006155112 0 84 12 122
dog-newfoundland 0.006073008 73 37 123 64
cat-Birman 0.006009156 55 0 96 13
cat-Siamese 0.0059735705 1 0 51 24
dog-staffordshire_bull_terrier 0.0058906972 57 14 165 77
dog-american_pit_bull_terrier 0.005846703 179 31 200 86
cat-Egyptian_Mau 0.005750085 0 75 12 105
cat-British_Shorthair 0.0056997538 67 0 103 10
dog-newfoundland 0.005546223 0 41 179 179
dog-scottish_terrier 0.0054501374 61 6 189 86
dog-english_setter 0.0053124493 175 19 200 80
cat-Siamese 0.0052560335 52 0 83 9
dog-wheaten_terrier 0.0052512465 57 14 165 77
dog-havanese 0.005217598 35 35 71 70
dog-havanese 0.005136284 28 51 197 176
dog-pomeranian 0.0050518187 33 0 93 18
dog-leonberger 0.004989378 27 44 200 179
dog-english_cocker_spaniel 0.0049299574 57 14 165 77
dog-havanese 0.0048334263 108 42 155 67
cat-Bombay 0.0047691353 77 0 119 10
dog-yorkshire_terrier 0.004727209 1 0 95 40
dog-pomeranian 0.004718045 11 0 85 25
dog-english_cocker_spaniel 0.004710442 1 65 14 70
dog-boxer 0.004670402 17 69 40 81
dog-yorkshire_terrier 0.0046283645 20 0 124 41
dog-american_pit_bull_terrier 0.004626377 0 26 63 152
cat-Russian_Blue 0.0045020883 61 0 104 13
cat-Abyssinian 0.004438006 64 0 97 10
cat-Egyptian_Mau 0.0044150944 187 49 200 85
bella 0.004414246 189 59 200 95
dog-chihuahua 0.0043609883 22 0 82 18
cat-Egyptian_Mau 0.004337307 51 72 71 82
cat-Bombay 0.004332705 12 50 189 175
dog-newfoundland 0.004302506 44 8 173 89
dog-yorkshire_terrier 0.0042563654 26 0 165 51
dog-basset_hound 0.0042232773 187 51 198 95
dog-havanese 0.0042103687 107 33 158 62
cat-Russian_Blue 0.004122772 91 0 145 13
dog-newfoundland 0.0040905126 101 42 148 67
dog-chihuahua 0.0040139444 4 0 62 22
dog-miniature_pinscher 0.004002699 57 14 165 77
cat-Bombay 0.0039819805 105 0 152 12
dog-yorkshire_terrier 0.0039544906 100 0 166 18
dog-yorkshire_terrier 0.0039536757 46 0 106 18
dog-boxer 0.0039460515 16 65 40 76
dog-english_cocker_spaniel 0.0039118235 58 33 159 102
dog-newfoundland 0.0038785564 72 29 125 56
dog-leonberger 0.0038769243 99 149 147 177
dog-scottish_terrier 0.0038661247 152 4 200 91
dog-newfoundland 0.0038584997 97 63 129 105
dog-pug 0.0038415366 1 0 95 40
cat-Bombay 0.0038391233 62 0 77 4
dog-leonberger 0.0038215853 33 0 93 18
dog-yorkshire_terrier 0.0037955826 77 0 165 25
cat-Bengal 0.0037917711 28 51 197 176
dog-samoyed 0.0037657376 32 0 95 22
dog-leonberger 0.003757587 0 41 179 179
dog-american_pit_bull_terrier 0.003739415 0 7 58 100
dog-wheaten_terrier 0.0037259685 0 59 170 179
dog-samoyed 0.0036897734 0 41 179 179
cat-Birman 0.0036490958 5 0 62 18
dog-english_cocker_spaniel 0.0036389453 188 53 198 99
cat-Bombay 0.0036209163 91 0 133 10
cat-Bombay 0.0036026372 128 0 165 9
dog-miniature_pinscher 0.0035787874 152 4 200 91
dog-pomeranian 0.003547471 0 0 63 24
bella 0.003545784 187 25 200 55
dog-english_setter 0.0035144247 179 31 200 86
dog-american_pit_bull_terrier 0.0034939442 33 0 93 18
dog-wheaten_terrier 0.003472708 38 70 59 80
dog-leonberger 0.0034423461 125 58 200 174
dog-newfoundland 0.0034276946 117 61 154 116
