cat-Egyptian_Mau 0.9631485 232 12 405 182
cat-Maine_Coon 0.22660773 233 12 406 185
bella 0.080082186 232 12 405 182
dog-basset_hound 0.07431278 232 12 405 182
cat-British_Shorthair 0.05270826 232 12 405 182
dog-samoyed 0.048000086 232 12 405 182
cat-Ragdoll 0.039428376 232 12 407 184
cat-Russian_Blue 0.019997275 232 12 405 182
dog-shiba_inu 0.01781943 233 12 406 185
dog-american_bulldog 0.011693301 226 0 414 184
dog-beagle 0.01048679 234 13 405 183
dog-samoyed 0.009265164 242 15 383 98
cat-British_Shorthair 0.008794774 18 10 418 211
dog-basset_hound 0.008593098 319 236 348 284
cat-Bengal 0.008484914 234 10 409 183
cat-Bengal 0.008108953 0 0 419 217
cat-Abyssinian 0.007707501 234 10 409 183
cat-Ragdoll 0.007503429 329 6 400 29
dog-yorkshire_terrier 0.006765642 0 0 287 87
cat-Bombay 0.0065725977 0 0 287 87
cat-Bombay 0.0064911814 431 2 497 31
cat-Egyptian_Mau 0.0060651377 219 5 500 190
bella 0.006020302 2 134 33 194
cat-Bombay 0.0059346575 77 0 226 25
cat-Abyssinian 0.005881013 236 20 281 96
cat-Bengal 0.0058070123 0 0 369 168
dog-great_pyrenees 0.0056632287 226 0 414 184
dog-great_pyrenees 0.0054066693 110 116 170 142
cat-Siamese 0.0052698255 1 0 152 39
cat-Ragdoll 0.005202219 334 0 400 22
dog-yorkshire_terrier 0.005085337 0 1 326 115
dog-staffordshire_bull_terrier 0.0050270157 147 285 182 299
cat-Egyptian_Mau 0.004965938 0 0 78 20
dog-staffordshire_bull_terrier 0.0049166023 182 298 209 310
cat-Egyptian_Mau 0.004874837 0 0 33 12
cat-Abyssinian 0.004832195 236 25 268 81
cat-Bengal 0.004822384 426 0 493 22
cat-Ragdoll 0.004792731 0 270 99 334
cat-Egyptian_Mau 0.004678775 242 15 383 98
bella 0.004664884 465 75 498 165
cat-Bengal 0.0046401694 247 113 363 181
cat-Bengal 0.004598183 431 2 497 31
dog-american_bulldog 0.0045401296 329 6 400 29
cat-Bengal 0.0045023747 236 20 281 96
dog-havanese 0.004470557 113 116 167 143
dog-great_pyrenees 0.004463402 95 117 158 144
dog-newfoundland 0.0044357968 77 143 109 188
dog-leonberger 0.0043355986 77 143 109 188
dog-staffordshire_bull_terrier 0.0042659547 115 290 147 303
dog-staffordshire_bull_terrier 0.004234862 198 298 230 312
bella 0.0041798935 466 101 498 190
dog-staffordshire_bull_terrier 0.0041504297 109 286 140 299
bella 0.0040514627 1 143 36 211
cat-Egyptian_Mau 0.004042068 0 0 419 217
cat-Bombay 0.004032487 431 0 464 9
dog-shiba_inu 0.0040285536 329 6 400 29
bella 0.004007045 31 137 116 255
cat-Egyptian_Mau 0.003924777 247 89 325 172
dog-keeshond 0.0038629742 228 14 393 126
bella 0.0038531006 465 51 498 141
dog-boxer 0.0038367768 182 298 209 310
dog-english_cocker_spaniel 0.0037949565 464 32 499 128
dog-boxer 0.0037715344 200 302 228 314
cat-Bombay 0.0037579357 236 25 268 81
cat-British_Shorthair 0.0037442518 0 0 369 168
dog-shiba_inu 0.0037072618 242 15 383 98
dog-shiba_inu 0.0037029474 219 5 500 190
bella 0.003696834 466 151 498 241
cat-Egyptian_Mau 0.0036642742 0 0 369 168
cat-Persian 0.0036178916 226 0 414 184
bella 0.0036134683 465 126 498 216
cat-Siamese 0.0035120223 353 5 496 60
dog-english_cocker_spaniel 0.003482582 465 192 499 285
cat-Bombay 0.0034755194 10 0 181 39
dog-english_cocker_spaniel 0.0034620808 0 0 447 263
dog-keeshond 0.0034377247 239 0 405 168
dog-newfoundland 0.003419069 88 153 142 218
bella 0.003387384 471 120 500 189
cat-Russian_Blue 0.0033715551 219 5 500 190
dog-boxer 0.003369583 227 308 254 318
dog-english_setter 0.003368791 239 0 405 168
dog-great_pyrenees 0.0033613415 242 15 383 98
dog-american_pit_bull_terrier 0.0033476416 3 71 76 153
cat-British_Shorthair 0.0033241543 219 5 500 190
dog-yorkshire_terrier 0.0033112704 8 12 209 100
dog-american_pit_bull_terrier 0.0032997269 0 28 169 235
bella 0.0032986542 471 95 500 164
dog-english_cocker_spaniel 0.0032965043 465 58 499 152
dog-staffordshire_bull_terrier 0.0032918262 239 0 405 168
dog-yorkshire_terrier 0.0032742599 0 28 169 235
cat-Bombay 0.0032683017 24 0 187 25
dog-yorkshire_terrier 0.0032583587 0 0 231 131
cat-Bombay 0.0032434252 0 1 326 115
bella 0.003220705 470 70 500 139
dog-english_setter 0.0032132573 17 118 209 329
cat-Bengal 0.003212857 400 0 478 19
cat-Ragdoll 0.003198846 237 21 300 105
cat-Abyssinian 0.003176478 0 0 78 20
cat-Siamese 0.003165699 486 1 500 24
cat-Bombay 0.0031654104 419 0 453 9
