cat-Egyptian_Mau 0.86907905 15 37 142 152
cat-Bengal 0.40046024 15 34 143 153
dog-basset_hound 0.25918636 15 34 143 153
cat-Abyssinian 0.23123507 15 34 143 153
cat-Russian_Blue 0.2059767 15 34 143 153
cat-Maine_Coon 0.10832516 15 34 143 153
dog-shiba_inu 0.08172176 12 25 139 161
cat-British_Shorthair 0.06213679 15 34 143 153
cat-Ragdoll 0.05172157 12 25 139 161
bella 0.042396065 15 34 143 153
dog-samoyed 0.04079281 12 25 139 161
cat-Egyptian_Mau 0.035177507 0 12 137 145
cat-Bengal 0.029080508 0 12 137 145
dog-chihuahua 0.027700692 12 25 139 161
dog-beagle 0.024299443 12 29 141 151
dog-american_bulldog 0.024032788 30 50 487 177
bella 0.020412033 468 84 497 128
dog-american_pit_bull_terrier 0.020247307 324 0 500 146
dog-newfoundland 0.019812593 232 66 278 83
dog-saint_bernard 0.017342577 30 50 487 177
cat-Sphynx 0.017028293 12 25 139 161
cat-Egyptian_Mau 0.016437119 30 50 487 177
cat-Bombay 0.014700512 206 0 355 17
dog-wheaten_terrier 0.014698074 15 34 143 153
dog-american_pit_bull_terrier 0.014377355 85 2 231 34
dog-english_setter 0.0140744485 12 28 144 152
cat-Siamese 0.014030211 10 23 136 161
cat-Russian_Blue 0.013564816 208 0 342 18
cat-Bombay 0.0133438045 328 0 484 18
cat-Ragdoll 0.012559766 30 50 487 177
dog-american_pit_bull_terrier 0.012189923 58 0 211 26
dog-american_bulldog 0.01208829 12 25 139 161
dog-japanese_chin 0.011743472 30 50 487 177
cat-British_Shorthair 0.011525856 30 50 487 177
dog-american_pit_bull_terrier 0.011308794 12 25 139 161
dog-miniature_pinscher 0.010476815 12 28 144 152
dog-great_pyrenees 0.010290229 12 25 139 161
cat-Bombay 0.010161156 250 0 412 17
dog-pomeranian 0.009896967 12 25 139 161
dog-leonberger 0.009785798 225 67 272 85
dog-english_cocker_spaniel 0.009068585 15 34 143 153
dog-shiba_inu 0.0087969275 57 0 188 29
dog-scottish_terrier 0.008661234 12 25 139 161
dog-leonberger 0.0085322205 214 67 259 86
dog-leonberger 0.008201471 166 0 323 25
bella 0.007971929 376 73 412 104
dog-beagle 0.007925927 30 50 487 177
cat-Abyssinian 0.0077770036 0 12 137 145
dog-basset_hound 0.007671125 0 12 137 145
cat-Persian 0.007522412 30 50 487 177
dog-american_pit_bull_terrier 0.0074946037 118 0 257 25
cat-Maine_Coon 0.007258135 57 0 188 29
dog-basset_hound 0.006746485 467 60 500 120
cat-Russian_Blue 0.0067293732 0 12 137 145
cat-Bombay 0.006727984 293 0 446 21
cat-Egyptian_Mau 0.0064682104 464 119 492 154
bella 0.006415121 472 92 500 130
dog-american_pit_bull_terrier 0.0063879546 34 3 191 35
dog-english_cocker_spaniel 0.00628158 467 49 498 105
cat-Egyptian_Mau 0.0062532336 466 90 497 133
cat-Birman 0.0062145307 30 50 487 177
dog-japanese_chin 0.0061343843 11 29 139 152
cat-British_Shorthair 0.006055372 0 12 137 145
dog-american_bulldog 0.006037856 59 14 500 153
dog-scottish_terrier 0.00589468 0 0 214 150
dog-samoyed 0.005796368 149 0 302 32
dog-boxer 0.0057912893 30 50 487 177
dog-american_pit_bull_terrier 0.00574709 17 0 161 24
dog-keeshond 0.005646753 12 25 139 161
dog-american_bulldog 0.005482755 212 67 259 83
dog-wheaten_terrier 0.0053888313 0 12 137 145
cat-Bombay 0.0053696823 412 1 497 19
dog-leonberger 0.0053486335 202 68 243 86
dog-samoyed 0.0053483294 166 0 323 25
cat-Maine_Coon 0.005332974 0 12 137 145
cat-Siamese 0.005315469 30 50 487 177
dog-staffordshire_bull_terrier 0.005205048 12 25 139 161
cat-British_Shorthair 0.0051603965 208 0 342 18
dog-miniature_pinscher 0.0051506604 0 69 16 88
dog-english_cocker_spaniel 0.005130347 0 12 137 145
cat-Bengal 0.005080663 0 0 214 150
dog-wheaten_terrier 0.005065362 0 0 214 150
dog-great_pyrenees 0.0050505293 30 50 487 177
dog-great_pyrenees 0.005023752 129 0 314 35
dog-american_pit_bull_terrier 0.0049261623 0 0 157 112
dog-newfoundland 0.004837125 244 66 305 80
dog-saint_bernard 0.004802224 202 68 243 86
dog-basset_hound 0.004783024 468 84 497 128
dog-samoyed 0.00461215 162 0 381 32
dog-miniature_pinscher 0.0046091196 56 3 211 35
cat-Egyptian_Mau 0.004601015 0 44 291 230
dog-miniature_pinscher 0.0045849537 485 164 500 184
dog-american_bulldog 0.0045681773 205 41 500 159
dog-shiba_inu 0.0045427964 213 0 315 18
dog-leonberger 0.0044980445 10 23 136 161
dog-chihuahua 0.0044808313 486 161 500 181
dog-american_pit_bull_terrier 0.004469305 95 8 500 162
dog-great_pyrenees 0.004458049 166 0 323 25
dog-chihuahua 0.004424652 445 121 500 180
dog-american_pit_bull_terrier 0.004420155 162 0 500 139
