cat-Birman 0.8816559 147 50 315 241
cat-Ragdoll 0.67126006 147 50 315 241
dog-japanese_chin 0.46647853 147 50 315 241
cat-British_Shorthair 0.07041215 147 50 315 241
cat-Persian 0.06831333 147 50 315 241
dog-miniature_pinscher 0.026063409 0 0 208 44
dog-pomeranian 0.023896096 147 50 315 241
dog-keeshond 0.021204265 147 51 316 242
cat-Abyssinian 0.018549396 480 236 500 271
dog-great_pyrenees 0.015196904 153 50 285 110
cat-Abyssinian 0.01321067 472 224 500 259
dog-miniature_pinscher 0.012559802 1 0 150 36
dog-american_pit_bull_terrier 0.011506765 0 70 73 179
cat-Siamese 0.011365984 147 50 315 241
dog-pug 0.010674987 147 50 315 241
dog-american_bulldog 0.00954243 147 50 316 242
cat-Egyptian_Mau 0.009096489 0 169 30 234
dog-american_pit_bull_terrier 0.008290896 1 102 63 193
cat-Abyssinian 0.007802462 485 254 500 279
dog-saint_bernard 0.007797041 143 50 319 240
cat-Egyptian_Mau 0.007694508 0 150 31 212
bella 0.0074348194 4 220 99 334
cat-British_Shorthair 0.00738812 0 57 332 272
dog-boxer 0.0073461398 147 50 315 241
cat-Abyssinian 0.007091874 481 246 499 276
cat-Egyptian_Mau 0.0070480467 0 186 30 259
dog-chihuahua 0.0066351607 280 0 442 35
dog-pug 0.006613676 154 59 500 280
dog-samoyed 0.0065889754 164 51 290 107
cat-Bombay 0.0064802365 233 0 275 8
cat-Bombay 0.0063002673 486 265 500 289
cat-Ragdoll 0.006272211 0 16 333 231
cat-Bombay 0.006170331 12 0 179 36
dog-leonberger 0.0061272685 406 225 451 255
bella 0.0060260426 3 228 35 299
dog-miniature_pinscher 0.0059227645 0 0 189 76
cat-Ragdoll 0.005738601 106 0 368 245
dog-boxer 0.00570014 91 95 148 118
dog-boxer 0.0055953455 149 15 500 234
cat-Abyssinian 0.005391321 486 265 500 289
dog-wheaten_terrier 0.005338481 145 47 313 237
cat-Siamese 0.005319918 149 15 500 234
cat-Siamese 0.0052581653 49 145 108 168
cat-Bombay 0.0051855566 485 254 500 279
cat-Birman 0.0051603327 456 51 500 100
dog-german_shorthaired 0.005147141 205 0 252 9
dog-miniature_pinscher 0.005043258 3 17 79 100
cat-Birman 0.005012386 152 79 272 215
dog-japanese_chin 0.0047811405 0 57 332 272
dog-boxer 0.004712175 106 94 165 120
dog-boxer 0.0047029145 91 101 147 126
dog-leonberger 0.004670495 408 230 451 266
cat-Bengal 0.0046614464 481 246 499 276
cat-Bombay 0.0045833266 375 0 419 9
cat-British_Shorthair 0.0045626233 233 0 275 8
dog-chihuahua 0.0043965653 231 0 441 46
dog-boxer 0.0043400778 40 153 64 166
cat-Bombay 0.004339515 219 0 263 8
cat-Bengal 0.0043393113 0 175 30 247
dog-samoyed 0.004332339 143 50 319 240
cat-Egyptian_Mau 0.00422007 147 50 316 242
cat-Bombay 0.00421759 244 0 291 9
dog-chihuahua 0.004133438 236 0 399 34
cat-Bombay 0.0041291355 26 0 185 26
cat-Birman 0.004092734 39 153 64 168
dog-miniature_pinscher 0.004014352 9 0 263 74
dog-miniature_pinscher 0.0039446405 0 0 94 38
cat-Birman 0.003910429 158 128 307 239
cat-Birman 0.00386325 464 58 500 103
cat-Birman 0.0038613565 0 57 332 272
cat-Bombay 0.0038288787 330 0 398 12
cat-Egyptian_Mau 0.0037839618 0 205 31 276
cat-Ragdoll 0.0037650848 0 0 333 263
dog-german_shorthaired 0.0037555853 219 0 263 8
cat-Bombay 0.003733646 9 0 263 74
dog-miniature_pinscher 0.0037330925 2 37 70 127
cat-Abyssinian 0.00369048 484 235 500 263
cat-Birman 0.0036692268 331 0 476 33
cat-Siamese 0.0036552344 0 57 332 272
cat-Bengal 0.0036027743 0 50 31 113
cat-Abyssinian 0.0035981915 147 50 316 242
dog-leonberger 0.0035778997 143 50 319 240
cat-Bombay 0.003575057 205 0 252 9
cat-Siamese 0.0035642663 331 0 476 33
dog-yorkshire_terrier 0.0035093848 9 0 263 74
cat-Birman 0.003492761 460 60 499 118
cat-Bombay 0.0034810647 353 0 407 10
dog-american_pit_bull_terrier 0.003424025 441 185 500 269
dog-yorkshire_terrier 0.0034128956 11 0 248 46
cat-Ragdoll 0.003410728 38 0 312 253
dog-boxer 0.0034035556 108 100 166 128
cat-Persian 0.0033951097 0 16 333 231
cat-Bombay 0.0033895704 150 1 208 10
dog-chihuahua 0.0033324126 484 231 500 258
dog-leonberger 0.0033284759 0 175 30 247
dog-japanese_chin 0.0033131689 106 0 368 245
cat-Birman 0.0032943243 149 15 500 234
dog-japanese_chin 0.0032866392 164 51 290 107
dog-american_pit_bull_terrier 0.0032773237 0 46 65 154
cat-Bombay 0.0031727734 484 247 499 273
