cat-Persian 0.9340056 253 26 383 144
cat-Birman 0.40330282 253 27 382 144
cat-Ragdoll 0.14120504 253 25 384 145
dog-japanese_chin 0.1388064 253 23 382 151
cat-British_Shorthair 0.0686926 252 26 384 145
dog-keeshond 0.043084253 250 25 384 145
cat-Siamese 0.015532539 165 124 223 150
dog-havanese 0.011401998 253 23 382 151
dog-pomeranian 0.010219318 253 23 382 151
cat-Birman 0.010142061 178 32 383 160
cat-Bombay 0.00975079 123 0 227 25
cat-Maine_Coon 0.00968786 253 26 382 144
cat-Ragdoll 0.008080545 178 32 383 160
dog-japanese_chin 0.007765556 178 32 383 160
dog-pug 0.0075424453 253 23 382 151
dog-american_bulldog 0.007425065 184 11 500 232
bella 0.007422799 0 194 83 370
dog-great_pyrenees 0.0072987 253 23 382 151
cat-Persian 0.0072146636 141 183 198 199
dog-boxer 0.006763194 357 7 500 60
cat-Siamese 0.0061103487 357 7 500 60
cat-Persian 0.005984019 128 181 190 196
cat-Persian 0.005788805 129 159 158 171
dog-staffordshire_bull_terrier 0.0055030286 357 7 500 60
dog-japanese_chin 0.0054831477 258 35 397 232
cat-Bombay 0.0052938135 390 0 480 23
bella 0.005283167 0 172 31 238
cat-Birman 0.0052193627 258 35 397 232
dog-leonberger 0.005188733 253 23 382 151
cat-Birman 0.005115806 256 80 375 142
cat-Persian 0.0051132757 136 156 164 166
cat-Ragdoll 0.005055554 259 33 339 123
dog-shiba_inu 0.0047526076 37 0 252 52
dog-yorkshire_terrier 0.004726204 250 25 384 145
dog-miniature_pinscher 0.004544349 0 0 139 40
cat-Persian 0.004464165 256 80 375 142
dog-american_pit_bull_terrier 0.004429482 0 59 146 330
cat-Russian_Blue 0.004343912 19 0 165 37
cat-Bombay 0.004281862 419 2 497 34
dog-saint_bernard 0.0040074163 253 23 382 151
dog-miniature_pinscher 0.003990538 230 0 263 10
cat-Bengal 0.0039488263 0 0 364 174
dog-boxer 0.0039359755 253 23 382 151
dog-samoyed 0.003910716 253 23 382 151
cat-Siamese 0.0038013114 167 131 225 157
cat-Siamese 0.0037787973 184 11 500 232
cat-Russian_Blue 0.0037079097 60 0 190 27
cat-Persian 0.0037025462 178 32 383 160
cat-Persian 0.003693223 259 33 339 123
dog-miniature_pinscher 0.0036691031 253 0 286 13
cat-Bombay 0.0036376247 86 0 183 22
bella 0.0036260395 10 161 90 326
dog-miniature_pinscher 0.003580304 233 0 281 20
dog-pug 0.003569987 184 11 500 232
cat-Bombay 0.0035235605 76 0 216 27
cat-Sphynx 0.0034305851 357 7 500 60
cat-Bengal 0.003429205 19 0 165 37
dog-miniature_pinscher 0.0034291267 195 0 245 14
cat-Siamese 0.003423117 164 119 221 143
dog-boxer 0.0034016925 364 0 500 45
dog-miniature_pinscher 0.0033843135 252 0 285 20
cat-Persian 0.0033790139 123 162 153 176
cat-Bengal 0.0033056068 0 121 29 172
dog-pug 0.0032935678 178 32 383 160
dog-pomeranian 0.003283108 190 0 500 166
dog-basset_hound 0.0032828236 0 13 474 375
cat-Bombay 0.0032022826 257 34 302 100
dog-staffordshire_bull_terrier 0.0031140093 184 11 500 232
cat-Egyptian_Mau 0.0031067466 0 121 29 172
dog-boxer 0.003068556 184 11 500 232
cat-Russian_Blue 0.002979712 357 7 500 60
dog-american_bulldog 0.0029631064 253 23 382 151
dog-miniature_pinscher 0.0029520472 133 0 229 25
bella 0.002894841 2 253 37 333
cat-Sphynx 0.0028800138 228 0 257 13
dog-shiba_inu 0.0028707176 357 7 500 60
dog-great_pyrenees 0.002870244 190 0 500 166
dog-german_shorthaired 0.0028634993 0 0 139 40
cat-Siamese 0.0028591864 364 0 500 45
dog-miniature_pinscher 0.002846662 201 0 241 10
dog-miniature_pinscher 0.0028409895 187 0 230 10
dog-yorkshire_terrier 0.0028154494 131 0 281 42
dog-leonberger 0.0028116072 64 139 102 177
cat-Bengal 0.002776554 0 0 30 73
cat-Abyssinian 0.0027491343 253 23 382 151
bella 0.0027426498 0 152 30 214
dog-japanese_chin 0.002732011 275 98 500 375
dog-american_bulldog 0.002729305 194 60 500 375
dog-miniature_pinscher 0.002721367 220 0 252 9
cat-Maine_Coon 0.0027143708 257 34 302 100
cat-Bombay 0.0026608189 15 0 107 22
bella 0.0026602256 3 155 78 283
cat-Bombay 0.002656342 382 2 496 29
cat-Egyptian_Mau 0.002651151 0 0 364 174
cat-Birman 0.0026414983 257 34 302 100
dog-miniature_pinscher 0.0026271958 485 181 500 218
dog-havanese 0.0026205298 103 192 134 205
dog-miniature_pinscher 0.0026103202 173 0 228 15
cat-Persian 0.0026099514 109 177 140 190
cat-Persian 0.0026015046 257 34 302 100
