cat-Birman 0.91565025 145 26 352 233
cat-Siamese 0.78842 145 26 352 233
dog-pug 0.06248558 145 26 351 233
cat-Ragdoll 0.02808134 144 28 353 233
cat-Birman 0.0219358 357 0 500 32
dog-chihuahua 0.020021284 357 0 500 32
dog-basset_hound 0.019502869 139 270 277 333
cat-Siamese 0.01812204 357 0 500 32
cat-Birman 0.017061822 411 0 500 25
dog-pomeranian 0.013721628 142 24 356 233
cat-Ragdoll 0.013681727 2 265 76 334
cat-Ragdoll 0.013628283 0 1 360 231
cat-Siamese 0.01292501 10 0 165 36
dog-leonberger 0.012872578 470 24 498 93
cat-Siamese 0.012834885 411 0 500 25
cat-Bombay 0.012542251 381 0 500 28
cat-Birman 0.012178095 0 1 360 231
cat-Bombay 0.01192893 146 26 352 232
cat-Birman 0.0117745465 142 156 325 226
dog-boxer 0.011253816 144 28 353 233
dog-pug 0.010266635 348 0 500 38
cat-Abyssinian 0.010017278 381 0 500 28
dog-pug 0.009336416 0 1 360 231
cat-Siamese 0.009240496 3 2 180 46
cat-British_Shorthair 0.009211511 0 1 360 231
dog-pomeranian 0.009107142 357 0 500 32
cat-Siamese 0.009105743 0 1 360 231
dog-beagle 0.008942754 58 31 85 41
dog-keeshond 0.008879925 357 0 500 32
cat-Ragdoll 0.008674304 160 3 500 230
dog-leonberger 0.008423382 357 0 500 32
dog-staffordshire_bull_terrier 0.008145901 201 141 240 167
dog-japanese_chin 0.008018075 0 1 360 231
cat-Siamese 0.007996153 162 43 500 268
dog-english_cocker_spaniel 0.007636752 94 287 124 296
cat-Russian_Blue 0.007545856 324 0 483 30
dog-japanese_chin 0.0075399587 144 28 353 233
dog-chihuahua 0.0070618195 0 0 141 36
dog-scottish_terrier 0.007023003 141 29 342 138
dog-staffordshire_bull_terrier 0.007014532 121 0 367 235
cat-Birman 0.006991705 160 3 500 230
dog-english_cocker_spaniel 0.00684687 90 283 118 293
cat-Persian 0.006631783 0 1 360 231
cat-Sphynx 0.0065468024 0 1 360 231
cat-Birman 0.0064829662 411 0 500 33
dog-wheaten_terrier 0.0061339224 0 104 30 181
cat-British_Shorthair 0.006123272 144 28 353 233
dog-chihuahua 0.006058883 3 2 180 46
dog-leonberger 0.006014202 0 68 32 143
cat-Russian_Blue 0.005938355 363 0 500 28
dog-saint_bernard 0.005749303 56 33 79 45
cat-Persian 0.0057197697 0 48 31 124
dog-havanese 0.0056351875 413 109 500 232
dog-pug 0.0056047 162 43 500 268
dog-pomeranian 0.0055982564 0 1 360 231
dog-pomeranian 0.005523952 439 2 500 76
dog-english_setter 0.005436549 0 104 30 181
cat-Bengal 0.00536116 381 0 500 28
cat-Birman 0.005338876 10 0 165 36
cat-Egyptian_Mau 0.0053095175 2 265 76 334
dog-shiba_inu 0.005227956 348 0 500 38
cat-Maine_Coon 0.0052087153 381 0 500 28
bella 0.005163173 1 99 29 184
cat-Siamese 0.005138236 411 0 500 33
cat-Bombay 0.0050802394 0 1 360 231
dog-saint_bernard 0.005040995 54 32 81 42
cat-Bombay 0.0050189467 18 4 198 50
cat-Ragdoll 0.005000996 0 0 335 183
cat-Egyptian_Mau 0.0049349493 54 32 81 42
dog-japanese_chin 0.0049321363 0 48 31 124
cat-Abyssinian 0.0049022716 0 0 141 36
dog-japanese_chin 0.004899959 467 17 500 86
cat-Bombay 0.0048655123 270 0 423 27
cat-Birman 0.0048500495 443 0 500 24
cat-Bombay 0.0048164995 330 0 492 32
cat-Bombay 0.0048057917 241 48 346 153
cat-Birman 0.004797022 468 6 500 51
dog-staffordshire_bull_terrier 0.0047234395 314 31 352 39
dog-yorkshire_terrier 0.004584728 141 29 342 138
dog-yorkshire_terrier 0.0045826193 0 68 32 143
dog-german_shorthaired 0.0045688995 252 32 344 117
dog-leonberger 0.004457067 0 48 31 124
cat-Birman 0.004446699 0 48 31 124
cat-Russian_Blue 0.0044262973 146 26 352 232
cat-Abyssinian 0.0044196267 141 26 353 238
cat-Persian 0.0043917173 0 29 31 96
dog-pomeranian 0.004350324 411 0 500 33
dog-miniature_pinscher 0.0043363064 138 1 172 12
cat-Birman 0.004333137 0 29 31 96
dog-yorkshire_terrier 0.004259391 0 0 179 84
cat-Sphynx 0.004232345 348 0 500 38
dog-american_pit_bull_terrier 0.004151001 0 34 60 159
cat-Abyssinian 0.004085572 0 1 360 231
dog-pug 0.0040481985 305 0 474 33
dog-yorkshire_terrier 0.0040410245 357 0 500 32
dog-chihuahua 0.004038273 150 26 213 110
cat-Birman 0.004005645 462 0 500 35
cat-Bombay 0.0039820145 273 57 347 141
dog-chihuahua 0.0039777807 162 43 500 268
dog-japanese_chin 0.003955926 2 38 43 124
