cat-Birman 0.8372741 49 13 461 463
cat-Ragdoll 0.432062 49 13 461 463
cat-British_Shorthair 0.25652725 49 10 459 464
cat-Siamese 0.093825385 38 9 468 500
dog-pug 0.07902816 38 9 468 500
cat-Persian 0.07330179 38 9 468 500
cat-Russian_Blue 0.053215526 38 9 468 500
dog-keeshond 0.04124724 38 9 468 500
cat-Egyptian_Mau 0.03681418 38 9 468 500
dog-american_bulldog 0.03492402 38 9 468 500
cat-Maine_Coon 0.028679632 38 9 468 500
dog-leonberger 0.020932486 38 9 468 500
dog-samoyed 0.018485432 38 9 468 500
bella 0.018408904 50 12 491 460
dog-basset_hound 0.018075299 38 9 468 500
dog-boxer 0.017956385 38 9 468 500
dog-shiba_inu 0.015966186 0 14 460 461
dog-yorkshire_terrier 0.014154456 38 9 468 500
dog-saint_bernard 0.014096869 38 9 468 500
dog-japanese_chin 0.014050099 38 9 468 500
cat-Abyssinian 0.014017909 0 14 460 461
cat-Bombay 0.012187104 0 14 460 461
dog-japanese_chin 0.011319511 463 103 498 229
dog-japanese_chin 0.010806158 49 95 153 269
cat-Bengal 0.01046593 0 14 460 461
dog-pomeranian 0.010313774 44 17 461 465
cat-Birman 0.0103039425 210 350 417 436
dog-wheaten_terrier 0.009010754 38 9 468 500
cat-Egyptian_Mau 0.008771104 0 38 31 152
dog-leonberger 0.00833051 463 103 498 229
dog-havanese 0.007877292 196 95 242 113
dog-great_pyrenees 0.0078318715 38 9 468 500
dog-havanese 0.0073740063 38 9 468 500
dog-english_setter 0.0070472364 452 0 500 113
dog-staffordshire_bull_terrier 0.0068887733 38 9 468 500
cat-Bombay 0.0068483525 179 0 262 26
dog-pomeranian 0.006704473 5 0 132 53
dog-beagle 0.005936481 0 14 460 461
dog-american_pit_bull_terrier 0.0058636093 38 9 468 500
bella 0.0057930304 1 80 19 126
dog-leonberger 0.005220076 464 93 498 180
dog-japanese_chin 0.0051133796 468 100 500 201
dog-leonberger 0.0050829053 461 78 498 153
dog-newfoundland 0.005051752 38 9 468 500
bella 0.0048850905 465 190 497 314
dog-german_shorthaired 0.00471205 38 9 468 500
cat-Maine_Coon 0.004620923 415 430 500 498
dog-scottish_terrier 0.004554008 37 21 449 376
dog-pug 0.0045182584 191 21 437 142
cat-Siamese 0.004473342 5 0 132 53
dog-leonberger 0.0044685346 452 96 497 205
dog-japanese_chin 0.004430226 39 105 113 277
dog-japanese_chin 0.0044232095 452 96 497 205
cat-Siamese 0.0043728803 46 149 98 251
cat-Siamese 0.004372243 487 159 500 199
cat-Bombay 0.004370643 223 2 332 38
cat-Siamese 0.004246982 0 58 418 418
cat-Birman 0.00414146 46 59 333 403
cat-Bombay 0.0040755807 226 0 316 29
dog-yorkshire_terrier 0.0039922497 191 21 437 142
cat-Siamese 0.0039642695 486 334 500 374
cat-Birman 0.003918047 83 0 500 356
dog-samoyed 0.0038057198 469 226 500 329
cat-Egyptian_Mau 0.0037407686 1 57 36 172
cat-Bombay 0.0037381698 151 0 237 25
dog-japanese_chin 0.0037205615 41 136 132 308
dog-staffordshire_bull_terrier 0.0036702834 378 236 412 254
dog-pomeranian 0.003657163 470 84 500 153
dog-pomeranian 0.003631788 472 97 500 174
dog-english_cocker_spaniel 0.0036044281 0 14 460 461
dog-leonberger 0.003594154 470 84 500 153
cat-Egyptian_Mau 0.0035661077 0 126 33 210
cat-Birman 0.003545848 463 103 498 229
cat-Egyptian_Mau 0.0035087331 0 4 31 113
cat-Bombay 0.0034039693 91 1 208 36
cat-Birman 0.0033820195 0 29 419 500
dog-pomeranian 0.0033808625 10 1 182 81
cat-Siamese 0.003362126 487 147 500 186
cat-British_Shorthair 0.0033194735 46 59 333 403
dog-samoyed 0.003313465 0 285 30 395
dog-chihuahua 0.0032703392 5 0 132 53
cat-Siamese 0.003166435 487 171 500 213
cat-Bombay 0.0031496435 203 0 292 26
dog-shiba_inu 0.0031073005 473 259 500 339
cat-Persian 0.0031063983 463 103 498 229
dog-chihuahua 0.0030951016 486 328 500 368
dog-yorkshire_terrier 0.003071533 377 9 419 28
dog-wheaten_terrier 0.0030476786 0 244 32 348
dog-english_setter 0.0030310797 38 9 468 500
dog-keeshond 0.002983162 38 24 440 294
cat-Birman 0.002951775 240 17 422 90
bella 0.0029421074 2 303 33 414
dog-boxer 0.00285162 177 92 228 133
cat-Birman 0.0028378707 145 17 460 296
dog-pomeranian 0.0028262334 468 100 500 201
cat-Birman 0.0028184617 46 112 142 279
dog-leonberger 0.0028170564 472 106 500 192
dog-chihuahua 0.002812157 0 14 460 461
cat-Birman 0.0027830245 472 97 500 174
dog-samoyed 0.0027656986 270 16 422 91
