cat-Birman 0.8492009 71 55 256 235
cat-Ragdoll 0.69782794 71 55 256 235
cat-Siamese 0.2638807 69 56 256 235
dog-pomeranian 0.11943921 70 58 258 234
dog-keeshond 0.07915746 69 56 256 235
cat-British_Shorthair 0.038254663 0 34 270 289
cat-Persian 0.031401567 69 56 256 235
cat-Abyssinian 0.029742617 69 56 256 235
dog-japanese_chin 0.02578181 70 58 258 234
cat-Russian_Blue 0.024949398 0 34 270 289
dog-american_bulldog 0.020087268 69 56 256 235
cat-Egyptian_Mau 0.018196397 0 34 270 289
cat-Egyptian_Mau 0.016663697 69 56 256 235
dog-pug 0.016234064 69 56 256 235
cat-Abyssinian 0.015890634 0 34 270 289
cat-British_Shorthair 0.015383973 69 56 256 235
dog-shiba_inu 0.014066564 66 51 254 235
cat-Birman 0.013047634 67 62 187 226
cat-Maine_Coon 0.01265079 75 56 269 251
cat-Ragdoll 0.011484452 0 34 270 289
cat-Bengal 0.011466417 0 34 270 289
cat-Russian_Blue 0.01090728 69 54 258 227
cat-British_Shorthair 0.010253914 0 0 245 227
cat-Persian 0.010009733 0 34 270 289
dog-boxer 0.009563324 0 34 270 289
cat-Egyptian_Mau 0.008576905 1 273 21 370
dog-basset_hound 0.008524064 2 62 261 500
dog-boxer 0.0085044885 69 56 256 235
cat-Sphynx 0.0084442375 0 34 270 289
cat-Birman 0.008402716 0 34 270 289
cat-Egyptian_Mau 0.008351872 0 296 20 376
dog-samoyed 0.007900131 66 51 254 235
cat-Ragdoll 0.007799808 174 72 253 209
cat-Siamese 0.007641129 0 34 270 289
dog-japanese_chin 0.007122872 0 34 270 289
dog-pug 0.0070909 0 34 270 289
cat-Egyptian_Mau 0.006895036 339 43 375 164
cat-Egyptian_Mau 0.0068169264 0 247 22 356
bella 0.0067762276 69 54 258 227
dog-yorkshire_terrier 0.006670144 66 51 254 235
dog-american_bulldog 0.0066488655 0 34 270 289
cat-Bombay 0.0066373833 143 0 207 27
cat-Russian_Blue 0.006499163 0 0 245 227
dog-basset_hound 0.00602758 0 34 270 289
cat-Bombay 0.005988269 144 3 225 33
cat-Egyptian_Mau 0.0056842733 0 0 245 227
cat-Persian 0.005647194 0 0 245 227
cat-British_Shorthair 0.0055242223 100 10 127 24
cat-Ragdoll 0.0055012438 67 62 187 226
cat-Egyptian_Mau 0.0050555756 0 0 58 30
cat-Ragdoll 0.005047935 0 0 245 227
dog-beagle 0.0050077266 0 34 270 289
dog-keeshond 0.004880971 0 34 270 289
cat-British_Shorthair 0.0048676413 90 3 120 20
cat-Abyssinian 0.004683856 0 0 245 227
cat-Siamese 0.004654569 78 9 375 302
dog-english_cocker_spaniel 0.0046236943 351 305 372 418
cat-Bengal 0.004577078 0 0 245 227
dog-pomeranian 0.0045637586 0 34 270 289
cat-Bombay 0.0045331377 0 34 270 289
cat-Bengal 0.0044693747 352 313 375 414
cat-British_Shorthair 0.004427392 100 4 130 19
dog-basset_hound 0.0044056396 69 54 258 227
cat-Bombay 0.0043530557 161 0 224 27
cat-Persian 0.004299976 174 72 253 209
dog-wheaten_terrier 0.004153801 0 34 270 289
cat-Egyptian_Mau 0.0040655457 62 33 312 271
dog-havanese 0.0040337974 0 34 270 289
dog-shiba_inu 0.003978565 0 34 270 289
dog-staffordshire_bull_terrier 0.003937993 0 34 270 289
dog-staffordshire_bull_terrier 0.0039113127 69 54 258 227
cat-Bombay 0.0037958836 170 4 250 33
dog-boxer 0.0037264125 62 33 312 271
cat-Birman 0.003714959 108 0 375 247
dog-basset_hound 0.0037123621 54 31 293 475
dog-leonberger 0.0036845098 0 34 270 289
dog-great_pyrenees 0.0036279545 66 51 254 235
cat-Siamese 0.003577189 62 33 312 271
dog-german_shorthaired 0.0035742503 188 52 253 171
cat-Egyptian_Mau 0.003521693 349 67 375 156
dog-keeshond 0.0035090034 174 72 253 209
cat-Bengal 0.0034902457 0 296 20 376
cat-Bengal 0.003468173 0 0 84 40
dog-scottish_terrier 0.0034357635 69 54 258 227
cat-Bombay 0.0033953437 208 0 273 28
cat-Russian_Blue 0.0033696021 0 296 20 376
cat-Ragdoll 0.0033485005 188 52 253 171
cat-Bombay 0.0033134585 191 3 269 33
cat-British_Shorthair 0.0032935694 109 4 139 19
cat-Bombay 0.0032795644 123 0 189 26
cat-Bombay 0.0032770012 212 2 294 35
cat-Russian_Blue 0.0032427963 100 10 127 24
dog-basset_hound 0.003227058 0 60 243 500
cat-Maine_Coon 0.003220278 0 34 270 289
dog-english_cocker_spaniel 0.003197025 0 373 16 419
cat-Bombay 0.0031961042 0 0 245 227
cat-Ragdoll 0.0031723692 72 113 137 216
dog-american_bulldog 0.0031565726 0 0 245 227
cat-Sphynx 0.003102567 78 9 375 302
cat-Bombay 0.0030976215 179 0 242 27
