cat-Birman 0.8397896 219 185 271 240
cat-Ragdoll 0.26077935 219 184 272 242
cat-Siamese 0.22388944 219 185 271 240
dog-pomeranian 0.15516554 219 184 272 242
dog-japanese_chin 0.049108315 216 183 271 246
dog-keeshond 0.046070706 219 186 273 237
dog-pug 0.035282206 219 186 273 237
cat-Persian 0.034987148 219 186 273 237
dog-staffordshire_bull_terrier 0.03094889 219 186 273 237
cat-British_Shorthair 0.03035796 219 186 273 237
cat-Russian_Blue 0.027007392 219 186 273 237
cat-Bombay 0.019739637 219 186 273 237
dog-boxer 0.016884483 219 186 273 237
dog-american_bulldog 0.015885796 218 183 271 245
dog-shiba_inu 0.013386846 219 186 273 237
cat-Maine_Coon 0.01250238 219 186 273 237
cat-Abyssinian 0.011940964 218 183 271 245
dog-boxer 0.011913887 55 30 311 273
dog-yorkshire_terrier 0.011548565 219 186 273 237
dog-great_pyrenees 0.010833379 271 119 379 183
cat-Egyptian_Mau 0.010424047 219 186 273 237
bella 0.00997147 219 186 273 237
dog-great_pyrenees 0.009507875 211 184 270 254
dog-chihuahua 0.0095030945 198 0 422 46
dog-pomeranian 0.009225155 207 0 500 123
dog-great_pyrenees 0.009179145 272 100 377 165
dog-great_pyrenees 0.008724819 211 0 500 214
dog-samoyed 0.008543644 218 183 271 245
cat-Birman 0.008524567 356 0 500 35
dog-boxer 0.0080663655 256 177 318 206
dog-leonberger 0.007896014 219 186 273 237
dog-havanese 0.006786216 255 0 500 236
dog-keeshond 0.006688414 245 100 500 333
dog-japanese_chin 0.006507423 199 36 500 333
dog-leonberger 0.006443946 1 73 31 117
dog-yorkshire_terrier 0.0062258104 207 0 500 123
dog-scottish_terrier 0.0061232974 219 186 273 237
dog-great_pyrenees 0.0061212173 438 76 500 156
dog-yorkshire_terrier 0.0060889334 325 0 500 111
dog-great_pyrenees 0.0060827867 443 96 500 178
dog-american_pit_bull_terrier 0.005969308 219 186 273 237
cat-Siamese 0.005736199 0 0 122 37
cat-Ragdoll 0.0056318194 221 182 305 238
dog-samoyed 0.005506417 211 0 500 214
cat-Maine_Coon 0.005404518 89 0 196 36
dog-yorkshire_terrier 0.0054009613 362 7 500 148
dog-japanese_chin 0.005339332 255 0 500 236
dog-great_pyrenees 0.0052771294 246 0 500 287
dog-american_bulldog 0.0052056704 0 41 324 333
dog-shiba_inu 0.0050324616 206 0 437 46
dog-chihuahua 0.0049792356 200 0 357 36
dog-havanese 0.0049148947 198 3 500 274
dog-boxer 0.0048280004 248 184 320 214
dog-japanese_chin 0.0046806806 207 191 270 276
dog-havanese 0.004633455 367 35 500 190
dog-shiba_inu 0.004609762 0 0 158 47
dog-leonberger 0.0045303535 0 41 324 333
dog-boxer 0.0044604493 279 57 310 64
dog-beagle 0.0044236397 0 41 324 333
dog-american_bulldog 0.0042943554 297 53 361 70
dog-saint_bernard 0.0042798705 55 30 311 273
dog-pomeranian 0.0042778365 259 55 500 328
dog-english_setter 0.0042035272 0 82 31 142
cat-Bombay 0.0041377037 186 0 262 17
cat-Siamese 0.004116633 331 0 489 34
dog-leonberger 0.0041116416 470 65 500 119
dog-great_pyrenees 0.0041092993 78 0 500 182
cat-Birman 0.004018151 18 0 150 35
dog-great_pyrenees 0.003968069 275 80 374 145
dog-beagle 0.0039555165 219 186 273 237
dog-miniature_pinscher 0.0038979135 485 141 500 173
dog-leonberger 0.0038810812 0 79 29 128
dog-pug 0.0038797304 169 154 269 241
dog-great_pyrenees 0.0038349587 240 103 361 162
dog-pomeranian 0.0038027777 211 0 500 214
dog-havanese 0.0037984124 219 186 273 237
dog-english_setter 0.0037414995 0 41 324 333
dog-japanese_chin 0.0037321614 172 0 500 175
dog-wheaten_terrier 0.0036645664 297 53 361 70
dog-great_pyrenees 0.003661899 273 137 382 200
dog-american_pit_bull_terrier 0.0036420969 206 0 437 46
dog-beagle 0.0035360893 246 122 281 130
cat-Birman 0.0035215223 221 182 305 238
dog-american_pit_bull_terrier 0.0034933563 0 41 324 333
cat-Egyptian_Mau 0.0034810284 0 41 324 333
dog-great_pyrenees 0.0034462023 240 121 359 180
dog-american_bulldog 0.003444768 273 54 339 71
dog-pomeranian 0.0034258657 345 11 500 142
cat-Siamese 0.0034165028 44 0 180 34
cat-Egyptian_Mau 0.003407891 317 53 370 71
dog-saint_bernard 0.003395615 0 41 324 333
cat-Egyptian_Mau 0.0033871378 297 53 361 70
cat-Siamese 0.0033803324 221 182 305 238
dog-saint_bernard 0.0033026529 218 183 271 245
dog-yorkshire_terrier 0.003254491 404 0 500 35
cat-Persian 0.0032498196 245 100 500 333
dog-great_pyrenees 0.0032378235 445 114 500 200
dog-great_pyrenees 0.0032370845 380 78 500 151
dog-leonberger 0.0032367555 262 119 500 333
dog-yorkshire_terrier 0.003221302 350 2 500 45
