cat-Birman 0.9920351 179 8 411 226
dog-pug 0.08542505 178 10 412 226
cat-Siamese 0.063179985 179 9 414 225
cat-Persian 0.029973581 179 9 412 225
cat-Ragdoll 0.02710205 177 9 412 225
cat-British_Shorthair 0.018640311 177 9 412 225
dog-pomeranian 0.014666611 188 1 415 223
cat-Siamese 0.014091411 1 227 36 281
dog-japanese_chin 0.013365777 178 10 412 226
cat-Ragdoll 0.011708427 125 1 203 27
cat-Ragdoll 0.011386095 150 0 213 20
dog-miniature_pinscher 0.01120322 284 1 312 16
cat-Siamese 0.010963888 125 1 203 27
cat-Birman 0.010629113 174 123 410 216
cat-Ragdoll 0.009337704 156 2 213 28
cat-Birman 0.009228032 199 0 500 230
cat-British_Shorthair 0.008782288 0 0 397 232
cat-Birman 0.00850198 1 227 36 281
cat-Siamese 0.008333276 129 6 200 36
dog-leonberger 0.008253483 0 235 34 295
cat-Siamese 0.0077483845 99 0 200 37
dog-boxer 0.007647987 183 0 493 217
dog-keeshond 0.007430159 177 9 412 225
cat-Bombay 0.007328889 439 1 500 33
dog-yorkshire_terrier 0.0069812573 0 0 397 232
cat-British_Shorthair 0.006404474 454 223 484 231
dog-keeshond 0.006280985 185 15 269 130
dog-pug 0.006257413 0 0 397 232
dog-yorkshire_terrier 0.006149596 185 15 269 130
dog-american_pit_bull_terrier 0.0061091552 0 0 112 127
cat-Persian 0.0059937327 0 0 397 232
cat-Bombay 0.005953936 185 14 222 72
dog-american_bulldog 0.0053107417 0 0 398 249
cat-Ragdoll 0.0052844235 0 0 397 232
cat-Birman 0.005256325 219 146 415 218
cat-Ragdoll 0.005182662 129 6 200 36
dog-miniature_pinscher 0.0051820916 285 0 313 11
cat-Ragdoll 0.005079097 186 0 248 21
dog-miniature_pinscher 0.005062649 0 0 112 127
cat-Bombay 0.0049942974 185 9 234 87
dog-yorkshire_terrier 0.004979058 183 0 493 217
dog-pomeranian 0.0048790374 150 0 213 20
cat-Birman 0.004835457 139 0 500 195
cat-Bombay 0.0048096543 179 9 414 225
cat-Birman 0.0048035206 0 0 397 232
cat-Persian 0.0047261748 441 0 500 55
dog-english_setter 0.0047104373 0 269 42 333
cat-Bengal 0.0046573794 119 162 157 182
cat-Bengal 0.0046033496 0 0 397 232
dog-pomeranian 0.004579123 186 10 250 95
cat-Siamese 0.0045469403 178 127 413 216
cat-Birman 0.0044318037 0 235 34 295
dog-japanese_chin 0.0044080704 0 0 397 232
cat-Abyssinian 0.0043655103 125 1 203 27
dog-miniature_pinscher 0.0043165158 0 0 123 42
dog-pomeranian 0.0042546494 156 2 213 28
cat-Birman 0.0042476854 125 1 203 27
cat-Ragdoll 0.0041803042 186 4 249 30
cat-Siamese 0.0041223764 156 2 213 28
dog-basset_hound 0.0040442706 352 246 500 332
dog-miniature_pinscher 0.0040094573 0 3 122 61
dog-miniature_pinscher 0.004001914 0 0 169 116
dog-scottish_terrier 0.0039672526 177 13 405 117
cat-Maine_Coon 0.0037657162 0 230 31 248
cat-British_Shorthair 0.0037601285 0 0 360 177
dog-leonberger 0.0037444779 0 269 42 333
cat-Abyssinian 0.0037026098 156 2 213 28
cat-Siamese 0.0037007895 113 0 193 20
dog-great_pyrenees 0.003691064 150 0 213 20
dog-staffordshire_bull_terrier 0.0036671374 111 271 156 284
bella 0.0036447314 0 275 35 329
cat-Ragdoll 0.0036165596 0 0 360 177
cat-Persian 0.0036050586 0 0 360 177
cat-Bombay 0.0035984511 0 0 397 232
dog-american_bulldog 0.0035982223 183 0 493 217
dog-japanese_chin 0.0035979557 0 235 34 295
cat-Siamese 0.0035536843 136 12 199 44
dog-american_bulldog 0.003479636 150 0 213 20
dog-leonberger 0.0034763552 1 227 36 281
dog-yorkshire_terrier 0.003470402 177 13 405 117
dog-miniature_pinscher 0.0034650268 0 0 158 88
cat-Birman 0.003422125 185 15 269 130
cat-Siamese 0.0034002704 0 0 397 232
cat-Siamese 0.0033597078 98 1 190 25
cat-Bombay 0.0033218216 53 0 132 17
cat-Abyssinian 0.0033200902 150 0 213 20
dog-japanese_chin 0.0032670735 150 0 213 20
cat-Siamese 0.0032149602 396 5 490 55
dog-yorkshire_terrier 0.0031680535 0 0 360 177
cat-Persian 0.003166995 185 32 500 252
bella 0.003161035 2 142 35 220
cat-Birman 0.003148485 113 0 193 20
bella 0.0030869336 2 110 31 178
bella 0.0030852978 1 174 43 231
cat-Siamese 0.0030733412 150 0 213 20
cat-Persian 0.0030602266 0 231 44 245
cat-Ragdoll 0.0030520454 113 0 193 20
cat-Sphynx 0.0030446593 98 0 137 11
cat-Birman 0.0030407002 210 14 403 92
dog-miniature_pinscher 0.0030371146 106 0 150 12
