cat-Bombay 0.9859066 171 14 249 92
dog-beagle 0.055209313 63 32 261 237
dog-basset_hound 0.03982311 63 32 261 237
dog-yorkshire_terrier 0.027935551 171 13 249 91
dog-beagle 0.024390964 0 22 277 246
dog-boxer 0.021413593 63 32 261 237
cat-Russian_Blue 0.020228514 172 15 248 90
cat-Bombay 0.019963749 76 5 242 87
cat-Sphynx 0.016739396 63 32 261 237
dog-basset_hound 0.016537536 0 22 277 246
dog-yorkshire_terrier 0.015786776 76 5 242 87
dog-staffordshire_bull_terrier 0.014309214 129 120 155 130
dog-boxer 0.01254032 0 22 277 246
dog-scottish_terrier 0.011113458 172 15 248 90
cat-Egyptian_Mau 0.010548031 0 22 277 246
dog-basset_hound 0.010001982 54 78 162 249
cat-Bombay 0.009599501 64 0 230 71
dog-miniature_pinscher 0.0094567025 171 13 249 91
cat-Abyssinian 0.009284587 63 32 261 237
dog-saint_bernard 0.009036615 0 22 277 246
cat-Siamese 0.00893839 171 14 249 92
dog-newfoundland 0.008827653 171 13 249 91
dog-american_pit_bull_terrier 0.008482968 115 6 310 194
dog-saint_bernard 0.008331791 63 32 261 237
dog-beagle 0.007447826 112 38 310 227
cat-Bengal 0.007367803 0 22 277 246
cat-Bombay 0.007275261 175 40 247 91
cat-Sphynx 0.0072583174 0 22 277 246
dog-american_bulldog 0.0069714366 149 176 264 229
dog-pug 0.0066185365 76 5 242 87
cat-Bengal 0.006266656 171 13 249 91
cat-Ragdoll 0.006208078 0 220 45 271
cat-Egyptian_Mau 0.0059322016 63 32 261 237
cat-British_Shorthair 0.0057821376 171 13 249 91
dog-american_bulldog 0.0057725077 58 33 255 241
dog-pug 0.0056918976 171 13 249 91
dog-basset_hound 0.005686298 112 38 310 227
dog-american_bulldog 0.005644129 0 22 277 246
dog-staffordshire_bull_terrier 0.0056206817 127 121 150 134
dog-german_shorthaired 0.005567335 171 13 249 91
dog-english_setter 0.005565434 50 38 258 271
dog-saint_bernard 0.005524468 149 176 264 229
cat-Bombay 0.0054972046 95 0 164 18
dog-yorkshire_terrier 0.005324518 64 0 230 71
dog-shiba_inu 0.0052009607 89 35 281 235
dog-american_bulldog 0.0051576607 112 38 310 227
dog-shiba_inu 0.0049958285 0 22 277 246
cat-Bombay 0.0048454115 164 21 246 134
cat-Birman 0.0048355786 18 0 215 67
dog-american_pit_bull_terrier 0.004656774 128 0 310 206
cat-Bombay 0.004644266 0 0 172 65
cat-Siamese 0.004563098 76 5 242 87
dog-american_pit_bull_terrier 0.004459725 89 35 281 235
cat-Egyptian_Mau 0.0043683406 0 220 45 271
dog-saint_bernard 0.004357832 225 16 248 46
dog-yorkshire_terrier 0.004309889 6 0 179 58
dog-yorkshire_terrier 0.0043082726 21 11 164 73
bella 0.0042399317 288 54 309 128
cat-Bombay 0.004214007 270 1 308 27
dog-yorkshire_terrier 0.0041886833 0 0 202 90
dog-staffordshire_bull_terrier 0.0041669505 89 35 281 235
dog-american_pit_bull_terrier 0.004113391 0 227 9 244
dog-american_pit_bull_terrier 0.004000715 1 231 9 248
dog-english_cocker_spaniel 0.0038997207 288 26 309 103
cat-Ragdoll 0.0038788936 50 38 258 271
cat-Persian 0.0038537888 28 20 269 271
bella 0.00383728 288 81 309 154
dog-english_cocker_spaniel 0.0036731423 288 53 309 130
dog-yorkshire_terrier 0.003656739 0 0 148 99
dog-pug 0.0036167195 128 0 310 206
dog-yorkshire_terrier 0.0035971606 0 0 118 65
dog-english_cocker_spaniel 0.0035777383 288 87 309 163
dog-yorkshire_terrier 0.0035372758 0 9 196 124
bella 0.0035346986 288 34 309 108
dog-miniature_pinscher 0.0034726076 115 6 310 194
cat-Bengal 0.0034704218 266 0 305 18
bella 0.0034646974 290 74 310 136
cat-Bombay 0.0034471948 54 0 153 19
bella 0.003383074 292 63 310 119
dog-yorkshire_terrier 0.0033792611 31 23 229 107
bella 0.003344294 89 35 281 235
cat-Russian_Blue 0.0033330193 192 14 278 64
bella 0.0033240642 288 102 309 174
dog-chihuahua 0.0032743004 115 6 310 194
dog-staffordshire_bull_terrier 0.0032580534 132 122 163 133
bella 0.0032196827 292 91 310 146
dog-boxer 0.0031895451 178 0 194 7
cat-Siamese 0.0031445874 301 0 310 20
cat-Siamese 0.0031382681 0 0 94 34
cat-Birman 0.003108812 76 5 242 87
cat-Abyssinian 0.0030858784 154 11 251 89
dog-english_cocker_spaniel 0.0030800984 287 155 309 231
cat-Bengal 0.003076563 58 33 255 241
bella 0.0030059845 292 111 310 166
cat-Siamese 0.0029978203 0 22 277 246
dog-staffordshire_bull_terrier 0.0029070515 172 9 285 89
bella 0.0029017336 292 43 310 99
dog-boxer 0.0028963415 218 4 305 50
cat-Bengal 0.0028941045 270 1 308 27
dog-boxer 0.0028337787 226 15 262 37
