cat-Bombay 0.98952556 23 70 106 162
dog-scottish_terrier 0.060109165 25 71 106 162
cat-Siamese 0.05002207 25 71 106 162
dog-yorkshire_terrier 0.045023322 25 65 105 163
cat-Russian_Blue 0.040445883 25 71 106 162
cat-Bombay 0.03552186 135 55 248 315
cat-Russian_Blue 0.034618203 123 68 249 344
cat-British_Shorthair 0.033334635 25 71 106 162
cat-Bombay 0.032775875 51 79 106 155
cat-Bombay 0.02440867 20 47 249 335
cat-British_Shorthair 0.023745697 20 51 252 339
cat-Bengal 0.019470027 23 69 107 161
cat-Bombay 0.018866709 0 46 101 165
dog-newfoundland 0.01726739 25 71 106 162
cat-Birman 0.015931558 20 47 249 335
dog-pug 0.015595832 25 71 106 162
cat-Abyssinian 0.014444982 25 65 105 163
cat-Maine_Coon 0.014291926 22 69 107 163
dog-miniature_pinscher 0.014279156 25 71 106 162
dog-chihuahua 0.012774009 25 65 105 163
dog-staffordshire_bull_terrier 0.011803311 184 186 201 205
dog-staffordshire_bull_terrier 0.011699591 181 181 198 201
cat-Siamese 0.010981804 0 34 254 342
dog-yorkshire_terrier 0.009978886 139 0 254 77
cat-Siamese 0.008775234 0 70 99 191
cat-Bombay 0.008715037 29 72 156 184
dog-leonberger 0.008498106 236 74 254 163
dog-staffordshire_bull_terrier 0.008116439 178 186 195 206
dog-yorkshire_terrier 0.008049421 163 0 254 83
dog-great_pyrenees 0.007911153 1 199 20 258
cat-Abyssinian 0.0078521585 0 46 101 165
cat-Bengal 0.007470908 0 58 104 199
cat-Bombay 0.0073461183 97 109 251 379
dog-staffordshire_bull_terrier 0.0072620967 175 181 192 202
dog-great_pyrenees 0.007140426 1 163 42 255
dog-saint_bernard 0.0066362484 64 209 92 235
cat-British_Shorthair 0.0063312342 0 46 101 165
dog-staffordshire_bull_terrier 0.006143729 187 181 205 201
dog-yorkshire_terrier 0.0060399654 0 70 99 191
dog-yorkshire_terrier 0.0055761775 143 0 254 103
cat-Russian_Blue 0.005552744 5 41 254 380
dog-great_pyrenees 0.00551275 7 189 61 344
dog-staffordshire_bull_terrier 0.005422508 173 155 190 170
cat-Birman 0.005283406 21 70 105 172
dog-german_shorthaired 0.0052687884 25 71 106 162
dog-staffordshire_bull_terrier 0.0051825293 173 159 190 177
dog-staffordshire_bull_terrier 0.0051749186 190 186 209 205
cat-Siamese 0.0051026978 96 63 254 380
dog-staffordshire_bull_terrier 0.0050520175 184 191 200 209
dog-pug 0.004958576 129 42 252 299
dog-staffordshire_bull_terrier 0.004892195 173 163 190 183
dog-japanese_chin 0.0048887026 61 278 87 304
dog-pug 0.0048886286 27 38 254 380
dog-english_setter 0.00470366 236 77 253 172
bella 0.004601036 1 240 16 336
dog-saint_bernard 0.004502847 66 218 91 244
cat-Birman 0.0044849575 129 42 252 299
dog-yorkshire_terrier 0.0044623874 100 0 254 110
bella 0.004360349 236 93 253 194
cat-Russian_Blue 0.004308735 153 91 254 356
dog-staffordshire_bull_terrier 0.0042764638 5 41 254 380
dog-newfoundland 0.004256644 236 77 253 172
cat-Birman 0.0042274725 54 62 254 380
cat-Persian 0.004174748 21 39 239 273
dog-boxer 0.004097465 97 307 114 317
dog-staffordshire_bull_terrier 0.004088332 173 186 189 206
cat-Russian_Blue 0.004024358 0 46 101 165
cat-Bombay 0.004013912 77 81 105 138
bella 0.0039257254 239 156 254 224
dog-keeshond 0.0038376625 25 71 106 162
dog-great_pyrenees 0.0038316061 1 158 34 234
cat-Sphynx 0.0038245036 0 46 101 165
dog-boxer 0.0037808393 5 41 254 380
cat-Siamese 0.003761286 129 42 252 299
dog-shiba_inu 0.0037093475 0 70 99 191
cat-Siamese 0.0036345446 187 186 205 205
dog-leonberger 0.003555586 239 75 254 137
cat-Russian_Blue 0.003543911 101 97 254 380
dog-saint_bernard 0.0035288488 76 212 105 236
dog-great_pyrenees 0.0035168452 3 182 40 283
dog-leonberger 0.0035118302 220 31 254 125
cat-Siamese 0.0035109275 54 62 254 380
dog-staffordshire_bull_terrier 0.0035019703 178 176 196 197
dog-miniature_pinscher 0.003486473 0 46 101 165
dog-staffordshire_bull_terrier 0.0034827755 170 166 188 187
dog-english_cocker_spaniel 0.003475835 25 71 106 162
cat-Abyssinian 0.0034559334 247 80 254 105
dog-staffordshire_bull_terrier 0.0034542521 173 176 190 197
cat-Birman 0.0034426323 96 63 254 380
dog-american_bulldog 0.0033733372 98 184 122 208
bella 0.0033725165 238 133 254 217
cat-Egyptian_Mau 0.0033698843 0 69 17 139
dog-english_cocker_spaniel 0.0033436853 0 58 104 199
cat-Abyssinian 0.0033367292 175 189 254 380
bella 0.0033312757 247 185 254 215
dog-leonberger 0.0032896055 234 59 253 124
dog-japanese_chin 0.0032468077 9 0 117 175
dog-pug 0.0032404698 0 70 99 191
dog-boxer 0.0032295987 90 78 121 109
dog-yorkshire_terrier 0.0032233146 194 0 254 60
