cat-Bombay 0.9803565 160 8 331 200
cat-Russian_Blue 0.2084816 158 8 329 203
dog-scottish_terrier 0.17158839 158 8 329 203
cat-British_Shorthair 0.15381902 158 8 329 203
dog-newfoundland 0.14372458 158 8 329 203
cat-Siamese 0.10249163 158 8 329 203
dog-yorkshire_terrier 0.09742606 158 8 329 203
cat-Bengal 0.09214362 158 8 329 203
dog-german_shorthaired 0.06490259 158 8 329 203
dog-pug 0.054594032 158 8 329 203
cat-Birman 0.04309676 158 8 329 203
dog-english_cocker_spaniel 0.041360777 158 8 329 203
dog-keeshond 0.038335245 158 8 329 203
dog-boxer 0.033364832 158 8 329 203
cat-Persian 0.026876764 158 8 329 203
dog-staffordshire_bull_terrier 0.026353957 158 8 329 203
cat-Abyssinian 0.02595415 158 8 329 203
dog-wheaten_terrier 0.020323807 158 8 329 203
dog-chihuahua 0.019346794 158 8 329 203
cat-British_Shorthair 0.016912328 0 0 337 199
dog-miniature_pinscher 0.016113017 158 8 329 203
cat-Bombay 0.015643237 158 0 448 198
cat-Maine_Coon 0.015273795 158 8 329 203
dog-leonberger 0.014956525 158 8 329 203
dog-havanese 0.014940088 158 8 329 203
cat-Sphynx 0.014210436 158 8 329 203
cat-Egyptian_Mau 0.013841995 158 8 329 203
dog-yorkshire_terrier 0.012387846 158 0 448 198
cat-British_Shorthair 0.011997444 158 0 448 198
cat-Siamese 0.011348983 158 0 448 198
cat-Birman 0.010762487 158 0 448 198
dog-american_pit_bull_terrier 0.009323497 158 8 329 203
cat-Persian 0.009218342 158 0 448 198
cat-British_Shorthair 0.009184095 0 0 308 152
dog-shiba_inu 0.009111359 158 8 329 203
cat-Ragdoll 0.008643348 158 8 329 203
dog-japanese_chin 0.008611102 158 8 329 203
cat-Bombay 0.008312617 251 0 333 17
cat-Siamese 0.007873232 17 0 161 33
bella 0.0076109027 4 171 64 284
dog-english_cocker_spaniel 0.0075954855 381 158 448 300
cat-Abyssinian 0.0073133325 7 0 83 17
cat-Bengal 0.007234842 0 0 337 199
cat-Egyptian_Mau 0.0069824243 0 246 90 300
dog-great_pyrenees 0.0069734766 154 4 335 183
cat-Bombay 0.0068994057 159 138 282 193
dog-pug 0.006845376 158 0 448 198
cat-Siamese 0.0066056233 435 2 448 24
cat-Birman 0.0065636146 162 0 448 159
dog-basset_hound 0.0064690253 158 8 329 203
dog-pomeranian 0.0064534475 154 4 335 183
dog-english_setter 0.006395534 158 8 329 203
dog-miniature_pinscher 0.0063444413 308 2 448 44
cat-Bombay 0.0061391043 27 0 186 34
dog-yorkshire_terrier 0.0060474854 71 5 231 50
cat-Birman 0.005883391 17 0 161 33
dog-american_bulldog 0.005819187 154 4 335 183
cat-Bombay 0.0056046178 161 88 323 193
dog-basset_hound 0.00557946 385 183 448 298
cat-Bombay 0.0054263566 32 0 164 22
dog-staffordshire_bull_terrier 0.005353953 158 0 448 198
cat-Bombay 0.005024095 26 4 228 46
cat-Bombay 0.004725872 230 21 329 137
cat-Bombay 0.0047042225 384 1 448 29
dog-saint_bernard 0.0046541863 154 4 335 183
cat-Russian_Blue 0.0046465895 158 0 448 198
cat-Bombay 0.004480006 308 2 448 44
cat-Bengal 0.0044517866 0 0 308 152
cat-Bengal 0.004367465 391 201 448 299
dog-yorkshire_terrier 0.0043631233 72 0 216 36
dog-scottish_terrier 0.0043374575 153 9 325 112
cat-Egyptian_Mau 0.004299749 7 0 83 17
dog-chihuahua 0.0042101927 158 0 448 198
dog-chihuahua 0.004194455 308 2 448 44
cat-Egyptian_Mau 0.004142953 0 192 221 300
dog-pug 0.004135201 0 0 337 199
dog-miniature_pinscher 0.0040689665 354 0 448 43
dog-yorkshire_terrier 0.0040686573 0 0 337 199
cat-Bombay 0.0039686267 249 0 357 20
cat-Bombay 0.003966275 0 0 308 152
dog-miniature_pinscher 0.0038704386 158 0 448 198
dog-beagle 0.00381513 158 8 329 203
cat-Siamese 0.0037989484 7 0 83 17
dog-yorkshire_terrier 0.003737882 165 4 228 26
cat-Bombay 0.0036857196 0 0 337 199
dog-shiba_inu 0.0036666442 158 0 448 198
dog-yorkshire_terrier 0.00366371 308 2 448 44
cat-Abyssinian 0.003639122 7 0 128 32
cat-Maine_Coon 0.0036102384 158 0 448 198
cat-Bombay 0.0036098168 33 0 121 17
cat-Maine_Coon 0.0035666483 0 192 221 300
bella 0.003565347 2 28 25 91
cat-Bombay 0.0035620856 273 0 365 17
dog-wheaten_terrier 0.0035015729 222 198 313 245
cat-Bengal 0.0034963621 153 9 325 112
cat-Bombay 0.0034946431 163 94 226 176
dog-keeshond 0.0034748062 157 8 336 111
dog-yorkshire_terrier 0.0034661712 354 0 448 43
dog-yorkshire_terrier 0.0034576515 0 0 308 152
cat-Siamese 0.003427958 436 9 448 32
