cat-Bombay 0.98539007 615 72 1401 890
dog-yorkshire_terrier 0.052954987 624 70 1401 891
cat-British_Shorthair 0.034900684 624 70 1401 891
cat-Bengal 0.034765583 624 70 1401 891
cat-Russian_Blue 0.029389625 624 70 1401 891
dog-newfoundland 0.02609094 624 70 1401 891
dog-scottish_terrier 0.024508942 624 70 1401 891
cat-Bombay 0.023197703 631 22 1725 944
dog-german_shorthaired 0.019095628 624 70 1401 891
cat-Russian_Blue 0.017185325 631 22 1725 944
cat-British_Shorthair 0.013956767 631 22 1725 944
dog-miniature_pinscher 0.010975352 607 86 1390 680
cat-Siamese 0.010515131 618 84 1400 891
cat-Siamese 0.009933544 631 22 1725 944
cat-Bombay 0.009638243 622 78 747 346
cat-Abyssinian 0.008668205 618 84 1400 891
dog-yorkshire_terrier 0.008401855 631 22 1725 944
cat-Bombay 0.007810089 101 0 542 116
cat-Bombay 0.0077514574 659 583 1160 867
dog-english_cocker_spaniel 0.0074622855 624 70 1401 891
cat-Bengal 0.007415765 0 0 1472 994
dog-beagle 0.00733248 1 1287 63 1401
cat-Bombay 0.007302806 112 0 624 182
dog-miniature_pinscher 0.0072884248 631 22 1725 944
dog-leonberger 0.0071868813 2 642 65 725
dog-pug 0.0070600635 624 70 1401 891
cat-Bengal 0.006865927 0 0 1289 750
cat-Bombay 0.006144597 0 0 1289 750
dog-staffordshire_bull_terrier 0.0059501724 631 22 1725 944
dog-english_cocker_spaniel 0.0058570444 6 121 116 435
cat-Birman 0.005856617 631 22 1725 944
cat-British_Shorthair 0.005628554 0 0 1289 750
cat-British_Shorthair 0.005555915 0 0 1472 994
dog-leonberger 0.005528966 0 637 108 945
cat-Bombay 0.005512219 163 16 710 255
dog-english_cocker_spaniel 0.005435938 0 0 1503 1076
cat-Persian 0.0053673545 592 4 1372 889
cat-Bombay 0.005094213 650 351 1358 866
dog-chihuahua 0.00506378 631 22 1725 944
dog-wheaten_terrier 0.005009866 0 686 107 1033
cat-Abyssinian 0.0049861884 622 78 747 346
dog-english_cocker_spaniel 0.004868845 631 22 1725 944
dog-havanese 0.0048056664 592 4 1372 889
cat-Persian 0.0047282525 631 22 1725 944
cat-Maine_Coon 0.0047013075 631 22 1725 944
cat-Bengal 0.004479981 631 22 1725 944
dog-havanese 0.0044314507 1088 0 1214 39
dog-miniature_pinscher 0.004398319 0 0 1289 750
cat-Abyssinian 0.004225161 631 22 1725 944
cat-Bombay 0.0041749617 130 0 458 92
dog-boxer 0.0041470076 1 1287 63 1401
cat-Sphynx 0.0040035397 631 22 1725 944
cat-Bombay 0.0039935773 623 60 795 413
dog-miniature_pinscher 0.0037420557 0 0 1472 994
cat-Egyptian_Mau 0.003722704 0 662 107 990
bella 0.003715914 1673 1229 1725 1366
dog-basset_hound 0.0036867072 336 87 1473 945
dog-leonberger 0.003642573 1674 1163 1725 1305
cat-Egyptian_Mau 0.003637632 1633 1122 1725 1413
dog-newfoundland 0.0036366729 0 662 107 990
dog-yorkshire_terrier 0.0036318465 163 16 710 255
cat-Birman 0.0036082065 645 0 1725 786
dog-american_pit_bull_terrier 0.0036058703 592 4 1372 889
dog-yorkshire_terrier 0.0035880439 65 130 1187 705
cat-Bombay 0.0035448 774 637 1254 878
dog-boxer 0.0035363347 631 22 1725 944
dog-yorkshire_terrier 0.0035068677 0 0 1289 750
cat-Abyssinian 0.0034938594 623 60 795 413
dog-leonberger 0.0034620282 592 4 1372 889
dog-shiba_inu 0.003389459 631 22 1725 944
dog-japanese_chin 0.0033789303 592 4 1372 889
cat-Bombay 0.0033630785 619 119 1003 699
cat-Egyptian_Mau 0.003311771 0 530 97 757
cat-Birman 0.0033081498 592 4 1372 889
dog-scottish_terrier 0.003299145 603 92 1383 561
dog-newfoundland 0.003298286 0 662 58 799
dog-american_pit_bull_terrier 0.0032962584 2 1 64 110
dog-yorkshire_terrier 0.003273625 196 0 692 189
cat-Bombay 0.0032701541 0 0 1472 994
dog-samoyed 0.0032674244 0 1361 341 1600
dog-yorkshire_terrier 0.0032620155 645 0 1725 786
cat-British_Shorthair 0.0032506878 644 461 1267 881
dog-miniature_pinscher 0.003244304 0 0 651 427
cat-Egyptian_Mau 0.0032334987 4 0 235 94
dog-miniature_pinscher 0.0032246446 0 0 785 574
dog-pug 0.0032224308 631 22 1725 944
dog-english_setter 0.003187431 0 662 107 990
dog-leonberger 0.0031820496 10 672 102 992
cat-Egyptian_Mau 0.0031599398 0 608 110 896
cat-Egyptian_Mau 0.0031554175 1673 1229 1725 1366
dog-english_cocker_spaniel 0.0031484535 0 0 1289 750
dog-miniature_pinscher 0.0031206745 619 119 1003 699
dog-havanese 0.0031028532 1137 0 1256 37
dog-scottish_terrier 0.003050476 631 22 1725 944
cat-Egyptian_Mau 0.0030306675 0 588 94 815
cat-Egyptian_Mau 0.003015114 631 22 1725 944
dog-keeshond 0.0030128618 0 1362 395 1600
cat-Bombay 0.0029912572 55 0 376 90
cat-Ragdoll 0.0029705893 471 0 695 97
dog-english_cocker_spaniel 0.0029565755 7 217 124 511
