cat-Siamese 0.8800871 21 54 72 112
cat-Bombay 0.71707505 20 54 72 112
dog-chihuahua 0.22289816 20 54 72 112
cat-Birman 0.08345822 20 54 72 112
cat-Russian_Blue 0.07228309 21 55 73 112
dog-pug 0.050826434 20 54 72 112
cat-Abyssinian 0.042306688 21 54 71 112
dog-yorkshire_terrier 0.033866636 20 54 72 112
dog-pomeranian 0.017710663 20 54 72 112
cat-Sphynx 0.016939392 21 54 71 112
dog-scottish_terrier 0.016455367 20 54 72 112
cat-Bombay 0.013078549 0 59 74 118
dog-chihuahua 0.012271478 173 65 220 151
dog-pug 0.011954191 10 0 216 76
dog-american_pit_bull_terrier 0.011660037 171 38 220 126
dog-boxer 0.011083799 20 54 72 112
dog-newfoundland 0.010884129 177 65 191 89
dog-chihuahua 0.010554622 171 38 220 126
cat-Bombay 0.010275278 22 59 95 115
dog-keeshond 0.009979814 20 54 72 112
dog-boxer 0.009896634 88 68 105 84
dog-leonberger 0.009130645 20 54 72 112
cat-Egyptian_Mau 0.00903939 208 60 220 88
dog-english_setter 0.008766466 0 104 13 132
dog-american_pit_bull_terrier 0.008175098 167 18 220 105
dog-american_pit_bull_terrier 0.008096012 20 54 72 112
dog-chihuahua 0.0077611273 167 18 220 105
cat-Bengal 0.0076293685 20 54 72 112
cat-Siamese 0.0076192664 0 59 74 118
bella 0.0072462596 208 75 220 101
dog-newfoundland 0.0071808747 20 54 72 112
dog-yorkshire_terrier 0.0070821363 173 55 220 141
dog-leonberger 0.006960499 0 106 12 131
dog-boxer 0.00684244 12 46 191 137
cat-Persian 0.0067862286 0 126 89 165
cat-Maine_Coon 0.006704755 20 54 72 112
dog-havanese 0.0065874094 8 0 193 61
dog-newfoundland 0.006534914 25 0 213 60
dog-staffordshire_bull_terrier 0.0065291245 175 121 192 140
dog-leonberger 0.006470476 177 65 191 85
dog-pomeranian 0.00640218 171 38 220 126
cat-Ragdoll 0.006359462 20 54 72 112
dog-miniature_pinscher 0.006353788 20 54 72 112
bella 0.006247165 208 66 220 96
dog-yorkshire_terrier 0.006034738 10 0 216 76
cat-Bengal 0.0059209485 20 52 44 89
dog-leonberger 0.00589936 1 118 12 139
dog-yorkshire_terrier 0.0058086226 167 18 220 105
dog-shiba_inu 0.0055199387 20 54 72 112
dog-boxer 0.005497541 177 65 191 89
cat-Egyptian_Mau 0.005419328 0 54 17 82
dog-american_bulldog 0.0053655175 0 0 80 106
dog-japanese_chin 0.005215138 21 55 72 112
bella 0.0052037244 208 60 220 88
cat-Egyptian_Mau 0.005186314 0 60 16 89
cat-British_Shorthair 0.0051613585 0 59 74 118
dog-american_pit_bull_terrier 0.0051137973 0 0 87 25
cat-Bombay 0.0048312573 0 73 15 96
cat-Egyptian_Mau 0.0047583627 208 36 220 66
dog-miniature_pinscher 0.0047213174 21 55 64 85
dog-scottish_terrier 0.004719605 21 55 64 85
cat-Bombay 0.00470393 20 52 44 89
dog-pomeranian 0.0046984325 167 18 220 105
dog-yorkshire_terrier 0.0046168985 164 34 220 134
cat-Abyssinian 0.004573973 20 52 44 89
dog-american_pit_bull_terrier 0.004566892 0 0 69 18
cat-British_Shorthair 0.0044561215 20 54 72 112
dog-staffordshire_bull_terrier 0.0044320584 20 54 72 112
dog-american_pit_bull_terrier 0.0044025807 26 0 220 72
cat-Bengal 0.0043925974 0 59 74 118
cat-Persian 0.0043161856 22 57 78 118
cat-Russian_Blue 0.0042010606 0 59 74 118
bella 0.0041484907 0 106 13 131
cat-Sphynx 0.0041419026 0 59 74 118
dog-american_bulldog 0.0040956032 0 106 12 131
cat-Persian 0.0040592295 1 130 33 165
dog-miniature_pinscher 0.003955792 0 129 7 149
dog-english_setter 0.0038911263 0 0 80 106
dog-leonberger 0.003884713 0 0 80 106
dog-chihuahua 0.0038501935 208 95 220 125
dog-american_pit_bull_terrier 0.0038106202 0 106 12 131
dog-boxer 0.0038104788 109 68 128 82
dog-boxer 0.0037749307 104 68 123 82
dog-boxer 0.0037246551 114 68 134 82
dog-great_pyrenees 0.0036852872 58 0 220 87
dog-newfoundland 0.0036588432 0 111 12 135
cat-Bengal 0.003648935 21 55 64 85
cat-Egyptian_Mau 0.0036373448 206 34 220 75
dog-boxer 0.003616716 92 71 109 87
cat-Egyptian_Mau 0.0036021206 208 52 220 79
dog-american_bulldog 0.0035886427 177 65 191 85
dog-staffordshire_bull_terrier 0.003583735 174 115 192 133
dog-leonberger 0.0035668362 137 79 155 94
dog-english_cocker_spaniel 0.0035223255 136 55 164 62
dog-beagle 0.003504123 0 0 80 106
dog-scottish_terrier 0.0034551977 208 102 220 133
dog-miniature_pinscher 0.0034202097 173 55 220 141
cat-Bengal 0.0033983188 13 52 35 86
dog-miniature_pinscher 0.0033891262 20 52 44 89
cat-Bengal 0.003388767 0 0 13 13
