cat-Bombay 0.9847066 226 63 328 173
cat-Bengal 0.10930269 227 64 328 172
cat-Russian_Blue 0.09260581 226 63 328 173
dog-scottish_terrier 0.07042066 226 63 328 173
dog-newfoundland 0.055061974 226 63 328 173
cat-British_Shorthair 0.05177195 226 63 328 173
dog-yorkshire_terrier 0.047855284 226 63 328 173
cat-Bombay 0.02466266 222 117 311 172
dog-german_shorthaired 0.017186299 227 64 328 172
cat-Bombay 0.011135179 41 66 344 199
dog-miniature_pinscher 0.0098805465 228 64 328 172
dog-pomeranian 0.009783442 0 0 125 44
dog-english_cocker_spaniel 0.009327524 228 64 328 172
bella 0.009112952 2 190 27 263
cat-Abyssinian 0.0066877715 227 64 326 171
cat-Bombay 0.006667115 214 0 335 20
cat-Egyptian_Mau 0.006432185 0 157 27 216
dog-yorkshire_terrier 0.005913358 264 0 400 58
dog-scottish_terrier 0.0057600387 233 68 323 121
dog-miniature_pinscher 0.0054847132 233 68 323 121
cat-Egyptian_Mau 0.005374701 0 176 25 238
dog-staffordshire_bull_terrier 0.005303122 264 112 297 128
cat-Birman 0.0052530374 8 0 136 32
bella 0.005204771 372 134 398 204
dog-boxer 0.005097346 68 179 147 227
dog-yorkshire_terrier 0.004999186 60 0 269 40
cat-Bengal 0.0049504396 0 34 380 248
dog-yorkshire_terrier 0.0047295694 4 0 205 39
dog-miniature_pinscher 0.00455988 0 108 13 137
cat-Bombay 0.0044774697 224 0 307 16
dog-english_cocker_spaniel 0.0044168597 370 50 400 130
cat-Bombay 0.0042404933 253 0 337 16
cat-Bengal 0.004231698 233 68 323 121
cat-Bombay 0.004199938 46 108 221 281
cat-Bengal 0.004191612 0 2 334 182
dog-newfoundland 0.0041225916 20 28 218 229
dog-yorkshire_terrier 0.004041251 98 0 240 30
dog-yorkshire_terrier 0.0040121716 310 0 400 48
dog-miniature_pinscher 0.003970608 1 118 13 150
dog-yorkshire_terrier 0.0039058635 65 0 301 72
dog-samoyed 0.0038968653 259 0 400 75
cat-Bombay 0.0038873116 234 65 270 118
cat-Siamese 0.0037492106 0 0 112 33
cat-Bombay 0.003739879 152 60 400 217
cat-Bombay 0.0037191599 204 0 287 16
dog-yorkshire_terrier 0.0036449356 345 0 400 44
cat-Bombay 0.0036248097 183 0 306 19
dog-pomeranian 0.0036111427 259 0 400 75
cat-Bombay 0.0035883219 282 76 326 125
bella 0.003573092 3 203 29 278
dog-yorkshire_terrier 0.003560145 55 0 201 31
cat-Bengal 0.0035430186 41 66 344 199
cat-Bombay 0.003529323 274 0 356 16
dog-great_pyrenees 0.0035291722 259 0 400 75
cat-British_Shorthair 0.0034812829 175 122 200 130
cat-Egyptian_Mau 0.0034327852 378 165 400 221
cat-British_Shorthair 0.0034256065 41 66 344 199
dog-miniature_pinscher 0.0034084092 0 103 14 129
dog-leonberger 0.0034018673 144 126 182 143
dog-pomeranian 0.0033935257 1 0 74 65
cat-Bengal 0.0033743246 237 65 302 99
dog-wheaten_terrier 0.0033669178 0 150 27 201
dog-wheaten_terrier 0.0033380792 144 126 182 143
cat-Bombay 0.00330712 142 0 228 17
dog-leonberger 0.0032914148 0 141 27 193
cat-Russian_Blue 0.0032879033 12 47 359 290
dog-havanese 0.0032731302 0 0 323 181
dog-english_cocker_spaniel 0.0032655443 369 33 400 110
dog-basset_hound 0.0032185488 372 134 398 204
bella 0.003209406 377 142 400 197
dog-havanese 0.0032088629 144 126 182 143
cat-Bombay 0.0031846748 105 60 310 173
dog-english_cocker_spaniel 0.0031556725 0 0 323 181
dog-boxer 0.003152344 178 120 217 139
dog-pomeranian 0.0031334667 208 0 400 101
dog-american_bulldog 0.0031300578 153 126 192 143
dog-yorkshire_terrier 0.0031262052 136 0 280 31
cat-Bombay 0.0031207737 183 0 266 16
dog-great_pyrenees 0.0030748844 0 132 29 168
cat-Sphynx 0.0030648925 282 76 326 125
dog-yorkshire_terrier 0.0030539178 0 0 223 69
cat-Bombay 0.0030463212 26 0 109 17
cat-Bombay 0.0030232526 136 0 251 20
cat-Bombay 0.0030098755 49 0 182 23
dog-yorkshire_terrier 0.0029957215 276 0 400 91
dog-havanese 0.002957024 153 126 192 143
dog-yorkshire_terrier 0.0029388096 322 0 400 37
dog-chihuahua 0.0029318584 234 65 270 118
cat-Russian_Blue 0.0029286763 282 76 326 125
cat-Abyssinian 0.002917711 234 65 270 118
dog-miniature_pinscher 0.0028705904 163 22 400 181
dog-miniature_pinscher 0.0028488082 0 164 14 194
cat-Bombay 0.002842719 112 0 199 17
cat-Russian_Blue 0.0028397958 305 247 400 290
dog-yorkshire_terrier 0.0027977459 105 60 310 173
dog-havanese 0.0027228324 135 122 170 132
dog-staffordshire_bull_terrier 0.0027114437 146 211 196 229
cat-Persian 0.0027079943 0 17 23 78
cat-Egyptian_Mau 0.0026965444 0 141 27 193
dog-yorkshire_terrier 0.0026893138 163 22 400 181
