cat-Bombay 0.98859197 76 27 157 109
cat-Russian_Blue 0.046955112 76 27 157 109
dog-yorkshire_terrier 0.04517057 76 27 157 108
dog-newfoundland 0.035339344 76 27 157 108
cat-British_Shorthair 0.027741585 76 27 157 109
dog-scottish_terrier 0.025971191 76 27 157 109
cat-Bengal 0.018060302 76 27 157 109
dog-boxer 0.015692333 195 60 227 74
cat-Abyssinian 0.01433606 284 95 300 137
dog-newfoundland 0.014259181 200 0 278 18
dog-german_shorthaired 0.0130604245 200 0 278 18
cat-Siamese 0.013039494 76 27 157 109
cat-Egyptian_Mau 0.011843591 28 0 48 6
cat-Bombay 0.011837213 77 68 148 108
dog-boxer 0.011828539 197 63 228 80
cat-Siamese 0.011736368 0 54 21 91
dog-boxer 0.011521957 190 63 220 80
cat-Abyssinian 0.010592564 28 0 49 6
cat-Egyptian_Mau 0.010301784 225 0 300 90
dog-leonberger 0.010193372 28 0 49 6
dog-american_pit_bull_terrier 0.009935044 199 0 284 22
dog-chihuahua 0.009804863 217 23 300 174
cat-Egyptian_Mau 0.008893523 284 95 300 137
dog-boxer 0.008735535 206 64 234 80
cat-Abyssinian 0.00829935 76 27 157 109
dog-american_pit_bull_terrier 0.007930281 217 23 300 174
cat-Abyssinian 0.0077151414 284 86 300 123
dog-pug 0.0075904913 139 0 210 17
cat-Siamese 0.007566757 284 90 300 130
dog-boxer 0.0074470825 214 64 240 80
dog-boxer 0.0072406395 185 176 213 196
cat-Abyssinian 0.0072006094 292 51 300 69
dog-miniature_pinscher 0.0071934275 77 28 156 109
cat-Bombay 0.0071924017 28 0 49 6
dog-miniature_pinscher 0.006975217 199 0 284 22
dog-boxer 0.006878479 173 80 190 88
dog-chihuahua 0.006730591 77 28 156 109
cat-Bombay 0.0066649807 77 27 107 67
dog-chihuahua 0.0065487507 284 95 300 137
cat-Russian_Blue 0.0064307493 28 0 49 6
cat-Bengal 0.0062960507 0 106 18 154
cat-Bengal 0.00621879 0 12 16 46
dog-wheaten_terrier 0.0062025147 217 0 293 23
cat-Egyptian_Mau 0.0061947512 195 2 285 29
dog-wheaten_terrier 0.0061546606 210 0 278 17
cat-Birman 0.006141383 133 0 184 12
dog-american_bulldog 0.006091003 190 63 220 80
dog-newfoundland 0.0060868934 181 0 276 23
cat-Bombay 0.0059721945 151 0 245 18
dog-havanese 0.005966083 199 0 284 22
cat-Siamese 0.0059510297 291 87 300 103
cat-Abyssinian 0.005916998 77 27 107 67
dog-chihuahua 0.0058814026 291 56 300 76
dog-american_pit_bull_terrier 0.0058725355 164 0 267 23
dog-boxer 0.0057805176 0 57 21 93
cat-Bengal 0.0057381173 28 0 49 6
dog-pug 0.005689512 148 0 257 24
dog-american_pit_bull_terrier 0.0056740413 175 1 279 27
cat-Egyptian_Mau 0.0056378576 284 106 300 149
dog-leonberger 0.005576159 200 0 278 18
cat-Russian_Blue 0.0054905396 158 0 252 17
dog-staffordshire_bull_terrier 0.0054350696 199 0 284 22
cat-Russian_Blue 0.0052410043 284 95 300 137
cat-Abyssinian 0.005229305 219 12 296 100
dog-german_shorthaired 0.0052248896 76 27 157 109
cat-Bombay 0.0052134986 123 41 155 81
dog-basset_hound 0.0050391993 1 100 17 143
dog-english_cocker_spaniel 0.0050391373 281 132 298 181
cat-Egyptian_Mau 0.005023144 0 96 19 138
dog-scottish_terrier 0.0050013117 199 0 284 22
dog-great_pyrenees 0.0049904436 217 0 293 23
dog-american_bulldog 0.00495927 189 60 218 74
dog-scottish_terrier 0.004864083 283 115 298 163
cat-Maine_Coon 0.0048342524 284 95 300 137
dog-miniature_pinscher 0.004819433 291 59 300 80
dog-pug 0.0047596656 76 27 157 109
dog-yorkshire_terrier 0.004722794 199 0 284 22
dog-english_cocker_spaniel 0.0047020684 76 27 157 109
dog-wheaten_terrier 0.004655066 214 2 291 32
dog-staffordshire_bull_terrier 0.004601126 240 156 263 185
cat-Siamese 0.0046009403 189 60 218 74
cat-Bombay 0.0045971614 139 0 193 12
cat-Birman 0.004565459 28 0 49 6
cat-Siamese 0.004549529 133 0 184 12
cat-Egyptian_Mau 0.0045048823 276 173 300 220
cat-British_Shorthair 0.004497683 26 0 47 6
cat-Birman 0.0044793217 143 0 201 13
cat-Maine_Coon 0.0044749537 233 0 273 14
cat-Siamese 0.0044220695 28 0 49 6
cat-Bengal 0.0043333946 284 95 300 137
cat-Bombay 0.004316421 70 0 94 6
cat-Bombay 0.0042906683 87 0 112 7
dog-german_shorthaired 0.0042830883 219 0 275 14
cat-Egyptian_Mau 0.0042240275 20 0 43 6
dog-pug 0.0042046946 127 0 269 32
dog-boxer 0.004179618 211 60 240 75
cat-British_Shorthair 0.004165024 173 80 190 88
dog-samoyed 0.004158443 217 0 293 23
cat-Bombay 0.0041561727 200 0 278 18
dog-english_cocker_spaniel 0.004135099 0 113 34 179
