dog-boxer 0.8827663 11 10 384 329
dog-pug 0.48416036 8 10 382 327
dog-american_pit_bull_terrier 0.38938984 8 10 382 327
dog-leonberger 0.38480106 11 10 384 329
dog-saint_bernard 0.26151073 11 10 384 329
dog-american_bulldog 0.19680178 11 10 384 329
dog-newfoundland 0.18466647 11 10 384 329
dog-german_shorthaired 0.085524976 11 10 384 329
cat-British_Shorthair 0.038371 11 10 384 329
dog-staffordshire_bull_terrier 0.020975921 8 10 382 327
bella 0.013324188 3 270 34 341
dog-leonberger 0.013127379 106 201 162 260
dog-beagle 0.012741612 8 10 382 327
dog-staffordshire_bull_terrier 0.012552234 290 34 334 48
dog-boxer 0.012483438 0 0 312 306
dog-pug 0.012224359 0 0 312 306
dog-english_cocker_spaniel 0.011176878 1 84 35 152
cat-Birman 0.010447703 3 17 369 328
bella 0.010356455 2 248 35 319
cat-Egyptian_Mau 0.01017408 472 122 500 191
cat-Egyptian_Mau 0.009815497 247 228 303 250
dog-miniature_pinscher 0.009693858 4 17 386 329
dog-leonberger 0.009519432 223 0 282 13
cat-Siamese 0.009269747 38 0 114 21
dog-japanese_chin 0.008991838 15 5 415 333
dog-saint_bernard 0.008841963 0 0 312 306
dog-basset_hound 0.008199608 15 5 415 333
dog-leonberger 0.0080877645 0 0 312 306
cat-Bombay 0.008055839 4 17 386 329
cat-Siamese 0.007814454 0 9 385 339
dog-scottish_terrier 0.0077926926 0 20 377 290
cat-Siamese 0.0072649685 35 0 126 29
bella 0.0071836663 474 170 500 238
dog-english_setter 0.0070558367 0 21 374 375
cat-Egyptian_Mau 0.0070392755 470 103 500 179
dog-yorkshire_terrier 0.006693421 4 17 386 329
dog-newfoundland 0.0066602686 171 28 385 256
cat-Abyssinian 0.006450431 485 301 500 331
cat-Egyptian_Mau 0.006389813 235 228 293 254
dog-english_cocker_spaniel 0.0063416976 0 20 377 290
dog-chihuahua 0.006312148 4 17 386 329
cat-Bombay 0.0062485985 0 0 312 306
dog-newfoundland 0.006243203 0 0 312 306
dog-american_pit_bull_terrier 0.006220199 38 13 500 344
bella 0.0062043257 473 129 500 199
cat-Egyptian_Mau 0.0061657275 473 137 500 209
dog-german_shorthaired 0.005583509 0 0 312 306
dog-english_cocker_spaniel 0.005486589 0 97 33 176
cat-Bombay 0.005344457 277 0 395 28
cat-Birman 0.005102226 43 0 143 28
dog-beagle 0.0050689527 0 0 312 306
dog-basset_hound 0.005062272 3 263 35 330
cat-Birman 0.004981034 38 0 114 21
bella 0.0049590226 474 147 500 219
dog-basset_hound 0.004927294 237 184 296 249
cat-Birman 0.0048242174 52 0 200 40
dog-staffordshire_bull_terrier 0.004735279 290 29 335 42
cat-Siamese 0.0046875854 27 1 102 27
dog-keeshond 0.0046653575 184 17 384 214
dog-boxer 0.0045845406 38 13 500 344
dog-american_pit_bull_terrier 0.0045452053 316 0 500 92
cat-Sphynx 0.004519876 0 11 343 328
cat-Birman 0.0045124437 183 0 265 19
cat-Bombay 0.004506664 38 0 114 21
cat-Persian 0.004492315 0 21 374 375
dog-american_pit_bull_terrier 0.004455 94 161 196 201
cat-Bombay 0.0044078045 293 64 378 207
dog-chihuahua 0.0043591564 38 13 500 344
cat-Bombay 0.0043509086 277 0 369 22
cat-Abyssinian 0.0043438417 38 0 114 21
bella 0.0042909244 1 211 34 295
dog-english_cocker_spaniel 0.0042227744 2 248 35 319
dog-miniature_pinscher 0.0042221122 292 4 500 125
cat-Birman 0.0042016692 85 0 256 41
cat-Egyptian_Mau 0.004199738 0 0 32 77
bella 0.004176005 469 171 498 256
cat-Egyptian_Mau 0.0041317777 0 228 33 306
dog-keeshond 0.0040857564 2 20 373 283
dog-leonberger 0.004060209 195 0 264 14
cat-Russian_Blue 0.004005664 0 9 385 339
cat-Bengal 0.003944873 0 0 312 306
cat-Bengal 0.0039416943 0 228 33 306
cat-Egyptian_Mau 0.003932535 474 159 500 228
dog-pomeranian 0.003912184 94 161 196 201
dog-german_shorthaired 0.0039083655 0 26 278 283
dog-staffordshire_bull_terrier 0.0038603551 227 38 283 54
dog-german_shorthaired 0.003832564 293 64 378 207
dog-japanese_chin 0.003813956 0 0 312 306
dog-great_pyrenees 0.003768352 94 161 187 202
dog-english_cocker_spaniel 0.003726319 0 228 33 306
dog-american_pit_bull_terrier 0.0037118294 292 4 500 125
dog-staffordshire_bull_terrier 0.003666383 291 38 332 54
cat-Egyptian_Mau 0.0036311927 38 0 114 21
dog-basset_hound 0.00359719 469 115 498 199
dog-german_shorthaired 0.0035898772 184 17 384 214
cat-British_Shorthair 0.0035638802 0 0 312 306
dog-basset_hound 0.0035486945 0 81 64 203
dog-basset_hound 0.0035380274 0 228 33 306
cat-Bombay 0.0035271235 171 28 385 256
bella 0.0035162738 2 271 43 371
