dog-boxer 0.9141448 14 82 267 313
dog-staffordshire_bull_terrier 0.34104896 16 80 268 313
cat-Sphynx 0.27179992 16 81 265 311
cat-Siamese 0.13045199 14 82 267 313
cat-Russian_Blue 0.0610761 13 69 265 310
dog-american_bulldog 0.059450492 16 80 267 315
dog-american_pit_bull_terrier 0.0577292 18 78 268 315
dog-pug 0.043472134 16 80 268 313
cat-British_Shorthair 0.033760484 0 406 62 500
cat-British_Shorthair 0.011540567 15 66 268 312
cat-Abyssinian 0.010604811 0 34 250 302
bella 0.008579229 88 197 121 232
dog-samoyed 0.008545267 190 30 207 47
dog-havanese 0.00808719 219 296 239 309
dog-shiba_inu 0.008042856 16 80 267 315
dog-japanese_chin 0.0080365315 236 308 272 345
dog-samoyed 0.007934709 195 30 211 48
dog-basset_hound 0.007888446 0 81 252 345
dog-beagle 0.0077075153 18 78 268 315
cat-Birman 0.0073516075 23 53 270 318
cat-Siamese 0.007170327 55 8 332 317
dog-shiba_inu 0.0071644536 199 24 216 41
dog-samoyed 0.0071124285 187 31 203 47
dog-havanese 0.0068567544 216 289 235 308
dog-german_shorthaired 0.006853264 0 81 252 345
dog-shiba_inu 0.006831411 195 25 213 41
dog-miniature_pinscher 0.006406486 0 81 252 345
dog-samoyed 0.0063929055 199 29 215 48
dog-leonberger 0.0061608762 0 34 250 302
dog-staffordshire_bull_terrier 0.0059300037 131 76 262 293
dog-chihuahua 0.0058746436 0 34 250 302
dog-boxer 0.005706313 55 8 332 317
dog-english_setter 0.005204058 275 192 332 399
bella 0.005057831 16 80 268 313
dog-leonberger 0.0049767224 192 322 214 378
dog-saint_bernard 0.004946014 23 53 270 318
dog-shiba_inu 0.004921735 187 27 205 42
dog-shiba_inu 0.0048179375 198 21 218 34
cat-Sphynx 0.0047625643 0 52 275 373
cat-Persian 0.004726233 0 406 62 500
dog-samoyed 0.0046414803 195 25 213 41
cat-Sphynx 0.004637105 55 8 332 317
cat-Egyptian_Mau 0.0046291994 0 34 250 302
dog-japanese_chin 0.0045465347 247 317 275 358
cat-Ragdoll 0.004310599 0 406 62 500
dog-samoyed 0.0042798114 199 24 216 41
cat-Bombay 0.0042461087 0 34 250 302
dog-english_cocker_spaniel 0.0042422703 301 80 332 215
dog-yorkshire_terrier 0.0042124866 124 0 257 77
dog-staffordshire_bull_terrier 0.0041259034 0 1 250 294
dog-english_cocker_spaniel 0.0040737055 58 361 78 375
dog-english_cocker_spaniel 0.004037671 63 360 82 376
cat-Bengal 0.0040056296 0 34 250 302
dog-yorkshire_terrier 0.003937666 19 43 79 191
dog-samoyed 0.0039294343 203 28 218 47
cat-Bombay 0.0039175334 281 2 332 50
cat-Russian_Blue 0.0038966027 0 418 74 500
dog-german_shorthaired 0.0038614776 194 73 261 198
dog-saint_bernard 0.0038609016 236 308 272 345
dog-samoyed 0.0037940412 187 27 205 42
cat-Egyptian_Mau 0.0036273869 0 406 62 500
dog-leonberger 0.0035667652 157 328 183 376
dog-english_setter 0.003544118 287 173 332 355
dog-newfoundland 0.0035355366 186 86 261 245
dog-yorkshire_terrier 0.0035293482 0 0 92 191
dog-yorkshire_terrier 0.0035078963 14 10 82 161
dog-american_pit_bull_terrier 0.0034644736 12 93 173 336
cat-Birman 0.003420618 55 8 332 317
cat-Siamese 0.0034183655 61 0 332 309
dog-miniature_pinscher 0.003401778 0 201 9 246
cat-Egyptian_Mau 0.0033859888 195 25 213 41
dog-shiba_inu 0.0033658016 44 36 59 57
dog-boxer 0.003342627 87 233 152 306
dog-shiba_inu 0.0032772536 207 23 223 41
cat-Birman 0.0032317548 61 0 332 309
dog-english_cocker_spaniel 0.003230672 302 168 332 305
dog-boxer 0.003159782 136 81 261 303
cat-Egyptian_Mau 0.0031349356 0 297 82 500
dog-yorkshire_terrier 0.003098879 0 176 21 276
dog-keeshond 0.0030910051 0 81 252 345
dog-japanese_chin 0.0030822398 219 296 239 309
cat-Egyptian_Mau 0.003081513 187 27 205 42
cat-Egyptian_Mau 0.0030637388 199 24 216 41
cat-Bengal 0.003045176 0 418 74 500
cat-Egyptian_Mau 0.003037038 194 22 215 35
dog-english_setter 0.0030161808 288 219 332 417
dog-shiba_inu 0.0029948 50 29 66 49
dog-shiba_inu 0.0029826588 206 19 225 35
cat-Egyptian_Mau 0.002938761 0 330 24 431
dog-boxer 0.0029169149 61 0 332 309
cat-Egyptian_Mau 0.0028939846 2 403 38 497
dog-pomeranian 0.0028913498 0 34 250 302
dog-staffordshire_bull_terrier 0.0028798769 95 198 124 231
dog-yorkshire_terrier 0.002873946 5 0 120 224
dog-basset_hound 0.0028479397 150 212 224 297
dog-boxer 0.0028478017 121 192 255 300
cat-Egyptian_Mau 0.002836163 0 0 45 29
dog-staffordshire_bull_terrier 0.0027866357 0 61 225 363
bella 0.0027861982 84 193 116 227
dog-yorkshire_terrier 0.0027791853 14 17 136 270
