dog-boxer 0.56016123 222 208 310 280
dog-boxer 0.17694846 135 142 293 277
dog-saint_bernard 0.07835529 135 142 293 277
dog-staffordshire_bull_terrier 0.04509647 220 206 305 281
dog-boxer 0.034982014 217 156 308 279
cat-Egyptian_Mau 0.021255713 3 0 137 46
dog-boxer 0.019926235 160 201 308 279
dog-boxer 0.019600574 126 142 234 283
dog-japanese_chin 0.019336037 135 142 293 277
dog-american_pit_bull_terrier 0.019119235 222 208 310 280
dog-american_pit_bull_terrier 0.017698854 0 156 81 342
dog-american_bulldog 0.01764315 222 208 310 280
dog-pug 0.0169818 135 142 293 277
dog-german_shorthaired 0.016818756 222 208 310 280
cat-Egyptian_Mau 0.016037257 0 1 72 36
cat-Sphynx 0.014610967 222 208 310 280
dog-boxer 0.014524251 157 171 281 284
dog-saint_bernard 0.013481796 126 142 234 283
cat-Egyptian_Mau 0.013396648 0 0 61 76
cat-Egyptian_Mau 0.012434443 0 0 37 72
dog-chihuahua 0.011798579 358 6 500 237
dog-pug 0.011785287 217 156 308 279
cat-Egyptian_Mau 0.011367087 3 0 89 51
dog-american_pit_bull_terrier 0.010389692 365 51 500 311
dog-american_bulldog 0.010326808 135 142 293 277
dog-boxer 0.010242518 203 186 299 281
dog-leonberger 0.009810165 324 267 364 303
dog-basset_hound 0.009779272 222 208 310 280
dog-wheaten_terrier 0.009751324 3 0 137 46
dog-american_pit_bull_terrier 0.008360952 358 6 500 237
dog-pug 0.0080231475 222 208 310 280
dog-miniature_pinscher 0.007975886 344 25 498 227
dog-american_bulldog 0.0073793232 160 201 308 279
dog-japanese_chin 0.0069633336 186 96 252 121
cat-Bengal 0.0069182212 0 156 30 237
dog-english_setter 0.0068527283 3 0 137 46
dog-beagle 0.006579351 220 206 305 281
dog-american_bulldog 0.0064989934 239 99 297 123
dog-shiba_inu 0.006412237 29 0 133 31
cat-Egyptian_Mau 0.006332215 0 148 30 225
cat-Egyptian_Mau 0.006102653 472 84 500 154
dog-basset_hound 0.0059954063 2 243 95 374
cat-Egyptian_Mau 0.005903209 5 0 108 34
cat-Bombay 0.0058313766 0 167 29 250
dog-miniature_pinscher 0.005795247 378 40 500 258
dog-basset_hound 0.005755494 0 256 69 372
dog-american_pit_bull_terrier 0.0057206345 116 0 271 40
dog-american_bulldog 0.005687304 126 142 234 283
dog-pug 0.005639745 119 86 315 279
dog-american_bulldog 0.005638934 228 99 281 122
dog-basset_hound 0.0056122607 0 148 30 225
cat-Siamese 0.0055706617 222 208 310 280
cat-Maine_Coon 0.005512569 3 0 137 46
cat-Egyptian_Mau 0.0054912614 472 47 500 113
dog-newfoundland 0.005443678 0 13 149 266
dog-american_pit_bull_terrier 0.005398534 135 142 293 277
cat-British_Shorthair 0.0052963328 135 142 293 277
cat-Egyptian_Mau 0.0052459757 468 250 500 324
dog-saint_bernard 0.005182303 160 201 308 279
cat-Egyptian_Mau 0.0051198318 471 277 500 338
cat-Sphynx 0.0050950395 271 112 300 124
cat-Egyptian_Mau 0.0050157025 132 0 213 21
cat-Egyptian_Mau 0.0050118202 469 60 500 139
dog-samoyed 0.0049888385 3 0 137 46
cat-Persian 0.004936938 362 1 423 14
cat-Birman 0.0049116006 217 156 308 279
cat-Maine_Coon 0.0048847497 3 0 89 51
cat-Siamese 0.004876431 259 0 430 39
bella 0.0048169685 3 0 137 46
dog-japanese_chin 0.0047787996 119 86 315 279
dog-american_bulldog 0.0047652344 200 96 260 121
dog-american_bulldog 0.0047090226 217 156 308 279
dog-english_setter 0.0046982607 42 0 173 38
dog-beagle 0.0045569334 160 201 308 279
cat-Egyptian_Mau 0.004549082 7 1 84 24
cat-Sphynx 0.0045061824 259 111 294 122
dog-chihuahua 0.004469691 348 0 500 157
dog-beagle 0.004447822 239 99 297 123
dog-saint_bernard 0.0044415616 222 208 310 280
cat-Abyssinian 0.004421717 472 74 500 145
cat-Egyptian_Mau 0.0044109263 469 96 500 180
cat-Abyssinian 0.0044079013 472 41 500 105
cat-Bombay 0.004391978 244 0 331 21
dog-boxer 0.0043854835 119 86 315 279
dog-yorkshire_terrier 0.004355375 344 25 498 227
dog-pug 0.0043158457 186 96 252 121
cat-Abyssinian 0.0042376476 125 0 199 22
dog-leonberger 0.0041459305 220 206 305 281
bella 0.004098903 465 113 499 214
dog-leonberger 0.004039892 324 261 365 290
dog-basset_hound 0.0040085413 466 86 499 191
cat-Abyssinian 0.003961088 471 54 500 123
cat-Abyssinian 0.0039596553 472 254 500 319
cat-Bengal 0.0039239377 167 0 226 17
cat-Siamese 0.003913697 487 110 500 139
dog-boxer 0.003892012 210 208 260 236
bella 0.0038373147 468 104 500 190
dog-american_pit_bull_terrier 0.0038340876 348 0 500 157
dog-newfoundland 0.0038330625 0 156 30 237
cat-Bengal 0.00379287 2 0 133 39
