dog-boxer 0.5540576 105 1 364 239
dog-german_shorthaired 0.3845788 103 0 364 241
dog-american_pit_bull_terrier 0.1682986 106 2 358 245
dog-staffordshire_bull_terrier 0.16251816 114 9 375 258
dog-newfoundland 0.11951164 114 9 375 258
dog-american_bulldog 0.06611733 114 9 375 258
dog-leonberger 0.055825736 114 9 375 258
dog-beagle 0.051105436 117 4 371 255
dog-english_setter 0.048843957 114 9 375 258
dog-basset_hound 0.03275283 106 2 358 245
dog-miniature_pinscher 0.032165084 104 1 359 239
cat-British_Shorthair 0.028430764 114 9 375 258
dog-saint_bernard 0.027111907 114 9 375 258
cat-Bombay 0.017413342 107 0 378 241
cat-Russian_Blue 0.017143663 114 9 375 258
dog-english_cocker_spaniel 0.015675174 114 9 375 258
cat-Sphynx 0.01542718 114 9 375 258
cat-Egyptian_Mau 0.013866132 453 29 498 82
cat-Bombay 0.013055041 28 0 160 24
cat-Bengal 0.012983223 107 0 378 241
bella 0.011783133 114 9 375 258
dog-german_shorthaired 0.010656567 0 0 348 233
dog-staffordshire_bull_terrier 0.010575202 64 11 436 333
dog-american_pit_bull_terrier 0.010531595 64 11 436 333
cat-Bombay 0.0104357265 4 0 146 38
cat-Bombay 0.010340032 339 114 500 326
cat-Sphynx 0.010333471 0 0 371 228
cat-Birman 0.010303636 339 114 500 326
dog-german_shorthaired 0.010028358 0 34 373 266
dog-leonberger 0.009743514 64 11 436 333
dog-newfoundland 0.009388558 173 7 355 155
dog-pug 0.009315661 107 0 378 241
cat-British_Shorthair 0.0091527635 0 0 371 228
dog-american_bulldog 0.009058863 64 11 436 333
dog-keeshond 0.008967231 143 0 500 317
dog-boxer 0.008571936 0 34 373 266
dog-staffordshire_bull_terrier 0.008155114 107 69 272 229
cat-Persian 0.007901304 64 11 436 333
cat-Abyssinian 0.0077275774 486 34 500 63
dog-boxer 0.007662967 168 84 196 104
dog-wheaten_terrier 0.007614556 107 0 378 241
cat-Bombay 0.007246486 38 0 132 19
dog-scottish_terrier 0.007244061 107 0 378 241
dog-german_shorthaired 0.007027234 175 0 359 160
dog-pug 0.006643419 64 11 436 333
dog-pug 0.0063932235 181 6 354 51
dog-english_setter 0.0062308577 64 11 436 333
dog-miniature_pinscher 0.0060876003 13 4 222 70
dog-keeshond 0.0060455822 230 85 500 333
dog-yorkshire_terrier 0.006043436 122 12 500 333
cat-Bombay 0.00602453 201 3 300 24
dog-staffordshire_bull_terrier 0.005908463 52 0 333 234
dog-american_pit_bull_terrier 0.005905876 146 0 500 245
dog-havanese 0.0058547105 64 11 436 333
dog-american_pit_bull_terrier 0.0058528483 0 0 371 228
cat-Abyssinian 0.005836476 107 0 378 241
dog-newfoundland 0.0058031813 64 11 436 333
dog-newfoundland 0.0057808273 0 0 371 228
dog-american_bulldog 0.005692451 0 0 371 228
dog-beagle 0.005681875 0 0 371 228
dog-keeshond 0.005417097 339 114 500 326
dog-boxer 0.005411959 64 11 436 333
cat-Birman 0.0053846086 64 11 436 333
cat-Egyptian_Mau 0.0053188307 107 0 378 241
dog-chihuahua 0.0052797985 146 0 500 245
dog-staffordshire_bull_terrier 0.005243304 181 6 354 51
dog-miniature_pinscher 0.005217705 146 0 500 245
cat-Siamese 0.0050103865 149 32 500 280
cat-Russian_Blue 0.0049806647 0 0 371 228
cat-Egyptian_Mau 0.0048987227 455 39 500 104
dog-staffordshire_bull_terrier 0.0047682137 0 0 348 233
cat-Birman 0.004702053 149 32 500 280
cat-Siamese 0.004630505 339 114 500 326
dog-staffordshire_bull_terrier 0.0045810123 0 9 395 284
cat-Egyptian_Mau 0.004560733 486 34 500 63
cat-Russian_Blue 0.004535972 339 114 500 326
dog-pug 0.004422187 146 0 500 245
cat-Bengal 0.0043766294 265 247 349 281
cat-Ragdoll 0.0043738144 64 11 436 333
dog-miniature_pinscher 0.0042976816 0 34 373 266
cat-British_Shorthair 0.0042600124 0 0 339 177
cat-British_Shorthair 0.004259978 149 32 500 280
cat-Egyptian_Mau 0.0042413995 119 83 187 109
dog-pomeranian 0.0042338106 122 12 500 333
dog-boxer 0.0042296113 158 0 500 246
dog-havanese 0.0041336245 107 0 378 241
cat-Sphynx 0.0041189753 0 0 339 177
cat-Bombay 0.004092648 17 0 108 18
cat-Birman 0.0039992295 205 0 356 37
dog-german_shorthaired 0.0038950448 64 11 436 333
dog-pug 0.0038871432 188 0 344 38
dog-boxer 0.0038346413 0 0 339 177
dog-great_pyrenees 0.0038296029 114 9 375 258
cat-Bombay 0.0038268317 146 2 239 21
dog-miniature_pinscher 0.0038230214 0 0 339 177
dog-yorkshire_terrier 0.0038201353 175 45 500 333
cat-Bombay 0.0038033503 64 0 180 20
dog-yorkshire_terrier 0.0037939886 163 0 500 189
cat-Russian_Blue 0.0037542721 240 132 316 193
dog-american_bulldog 0.0037286794 0 0 339 177
