cat-British_Shorthair 0.9129006 217 0 363 137
cat-Russian_Blue 0.7689031 216 0 362 137
dog-keeshond 0.2794864 217 0 362 135
cat-Egyptian_Mau 0.048153225 216 0 361 136
cat-Birman 0.042618115 219 0 362 137
cat-Ragdoll 0.033311687 216 0 362 137
cat-Maine_Coon 0.03257339 217 0 364 137
cat-Bombay 0.026823094 216 0 362 137
dog-staffordshire_bull_terrier 0.022774115 216 0 362 137
cat-Birman 0.020231672 0 112 277 332
cat-Persian 0.020062774 217 0 364 137
cat-British_Shorthair 0.01895888 0 44 479 332
dog-newfoundland 0.017875582 216 0 361 136
cat-Siamese 0.017741617 127 1 211 23
cat-Egyptian_Mau 0.0169416 464 193 498 264
cat-Birman 0.015014055 0 42 461 330
dog-pug 0.013566566 216 0 362 137
cat-Siamese 0.013377634 215 0 365 137
dog-german_shorthaired 0.012620533 211 0 356 131
dog-newfoundland 0.012164279 0 162 35 235
dog-leonberger 0.012045378 5 132 67 241
dog-newfoundland 0.011401198 2 144 47 239
dog-scottish_terrier 0.011225349 216 0 362 137
bella 0.010733309 0 100 34 149
cat-Egyptian_Mau 0.010529404 467 178 500 248
dog-leonberger 0.0098404065 1 108 32 154
dog-american_bulldog 0.0097029125 219 0 362 137
dog-newfoundland 0.009623849 0 127 33 199
cat-Bengal 0.00923262 217 0 363 136
dog-american_pit_bull_terrier 0.009126283 0 0 183 52
dog-japanese_chin 0.008459102 0 108 283 332
dog-newfoundland 0.007916978 0 127 62 233
dog-leonberger 0.0069591315 1 123 39 211
dog-basset_hound 0.0069037136 219 0 362 137
dog-american_bulldog 0.0068995496 138 103 200 124
dog-newfoundland 0.0066532884 2 123 42 221
dog-leonberger 0.006387567 0 108 283 332
cat-British_Shorthair 0.00625025 0 0 363 143
cat-Siamese 0.006205158 0 112 277 332
cat-Abyssinian 0.0061840685 465 166 497 224
cat-Birman 0.0060834475 220 0 353 86
cat-Egyptian_Mau 0.0059111416 468 209 500 273
cat-Egyptian_Mau 0.0058928193 220 0 353 86
dog-miniature_pinscher 0.005875253 0 0 207 49
dog-american_pit_bull_terrier 0.0058635147 180 0 500 143
cat-Bombay 0.0057926592 34 1 78 8
dog-chihuahua 0.00577706 356 2 500 55
dog-english_setter 0.0057572867 0 97 33 150
cat-Persian 0.0057206647 0 0 363 143
cat-Bombay 0.005661138 127 1 211 23
dog-keeshond 0.005551328 0 44 479 332
cat-Bengal 0.0054115993 0 0 363 143
dog-yorkshire_terrier 0.005374589 0 0 363 143
cat-Egyptian_Mau 0.0053272154 0 44 479 332
dog-boxer 0.0053247497 211 0 356 131
cat-Bombay 0.005271698 176 1 244 29
cat-British_Shorthair 0.0052684937 115 19 465 288
cat-Bombay 0.0052265106 149 1 224 25
cat-Egyptian_Mau 0.0052120723 471 203 500 259
dog-staffordshire_bull_terrier 0.005177234 0 170 34 239
cat-Siamese 0.0051430184 149 1 224 25
cat-Birman 0.005142645 127 1 211 23
dog-keeshond 0.0051290714 211 45 500 332
dog-yorkshire_terrier 0.0051261825 386 0 500 50
dog-american_bulldog 0.005083 122 103 186 123
dog-leonberger 0.0050153714 0 198 32 270
cat-Egyptian_Mau 0.0050152075 467 231 500 299
cat-Bengal 0.004996565 464 193 498 264
dog-yorkshire_terrier 0.0049834847 0 127 33 199
dog-yorkshire_terrier 0.0049565695 176 1 244 29
cat-Egyptian_Mau 0.004854979 471 172 500 228
cat-Egyptian_Mau 0.0047375876 463 217 500 294
dog-samoyed 0.004647057 180 0 500 143
dog-american_pit_bull_terrier 0.00462551 0 127 33 199
dog-wheaten_terrier 0.004562691 211 0 356 131
dog-boxer 0.004547599 127 1 211 23
dog-leonberger 0.004521374 2 124 31 177
dog-shiba_inu 0.004478488 117 95 188 116
cat-Bombay 0.004467716 201 1 239 14
cat-Russian_Blue 0.0044589527 220 0 353 86
cat-Egyptian_Mau 0.0044182925 0 0 363 143
dog-boxer 0.0043911687 138 103 200 124
dog-leonberger 0.0043180487 0 116 28 162
dog-leonberger 0.0042197574 0 99 29 147
cat-Bengal 0.0041812276 370 0 456 21
cat-Bombay 0.0041278945 0 0 363 143
cat-British_Shorthair 0.004117638 101 6 341 124
dog-staffordshire_bull_terrier 0.0041155173 122 103 186 123
cat-Siamese 0.004088136 117 95 188 116
dog-havanese 0.004070561 0 0 363 143
cat-Abyssinian 0.0040622125 211 0 356 131
cat-Birman 0.0040472317 361 0 500 45
cat-British_Shorthair 0.003982295 34 1 78 8
cat-Egyptian_Mau 0.003967304 0 229 31 299
dog-newfoundland 0.003913946 0 136 70 258
cat-Abyssinian 0.0038942173 471 172 500 228
dog-staffordshire_bull_terrier 0.0038679554 134 95 202 117
dog-english_cocker_spaniel 0.0038547958 211 0 356 131
cat-Bombay 0.0038322613 361 0 500 45
dog-american_pit_bull_terrier 0.0038073107 2 135 47 236
