cat-Bombay 0.7819829 107 148 199 225
cat-British_Shorthair 0.35587046 107 148 199 225
cat-Russian_Blue 0.2026456 107 148 199 225
dog-scottish_terrier 0.022843696 107 148 199 225
dog-miniature_pinscher 0.019671673 0 0 156 61
dog-boxer 0.015011913 179 152 243 180
cat-Bengal 0.013235644 142 0 288 36
dog-keeshond 0.012793187 106 150 198 219
cat-Egyptian_Mau 0.012112208 0 168 30 240
cat-Birman 0.012022373 107 149 198 224
dog-miniature_pinscher 0.011699083 21 0 388 155
cat-Bengal 0.0110336635 107 149 199 223
cat-Sphynx 0.010828996 99 1 500 167
dog-newfoundland 0.009535915 107 149 199 223
cat-Bengal 0.00947912 67 0 172 26
dog-boxer 0.009366693 182 145 242 172
cat-Bengal 0.008943084 143 3 317 48
cat-Bombay 0.008912103 35 0 158 25
dog-german_shorthaired 0.008876899 107 148 199 224
cat-Bombay 0.008606604 130 0 201 24
dog-miniature_pinscher 0.0085866945 139 3 302 49
dog-boxer 0.0084497165 160 151 226 179
dog-pug 0.008409164 108 149 198 224
dog-staffordshire_bull_terrier 0.008321175 106 150 198 219
dog-miniature_pinscher 0.008236916 28 1 178 44
cat-Siamese 0.007886886 106 150 198 219
dog-yorkshire_terrier 0.0077133165 108 149 198 224
cat-Bombay 0.0075952304 142 0 288 36
cat-Ragdoll 0.007349426 337 159 500 324
dog-english_cocker_spaniel 0.0071954294 107 149 199 223
cat-Bombay 0.0070966566 111 0 180 23
cat-Bengal 0.0068905936 177 0 333 35
dog-english_cocker_spaniel 0.006870705 0 180 30 258
cat-Persian 0.0067241387 108 149 198 224
cat-Bengal 0.006565975 28 0 156 25
dog-boxer 0.006553074 199 153 255 180
cat-Bengal 0.006277283 0 133 359 333
dog-staffordshire_bull_terrier 0.005947287 112 152 191 191
dog-boxer 0.005930957 107 149 199 223
dog-basset_hound 0.005873541 0 213 30 288
dog-miniature_pinscher 0.005784723 142 0 288 36
cat-Maine_Coon 0.0057080286 107 149 199 223
cat-Egyptian_Mau 0.005673218 107 149 199 223
dog-miniature_pinscher 0.0056128143 292 0 500 50
dog-shiba_inu 0.0056113536 112 152 191 191
cat-Bengal 0.0056000385 26 146 460 330
cat-Bombay 0.0055253305 79 0 167 23
dog-miniature_pinscher 0.0055232663 132 3 314 84
cat-Bengal 0.0055037695 0 204 30 281
cat-Egyptian_Mau 0.0054924847 0 221 30 297
dog-english_cocker_spaniel 0.005439004 0 204 30 281
dog-boxer 0.0054153455 39 144 95 169
cat-Egyptian_Mau 0.005336888 0 188 30 266
dog-boxer 0.005228462 200 144 257 171
cat-Bengal 0.0051945006 25 0 108 19
cat-Bombay 0.005003519 277 0 370 25
dog-newfoundland 0.004953405 0 180 30 258
cat-Abyssinian 0.0048928363 1 101 36 145
dog-wheaten_terrier 0.004892402 0 180 30 258
dog-basset_hound 0.004823609 0 173 30 250
dog-miniature_pinscher 0.004805582 0 0 328 167
cat-Bengal 0.004675689 0 180 30 258
cat-Bombay 0.0046450375 39 0 135 20
cat-Siamese 0.0045991368 38 133 97 158
dog-american_pit_bull_terrier 0.004568971 106 150 198 219
dog-miniature_pinscher 0.004560757 0 0 353 227
cat-British_Shorthair 0.0045506503 0 173 30 250
dog-german_shorthaired 0.004522836 142 0 288 36
dog-boxer 0.0045139776 52 133 112 159
dog-miniature_pinscher 0.004419211 0 0 142 42
cat-Ragdoll 0.0044120587 107 149 199 223
dog-yorkshire_terrier 0.0043932875 351 0 500 45
cat-Bengal 0.0043897056 135 2 323 83
cat-Egyptian_Mau 0.0043278574 109 150 190 190
dog-miniature_pinscher 0.0042903973 403 0 500 48
cat-Birman 0.004242564 0 136 32 196
cat-Siamese 0.0042204224 235 99 275 133
dog-chihuahua 0.0042198435 486 3 500 24
dog-leonberger 0.004214339 361 176 399 207
dog-miniature_pinscher 0.0041260133 117 0 434 93
dog-havanese 0.0040615876 107 149 199 223
cat-Bengal 0.0040505775 273 37 299 55
dog-miniature_pinscher 0.0039991895 102 0 460 134
dog-beagle 0.003995017 134 58 162 71
cat-Persian 0.003976768 329 292 488 332
dog-yorkshire_terrier 0.003941938 403 0 500 48
dog-german_shorthaired 0.0039031066 0 0 35 9
dog-japanese_chin 0.0038916385 273 95 418 159
cat-Egyptian_Mau 0.0038881074 483 195 499 228
cat-Bengal 0.0038631929 243 0 390 33
cat-Birman 0.0038094458 112 152 191 191
cat-Bombay 0.0037937206 107 148 281 233
dog-scottish_terrier 0.00379323 0 196 30 273
dog-basset_hound 0.0037610843 26 146 460 330
cat-Abyssinian 0.0037193722 126 0 198 19
cat-Bombay 0.0037146308 139 3 302 49
dog-chihuahua 0.003677282 486 217 500 245
dog-wheaten_terrier 0.003670597 0 204 30 281
cat-Bengal 0.003656365 111 0 180 23
dog-chihuahua 0.0036247496 316 11 500 150
