cat-British_Shorthair 0.9449968 261 86 370 196
cat-Bombay 0.6909828 260 87 370 196
cat-Russian_Blue 0.09926932 260 87 370 196
dog-newfoundland 0.043115303 261 86 370 196
cat-Bombay 0.030340422 267 135 374 196
cat-Persian 0.024605075 261 87 368 194
dog-english_cocker_spaniel 0.023723125 261 87 368 194
cat-Birman 0.021247163 261 87 368 194
dog-scottish_terrier 0.020520743 261 87 368 194
dog-german_shorthaired 0.016999815 261 87 368 194
dog-staffordshire_bull_terrier 0.01693417 261 87 368 194
dog-pug 0.013901556 261 87 368 194
dog-keeshond 0.011914012 261 87 368 194
cat-British_Shorthair 0.011341523 169 98 378 211
dog-basset_hound 0.010488131 42 109 457 320
dog-yorkshire_terrier 0.010163814 261 87 368 194
cat-Birman 0.008963075 350 0 500 35
cat-Bombay 0.0089364555 188 0 348 24
cat-Bombay 0.0077485275 226 0 387 23
cat-Bengal 0.007578887 260 87 370 194
cat-Egyptian_Mau 0.007360361 0 0 30 12
dog-samoyed 0.0073447106 151 135 181 147
dog-basset_hound 0.007247831 0 71 484 333
cat-British_Shorthair 0.0071123005 267 135 374 196
dog-boxer 0.00684974 261 87 368 194
cat-Bombay 0.006765719 137 0 299 24
cat-Egyptian_Mau 0.006747689 457 255 500 326
dog-leonberger 0.0066683246 438 179 471 210
cat-Birman 0.0066654035 63 0 394 114
dog-scottish_terrier 0.006284295 259 88 364 147
cat-Egyptian_Mau 0.00605911 261 87 368 194
dog-basset_hound 0.005950082 148 108 492 333
dog-wheaten_terrier 0.0059263143 261 87 368 194
cat-Egyptian_Mau 0.005717378 441 258 500 333
cat-Egyptian_Mau 0.005463706 0 109 463 333
dog-pug 0.0051774792 169 98 378 211
dog-shiba_inu 0.0051704235 259 88 364 147
dog-keeshond 0.0051151654 259 88 364 147
dog-samoyed 0.0049488004 151 139 182 151
cat-Birman 0.0049472884 39 0 331 80
cat-Birman 0.0047185663 259 88 364 147
cat-Egyptian_Mau 0.00457177 0 112 31 189
dog-newfoundland 0.004537574 436 180 470 213
dog-wheaten_terrier 0.004458197 438 179 471 209
cat-Siamese 0.004419339 260 89 364 157
cat-Siamese 0.0042148414 9 0 175 37
dog-havanese 0.0041809967 256 0 500 234
dog-samoyed 0.004138682 312 0 500 89
cat-Bombay 0.004130381 85 0 251 24
dog-great_pyrenees 0.004114911 256 0 500 234
dog-boxer 0.004065507 0 71 484 333
cat-Egyptian_Mau 0.0040555587 0 136 32 207
cat-Bombay 0.004032058 273 0 416 22
dog-staffordshire_bull_terrier 0.0040252414 259 88 364 147
dog-havanese 0.003813635 261 87 368 194
cat-Bombay 0.0037858998 314 0 461 25
dog-basset_hound 0.0037775445 30 232 66 255
dog-basset_hound 0.00373374 0 112 31 189
dog-japanese_chin 0.0036271818 166 111 221 136
dog-chihuahua 0.0035892173 0 0 144 38
cat-Russian_Blue 0.0035870674 259 88 364 147
dog-beagle 0.0035793788 0 71 484 333
dog-wheaten_terrier 0.0035728167 464 28 498 116
cat-Birman 0.003534512 25 0 203 36
dog-shiba_inu 0.0035138717 0 0 155 46
dog-pug 0.0034797022 259 88 364 147
dog-american_pit_bull_terrier 0.0034762842 229 121 500 333
dog-yorkshire_terrier 0.0033769028 257 90 364 155
dog-havanese 0.0033723821 131 0 500 220
cat-Egyptian_Mau 0.0032395183 0 0 74 21
dog-german_shorthaired 0.0031916972 148 108 492 333
cat-Bombay 0.0031860329 266 0 373 19
cat-Siamese 0.0031719152 350 0 500 35
dog-basset_hound 0.0031495853 259 88 364 147
dog-boxer 0.0030961726 259 88 364 147
dog-great_pyrenees 0.0030573183 312 0 500 89
cat-Bombay 0.0030291278 316 0 423 19
dog-basset_hound 0.0029944554 229 121 500 333
cat-Abyssinian 0.0029906656 472 239 500 289
dog-american_pit_bull_terrier 0.0029874681 0 26 149 234
cat-Birman 0.0029623949 409 0 500 35
dog-pomeranian 0.0029477053 213 0 500 126
dog-american_pit_bull_terrier 0.0029244076 259 88 364 147
cat-Abyssinian 0.0029035332 473 226 500 276
cat-Maine_Coon 0.0028995366 151 135 181 147
dog-pomeranian 0.002897165 409 0 500 35
dog-keeshond 0.0028757954 350 0 500 35
dog-staffordshire_bull_terrier 0.002857311 214 243 245 251
dog-pomeranian 0.0028431923 437 3 500 72
cat-Bombay 0.0028416489 38 0 201 24
dog-shiba_inu 0.0027586808 333 0 500 40
dog-samoyed 0.0027559667 139 135 171 147
cat-Egyptian_Mau 0.002738576 469 249 500 303
dog-samoyed 0.002728106 153 142 182 156
cat-Bombay 0.0027103734 228 0 336 19
dog-leonberger 0.0026977218 458 2 500 51
dog-pomeranian 0.0026966855 312 0 500 89
cat-Bengal 0.0026887525 0 0 367 168
cat-Maine_Coon 0.0026724748 145 140 176 151
dog-leonberger 0.0026720285 455 0 500 36
