cat-British_Shorthair 0.98917913 192 68 400 267
cat-Persian 0.12784776 192 69 399 265
cat-Bombay 0.07403227 192 69 399 265
cat-Birman 0.035235364 192 69 399 265
dog-keeshond 0.026237397 192 69 399 265
cat-Persian 0.01908027 189 60 500 268
cat-Russian_Blue 0.018691892 192 69 399 265
dog-newfoundland 0.017678548 192 69 399 265
cat-Birman 0.015886715 189 60 500 268
cat-Ragdoll 0.015382059 304 313 350 331
cat-British_Shorthair 0.014932153 0 50 408 285
cat-Bombay 0.011216123 189 60 500 268
cat-Russian_Blue 0.010625965 189 60 500 268
cat-Bombay 0.010406114 264 0 406 24
cat-Siamese 0.010071244 189 60 500 268
cat-British_Shorthair 0.008369345 189 178 360 266
dog-yorkshire_terrier 0.007866775 189 60 500 268
dog-english_cocker_spaniel 0.007680408 192 69 399 265
dog-yorkshire_terrier 0.007582084 2 0 274 75
dog-pug 0.0075123874 189 69 401 266
cat-Abyssinian 0.007492944 203 71 247 134
cat-Russian_Blue 0.006914288 197 73 395 192
cat-Egyptian_Mau 0.006849248 0 0 31 12
cat-Bombay 0.006736051 222 0 366 26
cat-Abyssinian 0.006734644 202 68 260 149
cat-Siamese 0.0066455714 486 73 499 97
cat-Bombay 0.006624938 298 0 449 24
dog-scottish_terrier 0.006480264 197 73 395 192
dog-american_pit_bull_terrier 0.0061755995 0 43 80 173
dog-basset_hound 0.006056882 465 156 499 241
cat-Bengal 0.005964754 0 50 408 285
cat-Abyssinian 0.005887141 475 71 500 124
bella 0.0058510145 0 276 92 332
cat-Maine_Coon 0.005765856 189 60 500 268
cat-Bombay 0.0056731375 204 70 243 124
dog-keeshond 0.005654182 197 73 395 192
dog-keeshond 0.0055550965 189 60 500 268
cat-Egyptian_Mau 0.005535897 189 60 500 268
cat-British_Shorthair 0.005521928 191 92 500 316
cat-Birman 0.0049564615 298 313 345 331
cat-Ragdoll 0.0048457636 189 60 500 268
cat-Egyptian_Mau 0.004829463 0 0 77 20
dog-shiba_inu 0.0047848765 197 73 395 192
dog-wheaten_terrier 0.004753936 192 69 399 265
bella 0.004742327 304 313 350 331
cat-Bombay 0.004701158 202 68 260 149
dog-boxer 0.0046718344 189 60 500 268
dog-shiba_inu 0.0046626744 0 278 105 332
dog-german_shorthaired 0.0046617384 297 74 393 167
cat-Bombay 0.0045873113 2 0 274 75
dog-boxer 0.004529201 104 205 153 214
cat-Persian 0.00444277 355 244 391 256
cat-Persian 0.0044392054 356 248 392 258
cat-Egyptian_Mau 0.0044189612 472 154 500 210
dog-chihuahua 0.0044020745 204 70 275 154
cat-Bombay 0.0043439697 160 0 294 24
cat-Siamese 0.0043428107 192 71 396 194
cat-Bombay 0.0042065918 0 50 408 285
cat-Siamese 0.0041357134 11 0 180 39
cat-Siamese 0.004127426 204 70 275 154
dog-pomeranian 0.004126086 165 0 471 116
cat-Bombay 0.0041242717 5 0 201 48
dog-american_bulldog 0.0040566586 304 313 350 331
dog-japanese_chin 0.0039980654 429 57 453 68
cat-Birman 0.0039801784 197 73 395 192
dog-pug 0.0037860477 197 73 395 192
dog-staffordshire_bull_terrier 0.0037784257 72 231 106 244
dog-basset_hound 0.0037649793 464 189 499 268
cat-Ragdoll 0.0037268642 204 70 243 124
cat-Ragdoll 0.0037161538 192 69 399 265
dog-havanese 0.0036874183 390 253 449 273
cat-Bombay 0.0036623217 308 0 409 19
cat-Siamese 0.003645187 0 50 408 285
bella 0.0036058894 459 311 500 331
cat-Egyptian_Mau 0.0036045022 468 162 500 233
cat-Bombay 0.003580796 284 0 383 19
cat-Ragdoll 0.0035704055 202 68 260 149
dog-staffordshire_bull_terrier 0.0035100735 197 73 395 192
dog-pug 0.0034704744 0 50 408 285
cat-Abyssinian 0.0034623374 474 83 500 141
dog-leonberger 0.0034249593 467 152 497 218
dog-american_bulldog 0.0034249246 101 206 146 215
dog-japanese_chin 0.003424329 298 313 345 331
dog-japanese_chin 0.003406424 378 253 432 273
bella 0.0033723693 3 115 36 173
cat-Siamese 0.0033484194 486 3 500 27
dog-saint_bernard 0.0033186343 441 64 496 152
dog-staffordshire_bull_terrier 0.00331205 66 226 100 240
dog-japanese_chin 0.0033075302 25 156 42 177
dog-staffordshire_bull_terrier 0.0032987453 189 60 500 268
cat-Persian 0.0032706219 0 50 408 285
cat-Birman 0.0032209607 51 0 320 78
dog-basset_hound 0.0031994663 0 30 416 300
dog-japanese_chin 0.0031925421 397 256 418 272
dog-havanese 0.0031219919 356 248 392 258
cat-Abyssinian 0.0031191378 189 60 500 268
dog-english_cocker_spaniel 0.0031120987 189 60 500 268
dog-pomeranian 0.0030946103 78 0 387 115
dog-yorkshire_terrier 0.003092944 18 0 351 104
cat-Egyptian_Mau 0.003079589 204 70 243 124
