cat-British_Shorthair 0.97195303 108 12 448 291
cat-Russian_Blue 0.14778432 107 14 448 292
cat-Birman 0.10533319 107 12 448 293
dog-keeshond 0.07322456 107 12 448 293
cat-Bombay 0.033697546 106 16 447 288
cat-Persian 0.027190665 107 14 447 293
cat-British_Shorthair 0.021899365 0 13 447 328
cat-Bombay 0.015479706 0 13 447 328
cat-Ragdoll 0.013876347 107 12 448 293
dog-newfoundland 0.013367864 109 15 449 288
cat-Bengal 0.012522247 0 13 447 328
cat-Bombay 0.011171044 29 4 155 62
dog-pug 0.01077012 107 12 448 293
cat-Ragdoll 0.010761963 71 2 138 28
dog-yorkshire_terrier 0.0103516085 29 4 155 62
cat-British_Shorthair 0.009964571 121 103 425 287
cat-Egyptian_Mau 0.008942479 469 237 500 321
dog-boxer 0.0089387745 106 16 447 288
dog-newfoundland 0.008500489 0 13 447 328
dog-leonberger 0.008425645 0 165 32 239
dog-japanese_chin 0.008166126 6 167 43 246
dog-chihuahua 0.008111822 4 3 131 59
dog-japanese_chin 0.0076869745 2 161 34 224
bella 0.0068607884 467 96 498 195
bella 0.0068151406 472 173 500 239
cat-Persian 0.006709489 0 13 447 328
cat-Abyssinian 0.0066833445 71 2 138 28
dog-leonberger 0.006649303 63 10 453 375
cat-Russian_Blue 0.006053604 0 13 447 328
cat-Siamese 0.006004412 71 2 138 28
cat-Siamese 0.0059773745 39 1 128 28
cat-Egyptian_Mau 0.005672586 0 0 431 287
bella 0.00563593 473 94 500 166
bella 0.0056244405 469 148 500 233
cat-Egyptian_Mau 0.005547486 102 14 382 273
bella 0.0055318377 3 227 31 314
dog-japanese_chin 0.005414274 0 165 32 239
dog-yorkshire_terrier 0.00540173 0 0 175 97
dog-basset_hound 0.005304161 63 10 453 375
cat-British_Shorthair 0.005164278 112 0 500 243
dog-yorkshire_terrier 0.0051256595 34 13 160 81
bella 0.005094902 468 120 500 208
cat-Bombay 0.0050906376 216 0 372 28
dog-german_shorthaired 0.00503256 360 38 445 138
cat-Siamese 0.0049264566 4 3 131 59
cat-Siamese 0.0049056034 104 10 454 297
cat-Abyssinian 0.0047848877 39 1 128 28
cat-Ragdoll 0.004698818 39 1 128 28
cat-Egyptian_Mau 0.004643796 473 231 500 294
dog-havanese 0.004628857 63 10 453 375
cat-Ragdoll 0.004627673 120 11 258 187
dog-leonberger 0.004593957 2 161 34 224
bella 0.0045259367 3 253 30 340
dog-yorkshire_terrier 0.0044952524 0 0 205 139
cat-Ragdoll 0.0044268453 76 7 135 39
dog-american_bulldog 0.004392449 107 12 448 293
dog-shiba_inu 0.0043797824 0 0 431 287
cat-Siamese 0.004319277 486 1 500 24
cat-Bombay 0.0042954744 440 1 500 36
cat-Bombay 0.0041575963 251 0 408 31
cat-Persian 0.0041384855 0 172 31 252
dog-yorkshire_terrier 0.0041231187 0 28 219 175
dog-wheaten_terrier 0.0041168616 0 13 447 328
dog-english_cocker_spaniel 0.0038172838 0 13 447 328
dog-german_shorthaired 0.0037968373 103 11 434 289
cat-Bombay 0.0037690161 250 0 425 41
cat-Birman 0.0037461498 0 13 447 328
cat-Egyptian_Mau 0.0037115158 63 10 453 375
dog-wheaten_terrier 0.00362584 0 181 30 263
dog-yorkshire_terrier 0.0036077898 63 10 453 375
dog-great_pyrenees 0.0035676532 119 4 204 30
cat-Ragdoll 0.003540242 93 0 149 21
cat-Bombay 0.00352095 160 0 259 22
cat-Siamese 0.0034699636 76 7 135 39
cat-Birman 0.003458036 125 13 420 186
cat-Bombay 0.0034477059 116 11 155 82
cat-Bombay 0.0034165338 22 0 150 46
dog-great_pyrenees 0.0033994575 120 0 196 23
dog-boxer 0.00336016 0 13 447 328
cat-British_Shorthair 0.0033463403 148 175 414 289
dog-yorkshire_terrier 0.0033147912 485 245 500 276
bella 0.003251363 475 78 500 146
bella 0.0032122813 472 196 500 253
cat-Ragdoll 0.003204577 0 0 431 287
cat-Birman 0.0032000323 112 0 500 243
dog-german_shorthaired 0.003159375 110 0 277 175
dog-yorkshire_terrier 0.0031160822 22 0 150 46
cat-Bombay 0.0031017973 177 0 334 27
dog-miniature_pinscher 0.0030931619 1 219 14 258
dog-scottish_terrier 0.003088755 0 13 447 328
dog-yorkshire_terrier 0.003072431 0 0 431 287
dog-english_cocker_spaniel 0.0030280696 468 129 500 218
dog-yorkshire_terrier 0.003024581 115 15 198 148
bella 0.003018981 2 224 45 324
cat-Egyptian_Mau 0.002992466 457 233 497 344
cat-Abyssinian 0.0029704364 487 26 500 56
dog-chihuahua 0.002938237 487 86 500 117
cat-Birman 0.0029345558 120 11 258 187
cat-Abyssinian 0.0029186155 487 57 500 89
dog-great_pyrenees 0.002881714 105 0 161 21
