cat-British_Shorthair 0.9875525 163 48 356 231
cat-Persian 0.111814834 163 49 358 233
cat-Birman 0.038104523 164 47 356 232
cat-Bombay 0.030798173 166 48 355 230
cat-Russian_Blue 0.02896716 166 48 355 230
dog-keeshond 0.021977028 166 48 355 230
cat-Egyptian_Mau 0.020467918 163 49 358 233
dog-newfoundland 0.019861614 163 49 358 233
dog-leonberger 0.017920895 2 129 28 189
dog-leonberger 0.013949629 0 134 31 205
cat-British_Shorthair 0.01393969 166 55 500 279
dog-wheaten_terrier 0.013003723 163 48 356 231
cat-British_Shorthair 0.012869344 0 50 378 267
dog-pug 0.010806193 164 47 356 232
dog-newfoundland 0.010039234 0 134 31 205
cat-Ragdoll 0.009812313 163 49 358 233
cat-British_Shorthair 0.0095637655 173 141 338 231
cat-Persian 0.009329551 458 0 499 45
cat-Persian 0.008940827 0 284 95 332
cat-Birman 0.008819384 20 0 162 33
cat-Siamese 0.008007924 59 0 212 34
cat-British_Shorthair 0.007753288 169 169 311 227
dog-boxer 0.007591497 2 132 28 198
dog-pug 0.007532765 59 0 212 34
bella 0.0069678356 0 0 36 23
cat-Bengal 0.0068919514 166 48 355 230
dog-keeshond 0.006328592 156 49 347 152
cat-Birman 0.006274712 12 0 109 18
cat-Maine_Coon 0.0060716923 170 0 228 18
cat-Siamese 0.0059433877 20 0 162 33
dog-newfoundland 0.0058276514 0 155 30 228
dog-english_cocker_spaniel 0.00581488 166 48 355 230
dog-japanese_chin 0.0056883255 163 49 358 233
dog-leonberger 0.005613373 2 126 31 170
cat-Bombay 0.0055807433 294 0 447 27
dog-english_setter 0.005565384 0 140 31 213
cat-Siamese 0.0054268814 42 0 220 56
dog-scottish_terrier 0.0053705787 156 49 347 152
dog-english_cocker_spaniel 0.0051764534 0 155 30 228
cat-Persian 0.004998588 1 0 44 33
cat-Birman 0.0049479343 0 0 130 24
cat-Bengal 0.004896074 0 12 364 221
dog-german_shorthaired 0.0048068613 0 140 31 213
cat-Maine_Coon 0.0047849696 190 0 247 18
bella 0.004747263 2 126 31 170
cat-Bombay 0.0047356538 59 0 212 34
dog-staffordshire_bull_terrier 0.004665696 0 140 31 213
cat-Birman 0.0046454873 59 0 212 34
cat-Bombay 0.004616896 34 0 134 19
cat-Maine_Coon 0.004456267 107 0 167 13
dog-basset_hound 0.004437878 117 64 396 332
cat-Persian 0.0042400104 0 0 104 25
dog-yorkshire_terrier 0.004214271 373 0 500 110
dog-american_bulldog 0.004195419 163 49 358 233
cat-Persian 0.004132461 0 0 66 19
dog-great_pyrenees 0.00411294 446 126 500 209
cat-Maine_Coon 0.004101337 231 0 288 14
cat-Bombay 0.0040944503 162 43 229 120
cat-Birman 0.0040737 165 17 500 230
dog-boxer 0.004070905 164 47 356 232
cat-Persian 0.0040598423 442 0 499 33
cat-Bombay 0.004035888 159 0 301 26
dog-american_bulldog 0.00403134 2 129 28 189
cat-Bombay 0.003992989 317 0 422 20
dog-wheaten_terrier 0.0039624693 0 155 30 228
cat-Persian 0.0039439923 166 55 500 279
cat-Maine_Coon 0.0038774014 402 0 467 20
cat-Bombay 0.0038717827 160 45 193 101
cat-Bengal 0.0038625048 165 48 333 126
cat-Maine_Coon 0.0038580617 471 0 500 19
dog-american_bulldog 0.0038229765 0 134 31 205
dog-german_shorthaired 0.0038024597 164 47 356 232
cat-Persian 0.0037679423 156 49 347 152
dog-american_pit_bull_terrier 0.0037354187 0 134 31 205
cat-Egyptian_Mau 0.003714126 165 48 333 126
cat-Siamese 0.0036937443 166 55 500 279
cat-Maine_Coon 0.0036703006 37 0 101 16
cat-Maine_Coon 0.0036622102 460 0 499 57
dog-staffordshire_bull_terrier 0.0036565303 166 55 500 279
dog-basset_hound 0.0036276993 0 140 31 213
cat-Bombay 0.0036122203 161 50 254 159
dog-samoyed 0.0035926208 156 49 347 152
dog-newfoundland 0.0035592013 77 128 113 159
dog-yorkshire_terrier 0.003519468 22 0 255 87
dog-german_shorthaired 0.0035152866 251 46 347 136
cat-Ragdoll 0.003504309 165 17 500 230
dog-havanese 0.0034692346 164 47 356 232
dog-yorkshire_terrier 0.0034691652 0 0 168 83
cat-Birman 0.0034605674 156 49 347 152
cat-Maine_Coon 0.0034372888 263 0 321 17
cat-Birman 0.0034243877 331 0 494 37
dog-pug 0.0034215671 156 49 347 152
dog-staffordshire_bull_terrier 0.00338328 220 48 284 68
dog-saint_bernard 0.0033722795 0 130 31 196
cat-Maine_Coon 0.0033481235 127 0 183 13
cat-British_Shorthair 0.0033226993 171 182 270 226
dog-pug 0.0033175554 20 0 162 33
dog-great_pyrenees 0.0033035635 165 48 333 126
cat-Persian 0.0033033043 469 0 500 33
cat-Persian 0.003286288 0 12 364 221
