cat-Bombay 0.6895796 189 129 267 219
cat-British_Shorthair 0.6440154 189 127 267 219
cat-Russian_Blue 0.36159116 189 129 267 219
cat-Birman 0.07607112 189 126 266 215
dog-scottish_terrier 0.073831305 189 129 267 219
cat-Bengal 0.047578212 189 129 267 219
dog-german_shorthaired 0.034374624 189 127 267 219
dog-keeshond 0.033706296 189 126 266 215
cat-Persian 0.027376965 189 126 266 215
bella 0.027112372 189 126 266 215
cat-Egyptian_Mau 0.019100584 189 126 266 215
cat-Birman 0.016679268 236 2 333 75
cat-Ragdoll 0.016473157 189 126 266 215
cat-Siamese 0.015698131 189 126 266 215
dog-newfoundland 0.014752526 189 129 267 219
dog-staffordshire_bull_terrier 0.014575023 189 126 266 215
dog-boxer 0.014209668 189 126 266 215
bella 0.013206022 1 144 23 261
dog-pug 0.012627338 189 126 266 215
dog-basset_hound 0.0123855695 189 126 266 215
bella 0.011716198 2 176 23 285
dog-wheaten_terrier 0.010547657 190 128 267 219
cat-Birman 0.010400076 8 0 120 58
cat-Abyssinian 0.010318482 189 128 267 219
dog-shiba_inu 0.010017315 189 126 266 215
dog-yorkshire_terrier 0.010001174 189 126 266 215
dog-english_cocker_spaniel 0.009739282 92 352 115 374
cat-Birman 0.0096199 215 0 276 27
cat-Birman 0.009400779 142 0 240 34
cat-Birman 0.009281794 152 0 221 29
cat-Birman 0.009049994 76 0 196 53
cat-Birman 0.008847066 219 0 326 56
cat-Birman 0.00883102 41 0 165 56
cat-Birman 0.008351105 107 0 212 35
bella 0.008266842 66 356 96 402
cat-Birman 0.008136949 27 0 220 108
cat-Birman 0.007923276 126 0 198 29
cat-Birman 0.007644293 177 0 245 28
bella 0.0071370658 256 362 286 401
cat-British_Shorthair 0.007097715 187 126 242 209
cat-Birman 0.006810469 196 0 261 27
cat-Birman 0.0065592383 233 0 295 26
dog-wheaten_terrier 0.006543302 125 331 206 394
dog-miniature_pinscher 0.00653941 1 412 10 464
dog-american_bulldog 0.0063824574 189 126 266 215
cat-Birman 0.0059459885 38 0 270 151
dog-beagle 0.0059091467 189 126 266 215
dog-japanese_chin 0.0057585263 299 1 331 106
dog-great_pyrenees 0.005719411 191 0 333 149
cat-Birman 0.005653169 111 0 229 52
cat-Siamese 0.005592157 76 0 196 53
dog-leonberger 0.0054237857 189 126 266 215
dog-american_pit_bull_terrier 0.0053550075 189 126 266 215
dog-basset_hound 0.0053337356 0 388 23 410
dog-pomeranian 0.00531734 215 0 333 136
bella 0.0052390355 2 223 24 314
cat-Siamese 0.005164325 8 0 120 58
cat-Bengal 0.0049750013 0 318 25 402
cat-Ragdoll 0.0048438874 236 2 333 75
dog-havanese 0.004794573 189 126 266 215
cat-British_Shorthair 0.0047451477 189 130 220 183
cat-Egyptian_Mau 0.004703209 230 363 261 400
cat-Persian 0.004684521 299 1 331 106
dog-english_setter 0.004679201 161 319 255 381
cat-Siamese 0.0046671447 236 2 333 75
cat-Birman 0.004623174 251 0 312 27
dog-basset_hound 0.0044886847 33 390 52 408
dog-pomeranian 0.0044884356 0 0 117 74
cat-Birman 0.004459806 100 0 174 31
dog-english_cocker_spaniel 0.004363741 189 126 266 215
cat-Egyptian_Mau 0.0043051057 181 245 241 290
dog-beagle 0.0042860745 0 57 319 500
dog-havanese 0.004200211 227 0 333 161
cat-Birman 0.004195371 54 0 166 40
cat-Maine_Coon 0.0041751703 189 126 266 215
cat-Bengal 0.004145139 0 335 45 407
dog-leonberger 0.004100862 305 4 331 102
dog-havanese 0.0039966092 187 0 301 199
dog-beagle 0.0039842264 189 350 240 382
cat-Bombay 0.003956529 221 132 266 205
dog-yorkshire_terrier 0.0039487006 9 0 160 88
cat-Maine_Coon 0.0039292434 8 0 183 69
dog-basset_hound 0.003912565 0 57 319 500
dog-english_cocker_spaniel 0.003910514 82 356 103 377
dog-samoyed 0.0038808123 215 0 333 136
cat-British_Shorthair 0.003876422 152 121 273 244
cat-Egyptian_Mau 0.003812766 100 365 139 395
cat-Birman 0.0038092104 208 130 268 198
dog-pomeranian 0.0037931835 2 0 183 101
cat-Siamese 0.0037629819 41 0 165 56
cat-British_Shorthair 0.00369122 221 132 266 205
dog-great_pyrenees 0.0036746191 227 0 333 161
dog-miniature_pinscher 0.003653533 1 421 12 476
bella 0.003609165 3 159 48 299
bella 0.003577179 2 39 20 167
cat-Egyptian_Mau 0.0035754677 315 123 333 215
cat-Persian 0.0035654926 35 478 80 500
cat-Siamese 0.0035441064 38 0 151 41
cat-Egyptian_Mau 0.0035172259 94 364 128 396
dog-english_cocker_spaniel 0.0035061534 80 357 97 376
