dog-chihuahua 0.9336531 51 24 451 422
dog-pomeranian 0.49930063 51 24 451 422
dog-shiba_inu 0.38464722 51 24 451 422
dog-american_pit_bull_terrier 0.19535495 51 24 451 422
dog-keeshond 0.054165564 48 27 442 422
dog-scottish_terrier 0.04762828 35 14 456 403
dog-miniature_pinscher 0.040860858 0 15 455 436
dog-leonberger 0.040436093 43 14 460 438
dog-pug 0.04002022 43 14 460 438
dog-yorkshire_terrier 0.035310652 0 15 455 436
cat-Siamese 0.032894317 51 24 451 422
cat-Bengal 0.031223487 0 15 455 436
cat-Maine_Coon 0.031121768 0 15 455 436
cat-Abyssinian 0.02925009 0 15 455 436
dog-american_bulldog 0.0248237 43 14 460 438
dog-staffordshire_bull_terrier 0.023969354 43 14 460 438
dog-samoyed 0.02263882 0 15 455 436
cat-Sphynx 0.02143846 0 15 455 436
cat-Bombay 0.018012995 0 15 455 436
dog-english_setter 0.017622566 0 15 455 436
dog-great_pyrenees 0.017318571 43 14 460 438
cat-Egyptian_Mau 0.016333416 0 15 455 436
dog-wheaten_terrier 0.015115509 0 15 455 436
dog-havanese 0.011959165 42 28 458 490
cat-Ragdoll 0.01154592 42 28 458 490
cat-Russian_Blue 0.011144718 35 14 456 403
cat-Bombay 0.009959812 43 41 171 273
dog-japanese_chin 0.009679395 43 14 460 438
dog-beagle 0.009238008 0 15 455 436
dog-wheaten_terrier 0.008600805 43 42 113 68
cat-Birman 0.008296238 0 433 109 499
dog-english_cocker_spaniel 0.008024251 0 15 455 436
dog-boxer 0.007836835 0 15 455 436
dog-basset_hound 0.0076409304 0 15 455 436
dog-newfoundland 0.0072711674 0 15 455 436
cat-Birman 0.0068665547 0 15 455 436
dog-leonberger 0.006388387 0 0 352 399
dog-pomeranian 0.006372619 186 308 392 420
cat-Siamese 0.006040982 43 49 166 275
cat-Persian 0.005611079 42 28 458 490
dog-saint_bernard 0.0054998035 0 15 455 436
bella 0.0051415134 0 15 455 436
cat-Birman 0.004929775 36 442 167 498
dog-pomeranian 0.0049097626 84 171 425 433
dog-chihuahua 0.004854931 0 0 352 399
dog-miniature_pinscher 0.0046211123 1 425 17 462
dog-chihuahua 0.00450611 47 38 320 368
dog-samoyed 0.004151076 84 0 500 376
dog-miniature_pinscher 0.0041127387 0 400 16 427
dog-english_cocker_spaniel 0.0040980335 98 2 135 14
cat-British_Shorthair 0.004093507 0 15 455 436
dog-english_setter 0.003991436 0 0 352 399
dog-keeshond 0.0039910893 0 0 352 399
dog-yorkshire_terrier 0.003927986 84 0 500 376
dog-leonberger 0.0038977247 148 305 344 422
dog-miniature_pinscher 0.0038327514 1 419 17 447
dog-german_shorthaired 0.0037746443 0 15 455 436
dog-pug 0.0037410692 0 0 352 399
dog-miniature_pinscher 0.0036987613 1 408 16 432
dog-shiba_inu 0.003652714 345 4 448 39
cat-Birman 0.003622916 43 41 171 273
dog-staffordshire_bull_terrier 0.0035676074 130 80 161 93
dog-english_cocker_spaniel 0.00351152 266 71 292 89
dog-english_cocker_spaniel 0.0035105322 86 3 122 14
dog-miniature_pinscher 0.003462176 0 424 26 450
dog-basset_hound 0.0034492442 98 2 135 14
dog-leonberger 0.0033946517 41 51 73 109
cat-Birman 0.0033789866 2 405 75 500
dog-japanese_chin 0.003342854 42 104 148 304
dog-shiba_inu 0.0033187224 0 0 352 399
dog-staffordshire_bull_terrier 0.0032506615 301 275 341 304
dog-wheaten_terrier 0.0031996912 266 71 292 89
dog-shiba_inu 0.0031332092 84 171 425 433
dog-american_bulldog 0.0030176109 368 4 456 36
cat-Egyptian_Mau 0.0030127198 43 42 113 68
dog-samoyed 0.0030005134 62 117 445 420
dog-pomeranian 0.0029458783 88 0 500 355
cat-Birman 0.0029137987 84 0 500 376
dog-american_bulldog 0.002912465 366 329 417 360
dog-american_pit_bull_terrier 0.0029069767 409 6 500 80
dog-japanese_chin 0.0029046366 36 143 137 341
dog-pomeranian 0.0028459176 236 368 358 421
dog-yorkshire_terrier 0.0028279554 47 38 320 368
dog-english_cocker_spaniel 0.002827954 74 3 108 14
dog-leonberger 0.0028194299 108 310 149 361
dog-chihuahua 0.0028119697 188 37 451 390
cat-Bombay 0.0028030016 119 0 313 62
cat-British_Shorthair 0.0027945414 89 481 133 498
dog-wheaten_terrier 0.0027780198 368 16 453 44
dog-basset_hound 0.0027757832 110 2 148 14
cat-Persian 0.002774118 336 1 370 11
dog-keeshond 0.002756099 47 38 320 368
cat-Persian 0.002733248 304 1 339 11
dog-basset_hound 0.0027147324 122 2 160 14
cat-Egyptian_Mau 0.0027028786 368 4 456 36
dog-basset_hound 0.002699183 86 3 122 14
dog-miniature_pinscher 0.0026736557 0 411 13 438
cat-Maine_Coon 0.0026690837 368 4 456 36
dog-samoyed 0.0026577685 368 4 456 36
cat-British_Shorthair 0.0026426152 124 80 155 93
