dog-chihuahua 0.9685158 59 18 148 111
cat-Sphynx 0.14972037 58 17 150 110
dog-miniature_pinscher 0.12338939 58 17 150 110
dog-american_pit_bull_terrier 0.11661448 59 18 149 110
cat-Siamese 0.07253672 58 18 149 111
dog-shiba_inu 0.06815405 58 17 150 110
dog-pomeranian 0.04766465 58 17 150 110
cat-Abyssinian 0.046363574 59 18 149 110
dog-scottish_terrier 0.03948302 59 18 149 110
dog-yorkshire_terrier 0.033515573 59 18 148 112
dog-staffordshire_bull_terrier 0.031379957 59 18 148 111
dog-pug 0.020710444 58 17 150 110
cat-Bombay 0.01939416 59 18 148 112
dog-leonberger 0.015754454 60 16 150 109
dog-english_setter 0.01433567 60 16 150 109
cat-Egyptian_Mau 0.012400598 280 120 300 171
dog-american_bulldog 0.012276091 182 89 214 104
dog-japanese_chin 0.011887904 174 89 209 103
cat-Egyptian_Mau 0.009311504 0 82 19 131
dog-staffordshire_bull_terrier 0.009139156 180 158 224 176
dog-pug 0.009108755 174 89 209 103
cat-Maine_Coon 0.008707917 59 18 148 112
dog-havanese 0.008696979 232 19 251 25
dog-american_bulldog 0.008414847 193 89 219 104
dog-saint_bernard 0.008178316 141 93 170 109
dog-saint_bernard 0.007669982 169 94 202 107
dog-havanese 0.006842203 195 15 215 23
cat-Egyptian_Mau 0.0066112233 282 106 300 153
dog-staffordshire_bull_terrier 0.0063601197 174 162 219 179
dog-american_bulldog 0.0061554303 168 89 202 103
dog-saint_bernard 0.0059396583 150 93 178 109
dog-saint_bernard 0.0055460576 162 93 192 107
dog-newfoundland 0.005511466 197 24 259 44
dog-japanese_chin 0.005510084 169 94 202 107
dog-saint_bernard 0.0055047246 174 89 209 103
cat-Egyptian_Mau 0.005496263 282 130 300 178
dog-basset_hound 0.0054667774 0 82 19 131
cat-Russian_Blue 0.005424856 59 18 148 112
dog-american_pit_bull_terrier 0.0054103937 212 25 300 173
cat-Egyptian_Mau 0.00526622 0 106 18 154
bella 0.005245067 220 153 251 174
dog-leonberger 0.005148222 168 89 202 103
cat-Egyptian_Mau 0.005147502 0 172 22 218
cat-Egyptian_Mau 0.005098817 282 92 300 141
dog-basset_hound 0.005055715 128 85 150 97
dog-staffordshire_bull_terrier 0.0049152076 107 64 132 73
dog-boxer 0.004812599 182 89 214 104
cat-Egyptian_Mau 0.0047577415 254 94 300 158
cat-Bengal 0.0046679284 59 18 148 112
dog-beagle 0.0046275742 60 16 150 109
dog-miniature_pinscher 0.004568904 46 7 285 128
cat-Egyptian_Mau 0.0045443014 64 107 297 218
cat-Bengal 0.004514633 0 2 180 123
dog-leonberger 0.004484632 161 89 193 103
dog-havanese 0.004445648 201 15 222 22
dog-saint_bernard 0.0043926015 161 89 193 103
dog-basset_hound 0.0043868264 64 107 297 218
dog-american_bulldog 0.004342996 201 88 227 105
cat-Egyptian_Mau 0.004331224 0 96 15 136
dog-yorkshire_terrier 0.004248515 0 20 144 100
dog-american_pit_bull_terrier 0.0041791373 46 7 285 128
dog-staffordshire_bull_terrier 0.0041496097 105 65 127 78
dog-keeshond 0.004114454 59 18 148 112
bella 0.004112817 1 145 20 198
bella 0.004102198 0 81 20 126
dog-saint_bernard 0.004053849 156 93 184 108
dog-leonberger 0.004051668 182 89 214 104
dog-japanese_chin 0.0040493426 193 89 219 104
cat-Bombay 0.0039657364 199 0 293 23
dog-boxer 0.003947285 46 7 285 128
dog-american_pit_bull_terrier 0.0039306027 79 0 300 109
dog-miniature_pinscher 0.0039149094 61 21 145 76
dog-boxer 0.003906482 58 18 149 111
cat-Bengal 0.0038966434 0 87 18 135
cat-Abyssinian 0.003855532 60 16 97 65
cat-Egyptian_Mau 0.0038215274 0 140 20 187
dog-miniature_pinscher 0.0038170172 131 0 151 5
dog-great_pyrenees 0.0037866265 60 16 150 109
cat-Egyptian_Mau 0.0037508174 283 63 300 106
dog-miniature_pinscher 0.0036621408 0 2 180 123
cat-Egyptian_Mau 0.0036431958 283 141 300 191
dog-chihuahua 0.0036429171 45 0 160 114
dog-leonberger 0.0036421919 193 89 219 104
dog-basset_hound 0.003536244 6 58 215 218
dog-basset_hound 0.0035138952 179 139 210 151
dog-basset_hound 0.0034275316 0 27 20 76
dog-havanese 0.003412761 60 16 150 109
cat-Egyptian_Mau 0.0033983237 56 161 92 178
dog-staffordshire_bull_terrier 0.0033905983 107 61 132 70
dog-saint_bernard 0.0033642824 149 88 179 103
cat-Maine_Coon 0.0032980493 230 97 300 213
dog-wheaten_terrier 0.0032706219 131 0 151 5
dog-basset_hound 0.0032447835 129 89 147 99
dog-leonberger 0.0032365662 278 36 298 87
cat-Sphynx 0.0032257824 46 7 285 128
dog-leonberger 0.0032072011 63 76 130 110
dog-havanese 0.0031850894 210 11 228 21
dog-miniature_pinscher 0.0031256657 269 45 300 109
dog-pomeranian 0.0030877495 68 82 133 109
cat-Bombay 0.003074529 279 38 297 96
