dog-chihuahua 0.869267 17 10 182 200
dog-miniature_pinscher 0.8004783 17 10 182 200
cat-Bombay 0.25795564 17 10 181 199
dog-scottish_terrier 0.18002024 17 10 181 199
dog-yorkshire_terrier 0.14699927 15 7 179 192
dog-american_pit_bull_terrier 0.09913259 15 7 179 192
cat-Sphynx 0.06995589 17 10 181 199
cat-Bengal 0.05058599 17 10 181 199
dog-shiba_inu 0.035797223 17 10 181 199
dog-staffordshire_bull_terrier 0.022984678 18 7 183 198
dog-miniature_pinscher 0.016529975 77 15 179 181
cat-Abyssinian 0.015907139 17 10 181 199
cat-Persian 0.013237202 163 0 178 9
cat-Maine_Coon 0.012872362 17 10 181 199
cat-Russian_Blue 0.01240863 18 7 183 198
dog-miniature_pinscher 0.011992866 32 0 202 183
dog-newfoundland 0.01061707 8 6 181 194
dog-english_cocker_spaniel 0.010339174 0 0 182 204
dog-scottish_terrier 0.010299377 77 15 179 181
dog-keeshond 0.009451399 17 10 181 199
dog-staffordshire_bull_terrier 0.008471774 77 15 179 181
dog-chihuahua 0.008077538 77 15 179 181
dog-wheaten_terrier 0.007800573 18 7 183 198
dog-german_shorthaired 0.0076825893 17 10 181 199
dog-pug 0.0071267444 17 10 181 199
dog-chihuahua 0.007015442 32 0 202 183
cat-Egyptian_Mau 0.0069165113 189 101 202 164
dog-newfoundland 0.0065911207 77 15 179 181
dog-pomeranian 0.006485919 17 10 181 199
dog-american_pit_bull_terrier 0.006412301 32 0 202 183
cat-Bombay 0.00638423 0 242 7 261
bella 0.006367371 188 81 201 149
dog-yorkshire_terrier 0.0063302172 32 0 202 183
cat-British_Shorthair 0.00595463 52 218 66 228
cat-Siamese 0.00575314 17 10 181 199
bella 0.005656265 79 130 96 152
dog-leonberger 0.005586806 18 7 183 198
dog-leonberger 0.0054332726 32 0 202 183
dog-miniature_pinscher 0.0054020886 0 0 155 148
dog-english_cocker_spaniel 0.005385382 109 137 158 180
dog-newfoundland 0.0050775213 32 0 202 183
bella 0.0049512126 188 153 201 227
cat-Russian_Blue 0.0047654584 32 0 202 183
cat-Bombay 0.0046463953 77 15 179 181
cat-Bombay 0.0046397336 61 0 133 32
cat-Bombay 0.0045955954 81 0 143 23
dog-scottish_terrier 0.0044713593 32 0 202 183
dog-basset_hound 0.004455802 58 118 72 134
cat-Egyptian_Mau 0.004360024 189 120 202 180
dog-staffordshire_bull_terrier 0.0043306504 81 130 97 153
cat-Egyptian_Mau 0.0043131434 188 138 202 201
dog-havanese 0.004279661 32 0 202 183
bella 0.0042643286 191 95 202 151
cat-Sphynx 0.0042370036 77 15 179 181
cat-Sphynx 0.0040854053 32 0 202 183
dog-boxer 0.004055393 12 129 38 148
cat-Egyptian_Mau 0.004013414 187 0 202 61
cat-Bombay 0.0039793886 56 0 120 25
dog-boxer 0.0039740494 72 150 122 182
cat-Bombay 0.0039713173 166 0 179 9
dog-basset_hound 0.0039242194 23 126 36 134
cat-Bengal 0.0038936723 32 0 202 183
dog-staffordshire_bull_terrier 0.0038710819 82 128 96 145
dog-staffordshire_bull_terrier 0.0038552533 50 0 202 166
cat-Birman 0.0038338911 0 241 7 256
cat-Maine_Coon 0.0038293647 82 147 98 164
cat-Bombay 0.0037925038 32 0 202 183
cat-Bengal 0.0037837047 0 0 155 148
cat-Persian 0.0037796844 184 0 202 60
dog-japanese_chin 0.0036956982 163 0 178 9
dog-german_shorthaired 0.0036468774 108 0 180 122
dog-pug 0.0036347208 32 0 202 183
cat-British_Shorthair 0.0036334274 20 126 33 133
cat-British_Shorthair 0.0034313207 55 219 69 228
cat-British_Shorthair 0.0033898153 187 123 201 194
dog-samoyed 0.0033833974 17 10 181 199
dog-staffordshire_bull_terrier 0.0033541033 131 80 146 94
dog-english_cocker_spaniel 0.0033209312 30 113 43 126
bella 0.0032987234 190 74 202 129
dog-great_pyrenees 0.0032967469 50 0 202 166
cat-British_Shorthair 0.003294346 50 216 63 227
cat-Bombay 0.0032159905 187 123 201 194
dog-german_shorthaired 0.003169819 32 0 202 183
dog-keeshond 0.0031547141 0 250 40 300
cat-Bombay 0.0031469034 47 0 111 32
cat-Egyptian_Mau 0.0031332106 0 241 20 300
dog-havanese 0.003111328 0 0 182 204
dog-boxer 0.003098841 19 129 48 147
cat-Siamese 0.0030668206 12 129 38 148
dog-saint_bernard 0.0030658117 19 129 48 147
cat-Egyptian_Mau 0.003027485 0 132 13 195
dog-basset_hound 0.003022127 28 126 40 133
cat-Egyptian_Mau 0.0030062373 188 87 201 158
dog-yorkshire_terrier 0.0030051 2 0 50 34
dog-keeshond 0.0030011428 32 0 202 183
dog-english_setter 0.0029844928 0 0 182 204
dog-samoyed 0.0029843238 50 0 202 166
cat-Bombay 0.0029457381 79 0 154 34
dog-pomeranian 0.0029450771 32 0 202 183
cat-Russian_Blue 0.002944418 188 131 202 194
