dog-shiba_inu 0.54955363 270 44 370 145
cat-Sphynx 0.20328757 271 44 370 146
dog-chihuahua 0.16981679 270 44 370 145
dog-american_bulldog 0.054597456 265 42 372 172
cat-Siamese 0.03063476 335 0 500 40
dog-beagle 0.02991464 269 44 368 145
dog-staffordshire_bull_terrier 0.023597447 264 44 375 178
dog-miniature_pinscher 0.020494664 269 44 368 145
dog-american_pit_bull_terrier 0.017286392 270 45 370 145
dog-american_pit_bull_terrier 0.013799128 249 3 500 228
cat-Siamese 0.012210806 15 0 172 31
dog-american_bulldog 0.012209863 136 38 356 192
dog-american_bulldog 0.0118764 226 37 369 193
cat-Siamese 0.010154866 299 2 499 57
dog-american_bulldog 0.010015353 29 39 339 178
cat-Bengal 0.009083179 267 43 368 141
cat-Abyssinian 0.008803662 267 43 368 141
dog-american_pit_bull_terrier 0.008776503 221 0 500 229
dog-american_pit_bull_terrier 0.008768633 225 48 500 281
cat-Abyssinian 0.0070970533 270 43 310 110
dog-american_pit_bull_terrier 0.0066172453 265 43 500 281
cat-Sphynx 0.0060894126 335 0 500 40
dog-pomeranian 0.0060872943 292 71 350 144
cat-Bengal 0.005961911 270 43 310 110
dog-american_bulldog 0.0058116466 252 26 500 268
dog-boxer 0.005781984 264 44 375 178
dog-chihuahua 0.0055193757 221 0 500 229
dog-american_bulldog 0.005409447 283 75 372 178
cat-Siamese 0.005329062 265 42 372 172
cat-Siamese 0.0052739438 299 0 478 32
dog-american_bulldog 0.0052145743 225 48 500 281
dog-pug 0.005159305 263 0 500 202
dog-american_bulldog 0.004970992 221 0 500 229
cat-Birman 0.004916297 347 0 500 33
cat-Bombay 0.004750621 18 0 174 21
cat-Bengal 0.0046769986 0 15 385 186
cat-Egyptian_Mau 0.0046363743 0 15 385 186
dog-pomeranian 0.0046053207 269 44 368 148
cat-Bombay 0.0045144875 269 47 301 99
dog-basset_hound 0.0044728387 0 36 472 277
dog-american_bulldog 0.0041063633 278 110 357 188
dog-shiba_inu 0.004011802 241 47 367 172
dog-staffordshire_bull_terrier 0.0040001087 225 48 500 281
dog-shiba_inu 0.0039088726 225 48 500 281
cat-Birman 0.0038699128 15 0 172 31
dog-pomeranian 0.0038509746 263 0 500 202
cat-Egyptian_Mau 0.0038432996 267 43 368 141
cat-Egyptian_Mau 0.0038362904 225 48 500 281
cat-Egyptian_Mau 0.0038229274 0 167 29 231
dog-yorkshire_terrier 0.003822798 269 47 301 99
cat-Bombay 0.003758716 23 0 123 16
cat-Bombay 0.0037047246 101 0 265 24
cat-Abyssinian 0.003704387 269 47 301 99
cat-Siamese 0.0036538423 19 4 342 93
cat-Egyptian_Mau 0.0035993406 0 0 328 139
dog-chihuahua 0.0035953294 269 47 301 99
dog-basset_hound 0.0035562483 0 147 271 281
dog-american_bulldog 0.003501212 304 148 392 190
cat-Bengal 0.0034969072 0 0 328 139
dog-samoyed 0.0034792193 225 48 500 281
dog-staffordshire_bull_terrier 0.0034722148 252 26 500 268
dog-staffordshire_bull_terrier 0.0033669951 485 128 500 155
cat-Bengal 0.003343318 260 43 295 107
cat-Bengal 0.0032697485 269 47 301 99
cat-Egyptian_Mau 0.0032644938 132 31 500 281
dog-yorkshire_terrier 0.0032579482 263 0 500 202
cat-Abyssinian 0.0032385543 4 0 143 32
dog-shiba_inu 0.0032069266 287 0 500 43
dog-american_pit_bull_terrier 0.0031445024 132 31 500 281
dog-chihuahua 0.0031377967 250 21 388 146
dog-english_setter 0.0031315756 267 43 368 141
dog-staffordshire_bull_terrier 0.0031281123 314 70 350 86
cat-Siamese 0.0031068397 378 0 500 33
dog-american_pit_bull_terrier 0.0030992695 259 48 392 201
dog-leonberger 0.0029976687 225 48 500 281
dog-leonberger 0.0029722587 485 0 500 12
dog-english_setter 0.0029505389 262 68 500 281
cat-Sphynx 0.0029352682 299 2 499 57
dog-miniature_pinscher 0.0028740074 269 47 301 99
cat-Bombay 0.0028718193 55 0 160 16
cat-Egyptian_Mau 0.0028595182 484 116 500 147
dog-beagle 0.0028419313 292 141 324 180
dog-keeshond 0.0028373178 262 68 500 281
cat-Siamese 0.0028180934 28 0 320 67
dog-american_bulldog 0.0028132736 133 40 364 135
dog-american_pit_bull_terrier 0.002804784 190 0 463 209
dog-miniature_pinscher 0.0027926206 0 15 385 186
dog-chihuahua 0.0027899714 484 77 500 108
dog-pomeranian 0.0027602054 159 0 500 180
cat-Persian 0.0027422314 225 48 500 281
dog-pug 0.0027382788 92 10 364 104
dog-pomeranian 0.0027238799 225 0 500 96
dog-havanese 0.002720737 263 0 500 202
dog-pug 0.0027017298 80 0 356 73
cat-Persian 0.0026848975 458 0 500 52
dog-miniature_pinscher 0.0026801368 262 68 500 281
dog-yorkshire_terrier 0.0026746374 262 68 500 281
dog-beagle 0.0026693323 225 48 500 281
cat-Abyssinian 0.0026693032 335 0 500 40
cat-Sphynx 0.0026676343 259 48 392 201
