dog-miniature_pinscher 0.857315 93 32 191 120
dog-chihuahua 0.6815046 96 34 193 120
dog-american_pit_bull_terrier 0.143062 93 32 191 120
cat-Sphynx 0.07721537 94 32 192 119
dog-scottish_terrier 0.06851161 94 32 192 119
dog-shiba_inu 0.06465729 95 33 194 120
dog-staffordshire_bull_terrier 0.033072814 95 33 194 120
cat-Bengal 0.03184211 155 43 190 72
dog-miniature_pinscher 0.022307297 92 35 163 108
cat-Bombay 0.021946572 94 32 192 119
dog-yorkshire_terrier 0.021368483 95 33 194 120
dog-boxer 0.021070722 96 34 126 60
dog-german_shorthaired 0.019390889 95 33 126 61
dog-german_shorthaired 0.012801886 154 43 190 74
dog-miniature_pinscher 0.011871923 31 31 185 119
dog-english_setter 0.011438254 95 33 194 120
dog-miniature_pinscher 0.010999374 96 37 186 90
dog-boxer 0.0106402915 95 35 128 77
cat-Bengal 0.0083535975 94 33 192 120
dog-german_shorthaired 0.007856149 95 33 194 120
dog-german_shorthaired 0.007635147 139 33 190 83
cat-Abyssinian 0.0073367883 95 35 128 77
cat-Bombay 0.0071485434 154 43 190 74
cat-Bengal 0.00659344 145 44 190 83
cat-Bombay 0.006583248 95 35 128 77
dog-german_shorthaired 0.0065466636 95 35 128 77
cat-Abyssinian 0.0065201637 95 33 194 120
dog-pug 0.0061416305 84 15 196 123
cat-Bombay 0.0057730903 95 34 126 59
cat-Siamese 0.005396729 1 0 79 21
cat-Maine_Coon 0.005229181 178 0 203 6
dog-miniature_pinscher 0.005050733 0 6 204 124
cat-Bombay 0.0047058053 176 0 264 16
dog-newfoundland 0.004613363 95 33 194 120
dog-leonberger 0.004607221 94 33 191 120
cat-Bengal 0.0043938234 99 34 184 74
dog-american_pit_bull_terrier 0.004281754 196 0 300 48
dog-chihuahua 0.0042490433 97 9 300 134
dog-pug 0.00423488 31 0 130 30
dog-german_shorthaired 0.0040107598 92 35 163 108
cat-Bengal 0.004001169 96 33 123 62
dog-staffordshire_bull_terrier 0.0039917813 95 34 126 59
dog-american_pit_bull_terrier 0.0039231367 97 9 300 134
dog-yorkshire_terrier 0.0039069513 31 31 185 119
dog-yorkshire_terrier 0.0038864403 196 0 300 48
dog-american_pit_bull_terrier 0.0038610024 31 31 185 119
dog-beagle 0.0037931204 95 34 126 59
dog-staffordshire_bull_terrier 0.0037787203 97 9 300 134
dog-miniature_pinscher 0.0037113887 138 43 188 74
cat-Persian 0.0036139884 0 97 18 139
cat-Maine_Coon 0.003604685 236 0 260 7
cat-Bombay 0.0035920627 31 0 130 30
dog-yorkshire_terrier 0.0035896741 0 0 106 48
dog-pomeranian 0.003564771 108 95 156 118
dog-miniature_pinscher 0.0035583526 0 0 190 98
cat-Egyptian_Mau 0.003549985 281 27 300 70
dog-yorkshire_terrier 0.0034627994 12 0 154 54
dog-yorkshire_terrier 0.0034582724 79 0 183 31
cat-Bombay 0.003447822 98 34 116 40
cat-Sphynx 0.0033380284 99 34 184 74
dog-miniature_pinscher 0.0032938651 96 36 132 81
cat-Bombay 0.0032590386 11 0 97 14
dog-boxer 0.003256219 140 46 161 52
cat-Bombay 0.0032036952 88 1 154 16
dog-shiba_inu 0.0031873065 108 95 156 118
cat-Egyptian_Mau 0.00317866 2 158 43 200
cat-Bengal 0.0031639556 0 6 204 124
dog-leonberger 0.0031530801 260 30 299 101
dog-wheaten_terrier 0.0031154377 135 0 157 5
dog-american_pit_bull_terrier 0.0031143392 267 30 300 102
dog-samoyed 0.003100052 196 0 300 48
dog-miniature_pinscher 0.0030977628 120 38 193 112
dog-american_pit_bull_terrier 0.0030836891 95 34 126 59
dog-newfoundland 0.0030802272 95 34 126 59
dog-american_bulldog 0.003070635 265 19 300 90
cat-Maine_Coon 0.0030627165 170 0 195 6
dog-beagle 0.003057475 95 35 128 77
dog-english_setter 0.0030506847 105 120 127 152
bella 0.0030492845 2 141 18 184
cat-Maine_Coon 0.0030330298 207 0 237 7
cat-Bombay 0.0030310033 86 0 136 11
cat-Birman 0.00302832 8 0 94 20
dog-leonberger 0.0030221776 187 175 266 200
dog-shiba_inu 0.0030041086 31 31 185 119
dog-yorkshire_terrier 0.0029819696 33 0 126 22
dog-pomeranian 0.002973976 196 0 300 48
dog-pug 0.0029585327 97 9 300 134
cat-British_Shorthair 0.002955423 0 6 204 124
dog-english_setter 0.0029512139 257 28 300 104
cat-Siamese 0.002945489 98 30 300 170
cat-Bombay 0.0029379171 47 0 113 13
cat-Maine_Coon 0.002937474 183 0 210 7
cat-British_Shorthair 0.0029309136 0 0 190 98
dog-beagle 0.0029170562 157 43 190 69
cat-Maine_Coon 0.0029004107 244 0 268 7
bella 0.0028958786 280 27 297 77
dog-pug 0.002870525 33 0 126 22
dog-scottish_terrier 0.002855965 99 34 184 74
dog-english_setter 0.002847581 78 111 105 138
cat-Egyptian_Mau 0.002823527 281 11 300 55
