cat-Siamese 0.6328973 257 24 357 112
cat-Sphynx 0.4439254 257 25 356 111
dog-shiba_inu 0.2600669 257 25 356 112
cat-Russian_Blue 0.2464795 257 25 356 112
dog-boxer 0.20865224 257 25 356 112
dog-staffordshire_bull_terrier 0.19902731 257 25 356 112
dog-american_bulldog 0.07345057 257 25 356 112
dog-pug 0.06279346 257 25 356 112
cat-Birman 0.062159024 257 25 356 112
cat-Egyptian_Mau 0.05581183 257 25 356 112
dog-chihuahua 0.047218416 257 25 356 112
cat-Ragdoll 0.046886664 257 25 356 112
cat-Abyssinian 0.036588926 257 25 356 112
dog-beagle 0.027550263 257 25 356 112
dog-american_pit_bull_terrier 0.024888027 257 25 356 112
cat-Sphynx 0.024414945 140 16 356 112
bella 0.02400495 257 25 356 112
cat-British_Shorthair 0.018425288 257 25 356 112
cat-Bombay 0.01786949 257 25 356 112
dog-leonberger 0.016099248 257 25 356 112
dog-saint_bernard 0.016032727 257 25 356 112
dog-japanese_chin 0.01554589 257 25 356 112
dog-basset_hound 0.014310001 257 25 356 112
dog-scottish_terrier 0.0132337585 257 25 356 112
dog-miniature_pinscher 0.013198138 0 0 338 152
dog-keeshond 0.013012318 257 25 356 112
dog-yorkshire_terrier 0.0127269495 6 0 205 57
dog-miniature_pinscher 0.01195655 0 4 389 209
dog-pomeranian 0.011700055 257 25 356 112
dog-american_pit_bull_terrier 0.010599169 1 92 67 183
dog-boxer 0.008878552 140 16 356 112
dog-pug 0.008604546 21 8 360 108
dog-pug 0.008557512 140 16 356 112
cat-Siamese 0.007905257 140 16 356 112
cat-Bengal 0.007523939 255 27 351 91
dog-newfoundland 0.0074737794 0 0 338 152
dog-beagle 0.0072952625 68 171 117 192
dog-yorkshire_terrier 0.0071197464 0 0 338 152
dog-miniature_pinscher 0.0069601694 8 0 166 57
dog-boxer 0.0069582546 482 254 499 276
dog-american_pit_bull_terrier 0.0068161804 244 0 500 180
dog-yorkshire_terrier 0.0065943054 393 0 500 49
dog-miniature_pinscher 0.0065295137 270 0 316 10
dog-scottish_terrier 0.0062956037 0 0 338 152
dog-miniature_pinscher 0.006044175 257 24 357 112
dog-chihuahua 0.0060100183 8 0 166 57
dog-german_shorthaired 0.00597589 0 0 338 152
dog-pomeranian 0.005967868 358 86 500 310
cat-Egyptian_Mau 0.0059180474 76 176 127 197
dog-miniature_pinscher 0.005888079 12 2 223 65
cat-Sphynx 0.0058840136 21 8 360 108
dog-english_setter 0.0056373524 256 14 360 113
dog-german_shorthaired 0.0056175427 0 4 389 209
dog-american_pit_bull_terrier 0.0055393446 4 55 72 162
dog-staffordshire_bull_terrier 0.005536202 0 0 338 152
cat-Egyptian_Mau 0.005523884 75 170 129 190
dog-miniature_pinscher 0.0054794797 252 0 294 9
cat-Siamese 0.0054457407 21 8 360 108
dog-pug 0.005322424 8 0 166 57
dog-german_shorthaired 0.005320375 257 25 356 112
cat-Maine_Coon 0.0051600197 257 25 356 112
cat-Russian_Blue 0.0051554223 140 16 356 112
cat-Bombay 0.005143496 0 4 389 209
dog-staffordshire_bull_terrier 0.004972894 140 16 356 112
dog-american_pit_bull_terrier 0.0049717687 253 0 500 239
dog-staffordshire_bull_terrier 0.0049304836 17 15 418 191
dog-miniature_pinscher 0.004886801 262 0 309 9
dog-american_pit_bull_terrier 0.0048025525 0 0 338 152
cat-Bombay 0.00480059 258 31 311 87
cat-Bombay 0.0047642444 0 0 338 152
bella 0.004762429 3 230 123 334
dog-english_cocker_spaniel 0.0047273147 0 0 338 152
cat-Abyssinian 0.004704432 259 63 336 108
cat-Siamese 0.004639923 181 0 259 22
cat-Bombay 0.00458869 375 0 500 40
dog-great_pyrenees 0.004559489 256 14 360 113
dog-basset_hound 0.0043787863 46 245 73 253
dog-staffordshire_bull_terrier 0.0043298514 256 23 378 153
cat-British_Shorthair 0.0043125805 0 0 338 152
cat-Bombay 0.0041762725 371 0 457 20
dog-saint_bernard 0.0041675284 146 174 192 197
dog-havanese 0.0041465177 0 0 338 152
dog-yorkshire_terrier 0.0041330806 406 0 500 38
dog-beagle 0.0041244854 232 0 260 8
cat-Bombay 0.004095321 140 16 356 112
cat-Ragdoll 0.003974919 420 232 500 331
dog-scottish_terrier 0.0039741774 0 4 389 209
dog-saint_bernard 0.003961557 157 174 203 197
cat-Bombay 0.0039566527 177 0 215 8
dog-basset_hound 0.003921244 54 39 89 48
dog-english_setter 0.0037866265 470 169 500 212
cat-Bombay 0.0037590319 26 0 330 86
cat-Russian_Blue 0.0036784878 365 0 443 19
dog-shiba_inu 0.0036578993 140 16 356 112
cat-Egyptian_Mau 0.0036397201 0 0 33 13
dog-basset_hound 0.0036356242 57 60 84 69
dog-pug 0.0036351627 0 0 296 79
cat-Bombay 0.003625702 21 8 360 108
dog-newfoundland 0.0035858268 219 117 304 190
cat-Persian 0.0035759336 0 0 31 61
