dog-miniature_pinscher 0.7938123 108 18 425 353
dog-chihuahua 0.5499203 108 18 425 353
cat-Sphynx 0.5333706 108 18 425 353
dog-staffordshire_bull_terrier 0.28518033 108 18 425 353
cat-Bombay 0.2584222 104 24 431 355
dog-scottish_terrier 0.112415954 108 18 425 353
dog-shiba_inu 0.044833455 102 18 428 350
cat-Russian_Blue 0.04126795 102 18 428 350
dog-american_pit_bull_terrier 0.020568278 102 18 428 350
cat-Bengal 0.017168798 102 18 428 350
dog-miniature_pinscher 0.016544461 0 16 442 426
dog-german_shorthaired 0.016367283 106 19 424 353
dog-pug 0.011657042 100 9 425 346
cat-Bengal 0.011392376 0 16 442 426
bella 0.011298547 461 163 490 299
cat-Bombay 0.011099292 0 0 430 365
cat-Ragdoll 0.011054282 416 355 492 494
dog-american_pit_bull_terrier 0.010874421 365 12 471 80
cat-Siamese 0.010274575 101 17 428 349
dog-yorkshire_terrier 0.009174823 103 27 428 347
dog-chihuahua 0.009141924 0 0 430 365
dog-shiba_inu 0.008808723 0 0 430 365
cat-Bombay 0.0082487 201 0 348 36
dog-newfoundland 0.0077493046 0 260 31 367
dog-yorkshire_terrier 0.0072071603 0 0 430 365
dog-american_pit_bull_terrier 0.007092011 397 4 492 82
dog-english_cocker_spaniel 0.006190165 89 300 117 315
bella 0.0061543337 462 151 492 266
dog-leonberger 0.006087975 102 18 428 350
cat-Ragdoll 0.006074404 357 10 422 44
dog-keeshond 0.005819507 103 27 428 347
cat-Maine_Coon 0.005606072 416 355 492 494
cat-Siamese 0.0054624 479 153 492 193
dog-newfoundland 0.005453339 106 19 424 353
dog-basset_hound 0.005435747 461 138 491 278
cat-Siamese 0.005360356 5 0 154 75
dog-english_cocker_spaniel 0.0053527956 0 0 430 365
bella 0.0053046364 464 268 492 361
dog-english_cocker_spaniel 0.005293221 461 173 491 314
dog-staffordshire_bull_terrier 0.0052719708 47 12 436 500
cat-Bombay 0.0051582893 149 0 304 35
cat-Abyssinian 0.0050746533 102 18 428 350
dog-american_bulldog 0.004967675 357 10 422 44
cat-Sphynx 0.0049393605 0 0 430 365
dog-yorkshire_terrier 0.0048513752 292 15 422 81
cat-Ragdoll 0.004838498 344 336 492 500
cat-Bengal 0.004712282 0 0 365 251
dog-newfoundland 0.0045429883 1 240 35 346
cat-Siamese 0.0044690054 479 140 492 180
cat-Russian_Blue 0.0044689104 108 0 492 309
dog-miniature_pinscher 0.004369226 365 12 471 80
dog-staffordshire_bull_terrier 0.004367924 292 15 422 81
dog-boxer 0.0043043406 100 9 425 346
dog-miniature_pinscher 0.004287109 145 0 492 339
bella 0.004240705 465 296 492 381
bella 0.0042038923 464 241 492 340
cat-Egyptian_Mau 0.0041636177 0 0 76 30
bella 0.0041338066 464 204 492 308
dog-pomeranian 0.0041312287 355 0 420 34
dog-great_pyrenees 0.004057358 365 12 471 80
cat-Maine_Coon 0.0040259715 104 12 428 346
dog-american_pit_bull_terrier 0.0040205056 47 12 436 500
cat-Bombay 0.003979982 0 0 365 251
dog-american_bulldog 0.0039713136 365 12 471 80
dog-american_pit_bull_terrier 0.00394117 414 0 492 72
dog-yorkshire_terrier 0.0038619195 357 10 422 44
dog-yorkshire_terrier 0.0038508668 349 13 451 80
dog-pomeranian 0.0038158258 357 10 422 44
dog-leonberger 0.003786116 47 12 436 500
dog-miniature_pinscher 0.003717514 89 57 411 500
dog-german_shorthaired 0.0037113412 0 297 32 397
cat-Ragdoll 0.0037058303 355 0 420 34
dog-miniature_pinscher 0.0037031868 0 0 365 251
dog-miniature_pinscher 0.0036793111 226 90 286 122
cat-Bombay 0.003667827 99 0 256 34
dog-chihuahua 0.003655332 365 12 471 80
dog-yorkshire_terrier 0.0036292973 289 0 421 61
cat-Abyssinian 0.0036087036 0 0 430 365
dog-english_cocker_spaniel 0.003604956 87 305 117 321
cat-Siamese 0.0035356476 479 165 492 206
dog-pug 0.003519958 0 0 430 365
cat-Siamese 0.0035049338 145 0 492 339
dog-chihuahua 0.0035026947 108 0 492 309
dog-scottish_terrier 0.003497213 0 0 430 365
cat-Sphynx 0.0034824675 0 0 365 251
dog-staffordshire_bull_terrier 0.003442153 479 159 492 200
dog-english_cocker_spaniel 0.0034311772 0 273 31 377
dog-german_shorthaired 0.0034168991 0 0 430 365
cat-Bombay 0.0033791517 13 0 169 57
dog-yorkshire_terrier 0.0033421938 47 12 436 500
cat-Sphynx 0.0033401279 108 0 492 309
cat-Bombay 0.0033356685 30 0 134 28
dog-staffordshire_bull_terrier 0.0032792247 145 0 492 339
cat-Bombay 0.003268793 115 0 219 28
dog-basset_hound 0.003245865 104 12 428 346
dog-boxer 0.0032335678 145 0 492 339
cat-Siamese 0.0032282516 403 3 430 22
cat-Egyptian_Mau 0.0032050677 0 0 430 365
bella 0.0031865262 464 19 492 117
bella 0.003185509 459 225 490 350
