cat-Egyptian_Mau 0.98494023 97 44 220 176
cat-British_Shorthair 0.07465343 98 44 218 177
dog-japanese_chin 0.06277594 129 209 375 500
bella 0.058013376 98 44 218 177
dog-basset_hound 0.055238117 96 44 220 175
dog-beagle 0.04037935 97 45 220 177
cat-Ragdoll 0.03523087 97 44 219 177
cat-Russian_Blue 0.030369613 96 42 220 181
cat-Maine_Coon 0.023931988 96 42 220 181
cat-Bengal 0.0205721 97 43 221 185
cat-Ragdoll 0.014419175 252 223 375 489
dog-samoyed 0.013805944 97 45 220 177
dog-shiba_inu 0.012792229 96 42 220 181
dog-pug 0.011337278 95 8 375 371
dog-american_bulldog 0.011242276 97 45 219 176
cat-Egyptian_Mau 0.009909286 99 57 165 169
dog-american_bulldog 0.009420912 0 0 287 500
dog-havanese 0.008390532 69 1 101 18
cat-Abyssinian 0.008209452 97 43 221 185
cat-Egyptian_Mau 0.0071115904 0 210 23 314
cat-Birman 0.0070417025 253 261 375 500
dog-staffordshire_bull_terrier 0.0069522085 96 42 220 181
dog-american_pit_bull_terrier 0.0060956175 328 217 375 336
cat-Ragdoll 0.0059794686 1 394 59 500
cat-Ragdoll 0.0059301164 268 394 375 496
cat-Ragdoll 0.0058662673 212 379 375 500
cat-Egyptian_Mau 0.005811972 0 286 23 392
cat-Egyptian_Mau 0.0055562053 0 35 23 146
dog-scottish_terrier 0.0055192867 0 298 24 405
dog-american_pit_bull_terrier 0.005480127 326 235 375 387
dog-shiba_inu 0.00522175 0 298 24 405
dog-havanese 0.0052100527 76 0 105 15
dog-japanese_chin 0.0051136445 95 8 375 371
dog-pomeranian 0.005112257 116 0 375 253
dog-keeshond 0.0051068636 96 42 220 181
dog-great_pyrenees 0.0051024393 76 2 105 19
cat-Bombay 0.005099656 240 0 349 39
cat-Ragdoll 0.005000849 316 381 375 493
dog-pomeranian 0.0049318667 252 223 375 489
cat-Bengal 0.0049315905 0 298 24 405
cat-Birman 0.004918903 67 46 212 192
cat-Abyssinian 0.00490629 253 261 375 500
cat-Ragdoll 0.004880971 343 421 375 495
dog-basset_hound 0.004838322 297 289 330 326
dog-samoyed 0.0045579304 0 298 24 405
cat-Bombay 0.0044910293 222 0 285 28
cat-Maine_Coon 0.004426278 273 397 375 500
dog-great_pyrenees 0.004388728 143 0 168 17
cat-Egyptian_Mau 0.0043842345 0 234 23 341
dog-great_pyrenees 0.0043569487 116 0 375 253
dog-pug 0.004167926 147 29 375 479
cat-Siamese 0.0041153296 253 261 375 500
cat-Birman 0.0041016447 66 13 323 468
dog-staffordshire_bull_terrier 0.0040598195 229 181 266 231
dog-wheaten_terrier 0.0040284386 98 44 218 177
dog-havanese 0.003935403 184 0 212 12
cat-Birman 0.0039251703 0 0 102 59
cat-Maine_Coon 0.0037919474 0 298 24 405
dog-wheaten_terrier 0.0037747717 0 274 22 381
cat-Bengal 0.003754561 308 0 375 53
dog-basset_hound 0.0037200646 0 298 24 405
dog-wheaten_terrier 0.0037109463 0 120 22 229
cat-Russian_Blue 0.0036815458 0 298 24 405
cat-Persian 0.003654519 0 0 237 223
cat-Bengal 0.0035982651 0 221 23 325
dog-japanese_chin 0.0035855884 252 223 375 489
dog-wheaten_terrier 0.003527209 215 1 239 13
cat-Egyptian_Mau 0.0034918631 0 0 102 59
dog-havanese 0.0034918396 57 1 94 18
cat-Bombay 0.0034877157 236 0 306 29
cat-Egyptian_Mau 0.003461217 101 84 181 180
cat-Siamese 0.00345976 0 0 102 59
dog-german_shorthaired 0.0034145291 314 218 375 333
cat-Russian_Blue 0.003412244 150 49 270 142
cat-British_Shorthair 0.0033769829 0 0 237 223
dog-wheaten_terrier 0.0033607443 0 298 24 405
dog-great_pyrenees 0.0033457074 151 0 179 18
dog-samoyed 0.0033413917 0 221 23 325
dog-japanese_chin 0.003336774 93 76 375 500
dog-yorkshire_terrier 0.0033333977 0 298 24 405
dog-scottish_terrier 0.0033317127 355 314 375 399
cat-Egyptian_Mau 0.0032614728 1 0 27 79
cat-Siamese 0.0032406515 66 13 323 468
cat-Egyptian_Mau 0.0032286537 0 402 71 500
dog-english_cocker_spaniel 0.0032178895 96 42 220 181
dog-scottish_terrier 0.0032105641 0 274 22 381
cat-Egyptian_Mau 0.0031528417 273 397 375 500
dog-havanese 0.003125587 81 2 108 19
dog-yorkshire_terrier 0.003113777 116 0 375 253
dog-american_bulldog 0.0030700937 95 8 375 371
dog-havanese 0.0030683023 196 0 222 11
dog-great_pyrenees 0.00304382 96 0 120 16
dog-havanese 0.0030396755 116 0 375 253
dog-wheaten_terrier 0.0030255772 0 221 23 325
cat-Egyptian_Mau 0.0030205415 0 71 22 184
cat-Maine_Coon 0.0029728776 312 402 375 500
dog-havanese 0.0029670338 87 0 112 15
dog-basset_hound 0.002926157 0 221 23 325
dog-pomeranian 0.0029256286 95 8 375 371
cat-Bengal 0.0028925543 0 48 23 157
