cat-Bengal 0.29574326 173 6 220 49
cat-Egyptian_Mau 0.2015772 172 6 224 48
cat-Abyssinian 0.070559904 173 6 220 49
dog-newfoundland 0.03898182 84 68 115 80
dog-great_pyrenees 0.027493132 1 59 56 155
dog-american_bulldog 0.02225395 1 73 55 150
bella 0.020473082 1 53 56 156
dog-american_bulldog 0.019958176 1 105 55 149
dog-basset_hound 0.019177869 173 6 220 49
dog-american_bulldog 0.016911639 0 60 68 171
dog-german_shorthaired 0.016315995 125 64 152 76
cat-Russian_Blue 0.0156169515 173 7 219 47
dog-newfoundland 0.01520368 92 68 128 79
dog-german_shorthaired 0.015103027 125 68 153 80
cat-Bengal 0.013874892 173 8 217 35
dog-shiba_inu 0.013355858 182 8 249 143
dog-american_pit_bull_terrier 0.013077676 184 19 249 168
cat-Egyptian_Mau 0.012733506 0 66 220 202
cat-Egyptian_Mau 0.012121551 173 8 217 35
cat-Bombay 0.011206919 95 0 169 15
dog-american_bulldog 0.0110165635 0 38 226 202
cat-Egyptian_Mau 0.010948248 0 60 68 171
dog-boxer 0.010908695 168 67 187 89
cat-Sphynx 0.010776116 107 5 221 60
dog-english_cocker_spaniel 0.010261776 231 122 249 178
dog-american_bulldog 0.009956013 184 19 249 168
cat-Ragdoll 0.009482126 24 60 237 202
dog-american_bulldog 0.008880373 0 44 62 147
dog-german_shorthaired 0.008844458 110 68 146 80
dog-shiba_inu 0.008713261 177 7 239 135
cat-Russian_Blue 0.007817697 107 5 221 60
dog-newfoundland 0.0072671385 73 68 99 80
dog-chihuahua 0.0072256527 184 19 249 168
dog-newfoundland 0.0071929977 84 65 110 77
dog-english_setter 0.0070849606 168 0 222 49
dog-newfoundland 0.0070289276 89 68 119 83
dog-german_shorthaired 0.007025148 97 68 135 80
cat-Bombay 0.006874656 122 0 169 14
dog-beagle 0.00686461 168 0 222 49
dog-saint_bernard 0.006862819 1 59 56 155
dog-shiba_inu 0.0068371203 0 66 220 202
dog-samoyed 0.006818357 185 34 249 186
dog-german_shorthaired 0.006770578 110 64 144 76
dog-saint_bernard 0.0067611095 168 0 222 49
cat-Russian_Blue 0.006657998 99 0 222 47
cat-Bombay 0.006646299 69 0 148 15
dog-japanese_chin 0.0065871724 168 0 222 49
cat-Ragdoll 0.0063287723 149 184 161 192
bella 0.0063214717 236 39 249 78
dog-pomeranian 0.0063052406 184 19 249 168
cat-Ragdoll 0.0061936886 0 66 220 202
dog-basset_hound 0.006158158 230 127 249 183
bella 0.0061189923 232 52 248 100
dog-samoyed 0.006078758 0 66 220 202
cat-Maine_Coon 0.006063554 171 5 231 46
cat-Egyptian_Mau 0.0060600867 0 17 245 202
cat-Birman 0.0060268287 17 0 160 44
cat-Egyptian_Mau 0.005960063 107 5 221 60
cat-Egyptian_Mau 0.0059306417 99 0 222 47
bella 0.0058914204 235 119 249 159
dog-german_shorthaired 0.0058678277 136 68 166 80
cat-Bombay 0.0058593275 58 0 207 46
bella 0.0058537167 0 66 220 202
bella 0.005851647 0 45 14 87
cat-Bengal 0.005828021 172 4 239 41
cat-British_Shorthair 0.005805303 0 66 220 202
dog-basset_hound 0.0057482133 64 143 77 163
cat-Bengal 0.0056201615 99 0 222 47
cat-Birman 0.00560258 8 119 51 151
dog-shiba_inu 0.0054815225 171 5 231 46
dog-yorkshire_terrier 0.005235076 0 0 86 46
cat-Bombay 0.005188184 43 0 123 15
dog-wheaten_terrier 0.0050663105 0 66 220 202
cat-British_Shorthair 0.004992918 172 6 219 44
bella 0.0049685473 232 119 248 171
dog-english_setter 0.00495431 1 53 56 156
cat-Bombay 0.004914389 143 0 178 15
dog-keeshond 0.0048866803 172 6 219 44
dog-shiba_inu 0.00486466 1 105 55 149
dog-great_pyrenees 0.0048265164 168 0 222 49
dog-shiba_inu 0.0047950167 3 130 198 202
cat-Maine_Coon 0.0047781784 0 66 220 202
cat-Ragdoll 0.004741501 168 0 222 49
cat-Bombay 0.0047027464 168 0 222 49
cat-Abyssinian 0.0046533714 143 0 178 15
dog-newfoundland 0.004648116 129 68 159 79
bella 0.004554687 236 30 249 68
dog-german_shorthaired 0.0045320746 87 68 122 80
cat-Persian 0.0044658394 168 0 222 49
bella 0.004447003 235 49 249 87
dog-yorkshire_terrier 0.004417378 1 0 131 44
dog-shiba_inu 0.0042869416 176 2 249 65
cat-Egyptian_Mau 0.004286099 175 3 237 39
dog-miniature_pinscher 0.0042754365 168 0 222 49
dog-beagle 0.0042568217 0 60 68 171
dog-staffordshire_bull_terrier 0.004251794 51 3 213 61
bella 0.004250102 235 63 249 101
dog-basset_hound 0.004229601 0 38 226 202
dog-boxer 0.004219303 162 67 184 84
cat-British_Shorthair 0.004213763 87 68 122 80
