cat-Egyptian_Mau 0.9552319 162 1 339 184
cat-Ragdoll 0.23916961 162 1 339 184
cat-Abyssinian 0.047687083 162 1 339 184
cat-Bengal 0.035757564 0 99 29 174
dog-shiba_inu 0.03236562 164 2 337 183
bella 0.031335007 164 2 337 183
cat-Maine_Coon 0.029717853 162 1 339 184
cat-British_Shorthair 0.029318834 162 1 339 184
cat-Russian_Blue 0.026045458 162 1 339 184
dog-american_bulldog 0.024615444 165 2 346 181
dog-beagle 0.022652082 165 2 346 181
cat-Birman 0.020115165 133 0 168 8
dog-samoyed 0.018876025 164 2 337 183
dog-american_bulldog 0.017746877 160 0 480 221
cat-Ragdoll 0.016727816 160 0 480 221
cat-Egyptian_Mau 0.014717554 160 0 480 221
dog-basset_hound 0.014651354 163 1 340 186
dog-beagle 0.012747745 160 0 480 221
cat-British_Shorthair 0.012432031 0 0 371 221
cat-British_Shorthair 0.0121845445 0 0 327 161
cat-British_Shorthair 0.012158837 160 0 480 221
cat-Bengal 0.012081789 0 123 28 204
dog-boxer 0.010589122 160 0 480 221
dog-great_pyrenees 0.010351794 165 2 346 181
cat-Siamese 0.010185755 160 0 480 221
cat-Russian_Blue 0.009656567 50 0 157 27
dog-basset_hound 0.009338776 0 106 29 182
cat-Abyssinian 0.009323959 160 0 480 221
cat-Russian_Blue 0.00895248 0 123 28 204
dog-shiba_inu 0.008702181 160 0 480 221
cat-Bengal 0.008356378 0 0 371 221
cat-Ragdoll 0.008163701 139 3 198 29
cat-Egyptian_Mau 0.00731772 0 106 29 182
cat-Birman 0.007245759 339 0 480 43
cat-Bengal 0.0072198357 0 0 327 161
bella 0.007114507 455 190 480 255
cat-Egyptian_Mau 0.0068349806 0 141 28 222
cat-Birman 0.006811944 119 0 158 10
cat-Abyssinian 0.006742785 0 106 29 182
dog-basset_hound 0.006694141 0 123 28 204
cat-Egyptian_Mau 0.006601491 455 222 480 283
cat-Bengal 0.0065789362 47 0 147 28
cat-Egyptian_Mau 0.0065503484 0 0 327 161
cat-Siamese 0.0065065688 133 0 168 8
cat-Siamese 0.0064980425 108 1 189 27
cat-Russian_Blue 0.006485378 0 106 29 182
dog-leonberger 0.006391373 120 153 157 193
bella 0.006106339 160 0 480 221
cat-Abyssinian 0.005995764 139 3 198 29
dog-great_pyrenees 0.005988471 339 0 480 43
cat-Ragdoll 0.005914407 108 1 189 27
cat-Birman 0.005870014 171 0 480 173
cat-Persian 0.0058252704 375 8 443 22
dog-basset_hound 0.0057546888 160 0 480 221
bella 0.005704909 445 59 476 128
cat-Russian_Blue 0.00562146 0 0 327 161
cat-Bombay 0.005608999 139 3 198 29
cat-Ragdoll 0.0055945204 133 0 195 22
cat-Egyptian_Mau 0.0054714903 451 232 480 307
cat-Sphynx 0.0053597945 165 2 346 181
dog-pug 0.005347515 160 0 480 221
dog-keeshond 0.005253535 158 5 334 145
dog-leonberger 0.005251336 134 154 168 197
dog-american_pit_bull_terrier 0.0052278102 3 175 67 299
cat-Bengal 0.0051801302 0 107 34 195
cat-Sphynx 0.005069124 160 0 480 221
dog-leonberger 0.0050609102 401 5 458 17
cat-Egyptian_Mau 0.0050452393 433 233 480 326
dog-american_bulldog 0.0050120577 339 0 480 43
cat-Birman 0.0049780547 327 3 480 59
cat-Birman 0.0048859506 444 0 480 16
cat-Ragdoll 0.0048607537 339 0 480 43
cat-Maine_Coon 0.004821377 160 0 480 221
dog-wheaten_terrier 0.0048151123 84 140 126 160
cat-Siamese 0.0048085568 317 2 384 26
cat-Persian 0.0047702054 0 0 327 161
cat-Abyssinian 0.004725415 0 123 28 204
cat-Egyptian_Mau 0.004704573 455 201 480 265
bella 0.004700087 455 213 480 274
cat-Ragdoll 0.0046875407 178 126 297 181
cat-Egyptian_Mau 0.0046072733 0 170 27 246
dog-wheaten_terrier 0.0046015126 84 203 147 243
cat-Abyssinian 0.0046003987 108 1 189 27
dog-saint_bernard 0.0045950455 165 2 346 181
cat-Birman 0.004573634 108 1 189 27
cat-Siamese 0.004518724 466 50 480 79
dog-leonberger 0.0045031975 0 150 28 230
dog-chihuahua 0.0044840593 466 122 480 150
dog-yorkshire_terrier 0.0044102347 139 3 198 29
cat-Siamese 0.0044080475 467 113 480 141
dog-basset_hound 0.0044051562 0 150 28 230
cat-Abyssinian 0.004379481 163 79 313 182
dog-pug 0.004377292 139 3 198 29
cat-Bombay 0.0042897086 0 132 28 213
dog-samoyed 0.004284823 171 0 480 173
dog-leonberger 0.0042766104 432 40 480 150
dog-miniature_pinscher 0.004273472 0 14 66 106
cat-British_Shorthair 0.004271997 0 150 28 230
cat-Egyptian_Mau 0.0042440873 451 0 480 15
dog-chihuahua 0.004242352 467 113 480 141
