cat-Egyptian_Mau 0.94270295 1 0 111 118
cat-Abyssinian 0.20677346 3 0 112 118
cat-Ragdoll 0.18896359 3 0 112 118
cat-Russian_Blue 0.07555611 0 0 110 119
cat-British_Shorthair 0.06920038 1 0 111 117
dog-basset_hound 0.041885097 1 0 111 118
dog-beagle 0.0356531 1 0 111 117
dog-shiba_inu 0.029860947 0 1 108 111
dog-american_bulldog 0.023265546 2 1 109 115
bella 0.019780217 3 0 112 118
cat-Bengal 0.017802663 0 1 108 111
cat-Maine_Coon 0.01597969 3 0 112 118
dog-samoyed 0.01592767 0 1 108 111
dog-yorkshire_terrier 0.01528107 223 2 332 48
dog-yorkshire_terrier 0.014550142 121 0 332 98
dog-yorkshire_terrier 0.013453951 223 0 332 75
dog-boxer 0.013099123 136 108 181 131
dog-yorkshire_terrier 0.012108888 150 0 332 75
dog-yorkshire_terrier 0.011832986 250 5 332 145
dog-yorkshire_terrier 0.011777183 230 1 332 75
dog-american_bulldog 0.011759054 156 108 196 126
dog-boxer 0.011551935 0 1 108 111
cat-Egyptian_Mau 0.01077111 0 0 92 100
dog-keeshond 0.010654355 0 1 108 111
dog-saint_bernard 0.009431994 2 1 109 115
dog-great_pyrenees 0.008639039 0 1 108 111
dog-japanese_chin 0.008602553 2 1 109 115
dog-newfoundland 0.007460922 225 207 251 215
dog-wheaten_terrier 0.007185293 0 1 108 111
dog-american_bulldog 0.0065305815 0 0 185 317
dog-saint_bernard 0.0064583938 112 105 146 126
dog-leonberger 0.0063171326 0 1 108 111
cat-Siamese 0.006232568 2 1 109 115
cat-Abyssinian 0.006036772 44 77 109 115
dog-boxer 0.0059583653 147 108 189 125
dog-yorkshire_terrier 0.005769763 227 0 332 107
cat-Persian 0.005753118 4 0 289 142
dog-american_pit_bull_terrier 0.0057420605 288 159 332 269
bella 0.0056519117 314 205 332 265
cat-Egyptian_Mau 0.0055816243 0 0 19 13
dog-staffordshire_bull_terrier 0.005553236 2 1 109 115
dog-saint_bernard 0.0055296426 115 110 144 134
dog-saint_bernard 0.0052514207 120 106 156 125
dog-newfoundland 0.0051913504 175 157 232 219
dog-boxer 0.00514084 156 109 194 132
dog-great_pyrenees 0.0051174667 4 0 289 142
dog-pug 0.0050809886 156 108 196 126
dog-pomeranian 0.0050805407 2 1 109 115
dog-staffordshire_bull_terrier 0.0050479374 273 244 293 253
dog-leonberger 0.0049631423 165 108 201 127
cat-Sphynx 0.0049559227 0 1 108 111
dog-saint_bernard 0.0049556736 123 110 156 133
cat-Bombay 0.004842835 107 0 172 18
dog-chihuahua 0.00482927 237 168 332 317
cat-Abyssinian 0.004782223 93 2 108 10
dog-leonberger 0.0047176615 177 112 209 134
cat-Egyptian_Mau 0.004705107 0 0 185 317
dog-boxer 0.004557563 130 108 165 134
cat-Egyptian_Mau 0.004341349 0 0 175 133
cat-Birman 0.0042242864 4 0 289 142
cat-British_Shorthair 0.0041125105 0 253 57 317
cat-Ragdoll 0.0040970156 4 0 289 142
cat-Siamese 0.0040797205 84 99 110 108
dog-saint_bernard 0.0040751523 127 107 168 126
dog-leonberger 0.0040376363 188 117 217 143
cat-Bengal 0.004011301 95 0 152 18
dog-american_bulldog 0.0040087756 175 108 208 128
dog-newfoundland 0.003967882 177 138 228 206
cat-Siamese 0.003931017 90 100 114 109
dog-american_bulldog 0.003922153 140 108 182 125
dog-american_bulldog 0.0038871623 166 111 202 132
dog-american_bulldog 0.0038857092 0 62 165 317
cat-Russian_Blue 0.0038696593 0 0 104 90
dog-yorkshire_terrier 0.0038625286 245 17 332 202
cat-Maine_Coon 0.0038464246 0 0 18 17
dog-saint_bernard 0.0038161739 155 110 196 131
dog-boxer 0.0037136253 127 107 168 126
dog-saint_bernard 0.0036557193 102 105 138 127
dog-beagle 0.00364027 91 1 109 8
dog-yorkshire_terrier 0.0036102694 265 0 332 38
dog-great_pyrenees 0.0035719888 184 100 250 149
cat-Bombay 0.003517883 152 0 259 26
cat-Persian 0.0035102356 150 0 332 75
dog-staffordshire_bull_terrier 0.0034752171 269 243 288 253
cat-Egyptian_Mau 0.0034455669 95 0 152 18
bella 0.0034354562 310 196 331 273
cat-Siamese 0.003427885 273 244 293 253
dog-saint_bernard 0.0034174346 166 111 202 132
dog-great_pyrenees 0.0033292514 35 0 332 161
dog-american_bulldog 0.0032990118 102 105 138 127
cat-Siamese 0.0032537098 94 0 110 11
bella 0.0032166434 314 224 332 281
bella 0.0032114084 0 0 20 16
dog-havanese 0.00320342 4 0 289 142
dog-american_bulldog 0.0031568124 112 105 146 126
dog-leonberger 0.0031516668 283 241 332 317
dog-english_cocker_spaniel 0.0031342441 84 212 113 234
dog-yorkshire_terrier 0.0031298436 278 1 332 73
dog-shiba_inu 0.0031252527 0 5 154 294
dog-yorkshire_terrier 0.0030583343 4 0 289 142
