dog-english_setter 0.87990177 161 112 268 221
dog-beagle 0.36478844 161 113 268 221
dog-saint_bernard 0.25526088 162 112 269 221
dog-basset_hound 0.17945977 161 113 268 221
bella 0.05168384 161 113 268 221
dog-english_cocker_spaniel 0.033983793 161 112 267 222
dog-american_pit_bull_terrier 0.033369232 161 112 267 222
dog-american_bulldog 0.019029329 161 112 267 222
cat-Bengal 0.01836822 130 0 271 28
cat-Russian_Blue 0.014463918 112 0 249 32
dog-leonberger 0.013655981 161 112 267 222
dog-german_shorthaired 0.012895345 161 112 267 222
dog-boxer 0.010802784 161 113 266 213
cat-Persian 0.010579275 161 113 266 213
dog-boxer 0.009372929 197 206 238 227
dog-staffordshire_bull_terrier 0.008755389 52 297 84 309
dog-great_pyrenees 0.00872717 161 112 267 222
cat-Bombay 0.007901705 133 0 266 33
cat-Egyptian_Mau 0.007295304 155 222 211 244
cat-Bengal 0.007275502 98 0 243 32
dog-staffordshire_bull_terrier 0.007171865 46 293 78 307
cat-Ragdoll 0.0070922836 164 223 221 244
dog-basset_hound 0.006740531 42 214 67 222
dog-staffordshire_bull_terrier 0.006731231 35 293 64 306
dog-wheaten_terrier 0.0066511584 161 112 267 222
cat-Bengal 0.0066138823 183 0 298 25
dog-newfoundland 0.006595361 161 113 266 213
dog-yorkshire_terrier 0.0065564956 369 0 500 36
cat-British_Shorthair 0.006503573 162 112 266 217
dog-yorkshire_terrier 0.006443079 336 0 500 79
cat-Bengal 0.0062054694 304 0 430 27
dog-pug 0.005909881 152 112 184 135
dog-leonberger 0.0056754514 191 79 500 333
dog-wheaten_terrier 0.0056187334 348 0 500 72
cat-British_Shorthair 0.0055874926 378 195 410 203
cat-British_Shorthair 0.005491066 366 195 401 204
cat-Bombay 0.005482788 88 0 249 36
cat-Bengal 0.0053259013 350 0 444 21
dog-yorkshire_terrier 0.0052780355 229 0 500 79
dog-basset_hound 0.005245645 47 214 74 222
dog-staffordshire_bull_terrier 0.005153117 57 293 92 307
dog-staffordshire_bull_terrier 0.0050423825 152 112 184 135
cat-Maine_Coon 0.0049753906 136 0 495 138
dog-english_setter 0.004974419 425 173 500 319
cat-Birman 0.0049459366 161 113 266 213
cat-Ragdoll 0.00490997 161 113 266 213
cat-British_Shorthair 0.0048506176 94 214 129 222
dog-yorkshire_terrier 0.0047359914 329 0 500 104
dog-staffordshire_bull_terrier 0.0047315746 64 298 102 309
dog-wheaten_terrier 0.0046958574 336 0 500 79
cat-Bombay 0.004692498 332 0 419 20
cat-Egyptian_Mau 0.0046448167 0 24 29 94
dog-havanese 0.0046155686 161 113 266 213
dog-leonberger 0.004610358 0 68 287 333
dog-saint_bernard 0.004597703 164 223 221 244
cat-Russian_Blue 0.0045646164 131 0 232 25
dog-wheaten_terrier 0.0045476416 369 0 500 36
cat-Bombay 0.0044286195 162 0 293 26
dog-keeshond 0.004371388 159 115 255 171
dog-basset_hound 0.0043387855 36 214 61 222
cat-Bengal 0.004323309 332 0 419 20
cat-Russian_Blue 0.004300149 143 0 284 27
dog-american_bulldog 0.004280927 164 223 221 244
cat-Abyssinian 0.00427428 161 113 268 221
dog-yorkshire_terrier 0.004180491 183 0 500 124
cat-Bengal 0.0041759117 160 112 267 221
dog-american_pit_bull_terrier 0.0041281027 0 0 48 16
dog-staffordshire_bull_terrier 0.0040649395 29 288 59 303
cat-Egyptian_Mau 0.003931727 162 118 267 224
cat-Egyptian_Mau 0.00387917 0 240 31 304
dog-miniature_pinscher 0.0038292704 171 0 477 83
dog-basset_hound 0.0037828744 54 215 81 222
cat-Egyptian_Mau 0.0037818663 147 218 199 240
dog-leonberger 0.0037679262 166 65 500 306
cat-Bombay 0.0036733293 324 0 468 34
cat-British_Shorthair 0.0036261687 353 195 389 205
cat-Egyptian_Mau 0.0036178655 133 0 266 33
dog-basset_hound 0.0036133293 36 212 62 219
dog-staffordshire_bull_terrier 0.0035504906 39 289 72 304
cat-Bengal 0.0035432982 164 115 247 158
dog-scottish_terrier 0.0034945118 348 0 500 72
cat-Bombay 0.0034748043 199 0 286 19
cat-Bengal 0.0034712364 199 0 286 19
dog-scottish_terrier 0.0034511923 351 0 500 91
dog-scottish_terrier 0.0034433163 171 0 477 83
dog-samoyed 0.0034287649 159 115 255 171
dog-yorkshire_terrier 0.0034276065 410 0 500 36
cat-Bombay 0.0034144644 304 0 430 27
dog-staffordshire_bull_terrier 0.0033897478 22 292 51 306
dog-american_pit_bull_terrier 0.0033735505 136 0 495 138
cat-Bombay 0.0033728164 350 0 444 21
dog-english_cocker_spaniel 0.0033683009 123 215 150 223
cat-Bengal 0.0033489764 206 0 311 32
cat-Sphynx 0.0033149265 29 0 221 46
cat-Bengal 0.003297529 81 0 207 28
dog-miniature_pinscher 0.0032972342 136 0 495 138
cat-Bombay 0.0032963553 161 113 266 213
dog-basset_hound 0.0032548185 123 215 150 223
cat-Egyptian_Mau 0.0032511607 0 118 25 172
dog-scottish_terrier 0.0032504825 350 0 487 34
