dog-english_cocker_spaniel 0.44475284 110 83 312 291
dog-wheaten_terrier 0.196845 110 83 308 290
dog-newfoundland 0.18515249 111 83 301 286
dog-english_setter 0.09975833 110 82 309 289
cat-British_Shorthair 0.052468166 110 83 311 293
dog-wheaten_terrier 0.050973408 116 30 375 302
dog-scottish_terrier 0.04176529 110 83 311 293
dog-english_cocker_spaniel 0.041028604 116 30 375 302
dog-staffordshire_bull_terrier 0.036676496 111 83 301 286
dog-german_shorthaired 0.035214037 111 83 301 286
dog-havanese 0.029002484 116 30 375 302
dog-scottish_terrier 0.026938058 116 30 375 302
dog-miniature_pinscher 0.022945577 116 30 375 302
dog-havanese 0.02087923 110 83 311 293
dog-leonberger 0.020483661 110 82 309 289
cat-Bengal 0.020020599 110 83 311 293
dog-yorkshire_terrier 0.019006228 116 30 375 302
dog-american_pit_bull_terrier 0.017708573 116 30 375 302
dog-newfoundland 0.01727282 116 30 375 302
dog-keeshond 0.015812624 116 30 375 302
cat-British_Shorthair 0.0144972 116 30 375 302
cat-Egyptian_Mau 0.014296817 14 0 127 74
dog-samoyed 0.01371801 116 30 375 302
bella 0.013714293 110 83 311 293
dog-keeshond 0.013283315 110 83 311 293
dog-english_setter 0.013196493 116 30 375 302
cat-Egyptian_Mau 0.0131586185 285 0 327 35
dog-staffordshire_bull_terrier 0.012634076 116 30 375 302
dog-miniature_pinscher 0.010739651 111 83 301 286
cat-Egyptian_Mau 0.010534711 295 1 337 37
dog-english_setter 0.010200612 114 90 229 271
dog-shiba_inu 0.010095818 116 30 375 302
dog-american_bulldog 0.0100557245 112 80 296 283
cat-Persian 0.00999093 106 37 307 289
bella 0.009802863 116 30 375 302
cat-Egyptian_Mau 0.009691881 361 0 374 42
cat-Bengal 0.00967081 116 30 375 302
cat-Egyptian_Mau 0.009353932 0 94 19 175
dog-basset_hound 0.008869418 116 30 375 302
cat-British_Shorthair 0.008430099 0 14 322 318
dog-shiba_inu 0.007913489 0 94 19 175
cat-Maine_Coon 0.007439114 116 30 375 302
dog-american_pit_bull_terrier 0.0073376144 112 80 296 283
dog-great_pyrenees 0.007308041 116 30 375 302
cat-Egyptian_Mau 0.0071263527 274 0 321 28
bella 0.00698961 0 94 19 175
dog-miniature_pinscher 0.0065268204 45 284 95 313
dog-chihuahua 0.0062545524 116 30 375 302
cat-Bombay 0.0061542927 106 37 307 289
dog-american_bulldog 0.0060244584 116 30 375 302
bella 0.005726855 0 0 23 70
dog-basset_hound 0.0055928417 0 64 19 154
cat-Egyptian_Mau 0.0054666162 0 4 23 114
dog-leonberger 0.005417069 116 30 375 302
cat-Egyptian_Mau 0.005335952 116 30 375 302
dog-staffordshire_bull_terrier 0.005255555 48 295 96 322
dog-wheaten_terrier 0.0051595005 125 0 375 265
cat-Bengal 0.0051413868 0 14 322 318
dog-great_pyrenees 0.005013378 112 80 296 283
dog-english_cocker_spaniel 0.0049943305 111 95 260 253
cat-Egyptian_Mau 0.0049618618 0 58 22 158
dog-basset_hound 0.0049048774 0 19 23 135
bella 0.0048906663 1 8 23 134
dog-english_setter 0.00478859 0 58 22 158
cat-Egyptian_Mau 0.004668031 247 96 286 131
cat-Egyptian_Mau 0.0045748544 100 1 169 39
cat-Egyptian_Mau 0.0044870256 305 1 350 41
dog-german_shorthaired 0.004428409 116 30 375 302
bella 0.0044106264 0 64 19 154
dog-havanese 0.004402524 125 0 375 265
dog-havanese 0.004370037 111 95 260 253
cat-Egyptian_Mau 0.0043500043 34 2 116 56
dog-basset_hound 0.0043327687 110 82 309 289
dog-samoyed 0.004326382 125 0 375 265
dog-american_bulldog 0.004283428 0 94 19 175
cat-Birman 0.0042551844 100 446 199 496
dog-havanese 0.004249261 153 0 281 57
cat-Egyptian_Mau 0.0041996446 0 133 19 211
bella 0.0041960967 112 92 213 252
dog-english_cocker_spaniel 0.004116359 36 294 91 319
cat-British_Shorthair 0.0041143973 14 0 127 74
cat-Egyptian_Mau 0.00410387 107 0 181 54
cat-Maine_Coon 0.0040192185 40 0 116 64
dog-american_bulldog 0.0039297086 0 49 353 442
dog-basset_hound 0.0039084083 66 87 320 362
dog-american_bulldog 0.0038838177 280 0 372 60
dog-wheaten_terrier 0.0038800472 109 92 258 258
cat-Egyptian_Mau 0.0038506764 0 108 21 196
cat-British_Shorthair 0.0037954634 0 0 277 245
dog-yorkshire_terrier 0.003695963 125 0 375 265
dog-saint_bernard 0.003677462 112 80 296 283
dog-shiba_inu 0.0035958912 112 80 296 283
dog-samoyed 0.0035727727 130 0 300 82
cat-Egyptian_Mau 0.003508436 76 0 146 52
cat-Bengal 0.0035058148 0 58 22 158
cat-Bengal 0.0034805252 276 0 317 31
dog-wheaten_terrier 0.003429591 91 0 311 305
dog-beagle 0.0033991134 0 94 19 175
dog-basset_hound 0.0033939949 0 94 19 175
dog-beagle 0.0033885222 112 80 296 283
