dog-english_setter 0.9072734 181 56 275 172
dog-english_cocker_spaniel 0.25130236 181 56 275 172
bella 0.16517597 181 57 275 171
dog-wheaten_terrier 0.057716295 183 55 274 173
dog-leonberger 0.015514983 180 53 500 375
dog-basset_hound 0.015226805 181 57 275 171
cat-Bengal 0.012618823 181 57 275 171
dog-boxer 0.011581745 23 39 281 353
dog-american_pit_bull_terrier 0.01073885 183 55 274 173
dog-leonberger 0.009921751 170 7 500 370
cat-Bengal 0.009477491 184 59 259 96
cat-Persian 0.0093953675 183 55 274 173
dog-samoyed 0.008687424 188 59 263 97
dog-leonberger 0.00824089 183 55 274 173
dog-boxer 0.0077124513 483 40 499 82
dog-leonberger 0.007704161 471 0 500 13
dog-havanese 0.0076233638 180 53 500 375
dog-great_pyrenees 0.0072239973 188 59 263 97
cat-Egyptian_Mau 0.0071398914 184 59 259 96
dog-beagle 0.0070195515 183 55 274 173
dog-great_pyrenees 0.0069371467 181 57 275 171
dog-havanese 0.0068506785 169 14 500 279
bella 0.0065636057 2 120 32 210
dog-german_shorthaired 0.0064785266 183 55 274 173
dog-japanese_chin 0.006426297 180 53 500 375
dog-american_bulldog 0.0064178533 0 46 285 375
cat-Birman 0.0063240808 325 355 381 372
cat-Bombay 0.0060714106 247 0 395 33
dog-american_bulldog 0.0059891692 0 42 277 375
dog-american_pit_bull_terrier 0.005886951 180 53 500 375
dog-american_bulldog 0.0058430457 180 53 500 375
dog-great_pyrenees 0.005557388 180 53 500 375
dog-great_pyrenees 0.0054486105 169 14 500 279
dog-english_setter 0.0053948434 164 57 277 228
cat-Egyptian_Mau 0.005240877 32 63 58 71
bella 0.0051821955 476 75 500 143
dog-saint_bernard 0.0050067124 188 59 263 97
dog-american_bulldog 0.0049462044 183 57 267 150
dog-scottish_terrier 0.0048976564 184 59 259 96
dog-wheaten_terrier 0.0047191284 174 0 500 205
dog-leonberger 0.0047126575 0 46 285 375
bella 0.004696586 0 273 33 331
dog-japanese_chin 0.0046486827 169 14 500 279
cat-Egyptian_Mau 0.0046426873 484 61 500 103
dog-wheaten_terrier 0.0046345615 169 14 500 279
dog-leonberger 0.0045754123 479 0 499 18
dog-wheaten_terrier 0.004535148 184 59 259 96
dog-havanese 0.004506756 174 0 500 205
dog-great_pyrenees 0.0044381577 215 0 500 106
cat-Maine_Coon 0.0043980847 181 57 275 171
cat-Abyssinian 0.0043715085 486 149 500 183
dog-great_pyrenees 0.004280962 174 0 500 205
dog-pug 0.0042596664 180 53 500 375
dog-staffordshire_bull_terrier 0.0042393864 485 43 500 77
dog-havanese 0.0041214586 321 0 500 93
dog-staffordshire_bull_terrier 0.004107434 188 59 263 97
dog-saint_bernard 0.004106104 104 47 278 323
dog-shiba_inu 0.0040901513 188 59 263 97
dog-american_bulldog 0.004074899 100 255 248 334
dog-english_cocker_spaniel 0.0040739626 188 59 263 97
dog-saint_bernard 0.0039226892 0 46 285 375
cat-British_Shorthair 0.0038868464 183 55 274 173
cat-Egyptian_Mau 0.0038586482 0 46 285 375
dog-english_cocker_spaniel 0.0038382078 0 272 31 344
cat-Bombay 0.003760232 63 0 204 28
dog-keeshond 0.0036982729 188 59 263 97
dog-boxer 0.0036892127 484 31 499 71
dog-basset_hound 0.0036712585 483 49 500 90
cat-Persian 0.0036331825 316 354 378 371
dog-wheaten_terrier 0.0036167882 385 131 499 278
cat-Ragdoll 0.0036096708 0 46 285 375
dog-staffordshire_bull_terrier 0.0036057148 343 342 379 361
cat-Egyptian_Mau 0.0035826336 483 49 500 90
dog-english_cocker_spaniel 0.0035509176 190 44 410 172
dog-leonberger 0.0035485413 444 47 500 150
dog-saint_bernard 0.0033970529 180 53 500 375
cat-Ragdoll 0.0033751847 188 59 263 97
dog-japanese_chin 0.003366529 0 46 285 375
dog-miniature_pinscher 0.0033505505 181 56 274 171
cat-Siamese 0.0033041884 109 0 266 40
dog-newfoundland 0.0032914132 182 56 274 171
cat-Maine_Coon 0.0032869296 299 352 345 367
cat-Egyptian_Mau 0.0032707758 0 93 32 167
dog-boxer 0.0032591377 0 46 285 375
dog-american_pit_bull_terrier 0.0032124266 0 46 285 375
dog-shiba_inu 0.0032119818 246 0 488 54
dog-samoyed 0.003200753 270 0 500 53
cat-Birman 0.0031637694 328 0 486 40
dog-pug 0.0031272233 60 28 416 375
dog-pomeranian 0.0031224638 180 53 500 375
bella 0.0031174468 476 92 500 163
dog-american_bulldog 0.0031165634 169 14 500 279
dog-newfoundland 0.0031126298 188 59 263 97
dog-wheaten_terrier 0.0031116682 190 44 410 172
cat-Abyssinian 0.003110302 481 286 498 327
dog-saint_bernard 0.003104737 181 57 275 171
dog-miniature_pinscher 0.0030955414 277 0 317 12
cat-Bengal 0.003068324 0 272 31 344
bella 0.0030671412 0 116 45 219
cat-Siamese 0.0030587458 255 0 433 40
