dog-german_shorthaired 0.8538583 9 21 263 250
dog-newfoundland 0.7668007 8 22 261 250
dog-english_cocker_spaniel 0.4018719 8 22 261 250
dog-american_pit_bull_terrier 0.10143255 8 22 261 250
dog-scottish_terrier 0.093556665 5 20 263 248
dog-miniature_pinscher 0.092630304 8 22 261 250
dog-staffordshire_bull_terrier 0.051339973 5 20 263 248
cat-British_Shorthair 0.04951821 8 23 269 250
dog-yorkshire_terrier 0.048977926 8 22 261 250
dog-basset_hound 0.0414772 0 6 265 260
cat-Bengal 0.034787104 0 6 265 260
dog-miniature_pinscher 0.02029006 0 0 243 223
dog-havanese 0.019240895 0 6 265 260
cat-Russian_Blue 0.01913165 0 6 265 260
dog-wheaten_terrier 0.017870275 0 6 265 260
cat-Bombay 0.017111955 0 6 265 260
dog-english_setter 0.015605461 0 6 265 260
dog-leonberger 0.015441203 0 6 265 260
dog-german_shorthaired 0.015383604 0 0 243 223
dog-newfoundland 0.015351568 0 0 243 223
dog-keeshond 0.012718599 0 6 265 260
dog-beagle 0.012710442 0 6 265 260
cat-British_Shorthair 0.012363523 0 0 243 223
dog-staffordshire_bull_terrier 0.010828096 0 0 243 223
dog-boxer 0.010285734 0 6 265 260
cat-Ragdoll 0.010214409 0 236 21 348
cat-Egyptian_Mau 0.009978283 0 245 21 359
bella 0.009817884 0 6 265 260
cat-Bengal 0.009657976 0 0 243 223
cat-Egyptian_Mau 0.009105137 0 6 265 260
dog-english_cocker_spaniel 0.009000829 0 0 243 223
dog-pug 0.008275408 0 6 265 260
cat-Bengal 0.00811736 283 0 357 45
cat-Sphynx 0.007923887 0 6 265 260
dog-english_cocker_spaniel 0.0077016973 330 141 356 282
cat-Bombay 0.0076174573 310 0 356 44
cat-Maine_Coon 0.007344304 0 236 21 348
cat-Abyssinian 0.0072630844 0 6 265 260
dog-shiba_inu 0.007084125 0 6 265 260
dog-basset_hound 0.006957016 0 236 21 348
cat-Bombay 0.0068827607 0 0 243 223
dog-chihuahua 0.006869052 0 6 265 260
dog-american_bulldog 0.0067113736 0 6 265 260
dog-american_pit_bull_terrier 0.006502194 0 0 243 223
cat-Ragdoll 0.0063905036 1 393 51 500
cat-Siamese 0.0062942645 216 0 275 25
cat-Bombay 0.0062041725 256 0 352 37
dog-leonberger 0.00597925 0 229 22 337
dog-scottish_terrier 0.005895793 0 0 243 223
cat-Birman 0.005892174 0 229 22 337
cat-Birman 0.0058704787 30 0 81 25
cat-Bombay 0.0058092894 254 0 316 27
cat-Russian_Blue 0.0058055804 0 0 243 223
cat-Persian 0.0055041714 0 6 265 260
cat-Bombay 0.005283907 283 0 357 45
dog-german_shorthaired 0.005211518 1 0 149 219
cat-Bombay 0.0051591136 236 0 294 25
dog-german_shorthaired 0.0051224455 40 0 329 247
cat-Bombay 0.0049426267 34 0 357 291
dog-yorkshire_terrier 0.0048394627 0 0 243 223
bella 0.0048070233 337 270 357 365
cat-Egyptian_Mau 0.004782105 1 393 51 500
cat-Maine_Coon 0.004729336 0 6 265 260
cat-Abyssinian 0.0046394407 348 54 357 89
cat-Bombay 0.004572464 268 0 335 28
cat-Abyssinian 0.0045168665 338 74 357 164
dog-english_cocker_spaniel 0.0044882973 121 29 259 242
dog-miniature_pinscher 0.004468524 40 0 329 247
dog-havanese 0.004448447 0 0 243 223
dog-basset_hound 0.0042571938 330 166 357 303
dog-samoyed 0.0041664517 0 236 21 348
cat-Egyptian_Mau 0.004143138 0 0 243 223
cat-Persian 0.004129051 0 229 22 337
cat-Russian_Blue 0.0040985746 0 236 21 348
dog-basset_hound 0.004008505 334 202 357 314
dog-beagle 0.0039918874 0 0 243 223
dog-keeshond 0.0039533055 0 0 243 223
dog-leonberger 0.0039385953 0 194 22 297
dog-leonberger 0.0038743878 266 159 287 174
dog-basset_hound 0.003800013 0 43 255 343
dog-american_bulldog 0.0037764395 0 0 243 223
cat-Egyptian_Mau 0.0037445256 0 283 21 399
dog-yorkshire_terrier 0.0037337898 2 0 95 57
cat-Birman 0.0036915622 14 0 74 31
dog-american_bulldog 0.0036576127 266 159 287 174
dog-japanese_chin 0.0036085236 0 229 22 337
dog-german_shorthaired 0.0035882725 0 0 106 186
cat-Egyptian_Mau 0.0035608606 0 220 22 325
cat-Birman 0.0035266494 49 0 101 26
cat-Siamese 0.0035152594 0 229 22 337
cat-Ragdoll 0.003511575 0 210 22 313
cat-Bombay 0.0034663475 331 93 355 231
cat-British_Shorthair 0.0034617635 0 245 21 359
dog-wheaten_terrier 0.0034579244 0 0 243 223
cat-Abyssinian 0.0033752422 333 74 355 189
dog-english_cocker_spaniel 0.003343787 333 177 357 290
cat-Abyssinian 0.003330761 336 98 357 190
dog-staffordshire_bull_terrier 0.0033112783 171 79 194 101
cat-Siamese 0.0032905906 334 64 355 175
bella 0.0032636079 337 244 357 343
