dog-english_setter 0.5744235 91 21 252 154
dog-wheaten_terrier 0.49404758 91 21 252 154
dog-great_pyrenees 0.39936206 82 38 249 143
dog-keeshond 0.2731936 91 21 252 154
dog-leonberger 0.19128692 91 21 252 154
cat-Bombay 0.1232357 20 0 100 39
dog-havanese 0.08584011 89 18 259 158
bella 0.07621278 91 21 252 154
dog-samoyed 0.07191607 91 21 252 154
dog-great_pyrenees 0.06429122 81 16 268 178
cat-Russian_Blue 0.0376601 20 0 100 39
dog-wheaten_terrier 0.037309192 89 14 289 203
dog-german_shorthaired 0.03557946 26 0 99 39
dog-leonberger 0.031939052 163 283 213 341
dog-american_bulldog 0.030051302 91 21 252 154
cat-Persian 0.029760247 91 21 252 154
cat-Egyptian_Mau 0.025553105 91 21 252 154
cat-British_Shorthair 0.025410824 91 21 252 154
cat-Bengal 0.024144974 26 0 99 39
dog-samoyed 0.023274276 89 14 289 203
dog-miniature_pinscher 0.020604922 20 0 100 39
dog-shiba_inu 0.020157909 91 21 252 154
cat-Bengal 0.018628094 91 21 252 154
cat-Maine_Coon 0.016279308 91 21 252 154
cat-Sphynx 0.015628098 26 0 99 39
dog-american_pit_bull_terrier 0.014569052 82 38 249 143
dog-staffordshire_bull_terrier 0.013834121 91 21 252 154
dog-great_pyrenees 0.013000822 116 43 211 129
dog-havanese 0.012975357 93 20 251 310
dog-havanese 0.011972103 100 1 310 326
dog-japanese_chin 0.01087633 82 38 249 143
dog-english_cocker_spaniel 0.010858697 91 21 252 154
dog-yorkshire_terrier 0.010480251 93 20 251 310
cat-Bombay 0.010452969 1 0 88 51
dog-keeshond 0.010443603 97 13 262 231
dog-havanese 0.010380596 107 0 310 232
dog-chihuahua 0.009873533 82 38 249 143
dog-scottish_terrier 0.009845063 91 21 252 154
cat-Russian_Blue 0.009762477 1 0 88 51
dog-newfoundland 0.009671692 91 21 252 154
dog-english_setter 0.009350592 92 28 177 152
dog-german_shorthaired 0.009257113 91 21 252 154
cat-Ragdoll 0.009086398 91 21 252 154
cat-Bengal 0.008961909 46 0 109 34
dog-pomeranian 0.008201668 107 0 310 232
dog-wheaten_terrier 0.008187491 107 0 310 232
dog-german_shorthaired 0.007728269 1 0 88 51
dog-staffordshire_bull_terrier 0.0076226927 1 0 88 51
dog-saint_bernard 0.007612949 91 21 252 154
cat-Bengal 0.0074379635 20 0 109 50
cat-Bombay 0.007389837 46 0 109 34
cat-Bengal 0.0070600673 1 0 88 51
bella 0.007022571 294 336 310 426
dog-havanese 0.006981948 121 0 289 142
cat-Bombay 0.0069814133 15 4 113 75
dog-miniature_pinscher 0.0068981517 46 0 109 34
dog-pomeranian 0.00669829 100 1 310 326
dog-samoyed 0.0066143367 107 0 310 232
dog-miniature_pinscher 0.0065909736 1 0 88 51
dog-english_cocker_spaniel 0.006463799 0 33 19 144
dog-great_pyrenees 0.006298187 107 0 310 232
dog-wheaten_terrier 0.006203015 100 1 310 326
dog-scottish_terrier 0.006079807 0 0 99 145
dog-samoyed 0.0060691894 100 1 310 326
cat-Russian_Blue 0.006062922 46 0 109 34
cat-Egyptian_Mau 0.006053803 40 0 112 37
cat-British_Shorthair 0.006034898 10 0 97 49
cat-Bombay 0.0059393323 219 0 303 38
dog-staffordshire_bull_terrier 0.0058971955 225 444 247 471
dog-wheaten_terrier 0.005823567 0 20 20 132
cat-Egyptian_Mau 0.0057174866 0 253 15 338
dog-samoyed 0.005655359 121 0 289 142
dog-basset_hound 0.00562098 0 234 286 500
dog-yorkshire_terrier 0.005602832 95 10 276 161
dog-basset_hound 0.005600444 89 18 259 158
cat-Sphynx 0.0055708527 46 0 109 34
dog-havanese 0.005567002 106 35 279 425
cat-Egyptian_Mau 0.005520391 10 0 97 49
dog-yorkshire_terrier 0.0055078715 100 1 310 326
cat-Russian_Blue 0.0054625347 5 6 101 76
dog-newfoundland 0.0054001855 0 33 19 144
cat-Egyptian_Mau 0.005376404 0 193 275 500
dog-havanese 0.0053309156 100 39 243 137
dog-japanese_chin 0.005312687 100 1 310 326
dog-scottish_terrier 0.005299209 1 0 88 51
cat-Bombay 0.0051582134 12 0 79 30
cat-Bengal 0.005087955 7 0 71 30
cat-Persian 0.0050026975 0 0 220 216
dog-japanese_chin 0.004973109 107 0 310 232
dog-pomeranian 0.0049349335 89 18 259 158
dog-basset_hound 0.004871731 33 303 310 500
dog-american_pit_bull_terrier 0.0048305127 95 10 276 161
dog-havanese 0.0047939224 77 64 236 436
dog-shiba_inu 0.004786373 82 318 310 500
dog-scottish_terrier 0.0047140536 0 5 98 84
cat-Bengal 0.0047000335 232 0 310 43
dog-staffordshire_bull_terrier 0.0046602916 0 5 98 84
cat-Bengal 0.0046407664 257 0 304 30
dog-yorkshire_terrier 0.0046197088 107 0 310 232
dog-german_shorthaired 0.00460354 46 0 109 34
