dog-english_setter 0.6876532 28 11 276 288
dog-american_pit_bull_terrier 0.34182152 30 16 280 289
dog-english_cocker_spaniel 0.07258597 28 10 276 290
dog-scottish_terrier 0.03990988 30 17 272 270
dog-german_shorthaired 0.03565192 30 10 275 288
dog-miniature_pinscher 0.033272654 38 14 292 287
dog-wheaten_terrier 0.027715841 35 15 269 280
dog-beagle 0.027622374 30 16 280 289
cat-Bengal 0.02711012 0 7 268 278
cat-Birman 0.022755137 0 420 75 500
dog-keeshond 0.020206545 30 17 272 270
dog-newfoundland 0.020205501 35 15 269 280
dog-basset_hound 0.01789524 0 7 268 278
dog-american_bulldog 0.017637646 30 15 274 275
dog-leonberger 0.014785539 302 18 363 156
bella 0.014650158 0 7 268 278
cat-British_Shorthair 0.014051428 0 7 268 278
dog-shiba_inu 0.0135947345 0 7 268 278
dog-havanese 0.013569743 38 14 292 287
cat-Maine_Coon 0.013467147 0 7 268 278
cat-Egyptian_Mau 0.012555563 0 7 268 278
dog-american_pit_bull_terrier 0.012268328 64 1 365 297
dog-samoyed 0.011006629 0 7 268 278
dog-staffordshire_bull_terrier 0.010852328 30 17 272 270
dog-leonberger 0.010822378 0 7 268 278
dog-basset_hound 0.01016507 105 10 274 158
dog-boxer 0.010074196 89 10 277 163
dog-american_pit_bull_terrier 0.009978754 98 0 365 245
dog-great_pyrenees 0.009943119 0 7 268 278
dog-chihuahua 0.009640133 38 14 292 287
dog-yorkshire_terrier 0.009437582 11 0 319 500
dog-yorkshire_terrier 0.00848757 38 14 292 287
dog-saint_bernard 0.007858283 277 313 291 341
dog-havanese 0.007849926 11 0 319 500
dog-miniature_pinscher 0.007525973 64 1 365 297
cat-Bombay 0.00704848 282 0 352 29
dog-saint_bernard 0.006977625 30 17 272 270
cat-Russian_Blue 0.0067850775 0 7 268 278
dog-miniature_pinscher 0.0065897307 98 0 365 245
dog-american_pit_bull_terrier 0.0064381724 314 243 365 424
dog-leonberger 0.006299119 316 55 365 179
dog-boxer 0.0062372503 35 15 269 280
cat-Sphynx 0.00613747 0 7 268 278
cat-Bengal 0.0060225795 0 0 245 232
cat-Persian 0.0059948377 0 7 268 278
dog-english_cocker_spaniel 0.005900901 0 55 265 363
dog-leonberger 0.00566599 301 68 364 191
dog-leonberger 0.005651148 11 0 319 500
cat-Bombay 0.005499366 23 0 130 36
dog-american_pit_bull_terrier 0.0053478577 0 0 275 500
dog-wheaten_terrier 0.0053387494 0 0 269 414
dog-beagle 0.005253476 0 0 245 232
dog-miniature_pinscher 0.0052246866 0 0 245 232
cat-Bengal 0.00519071 0 18 302 401
dog-newfoundland 0.0051872274 11 0 319 500
cat-Bombay 0.0051807477 304 4 363 42
dog-pug 0.0051487326 38 14 292 287
dog-beagle 0.0049634483 276 313 292 339
dog-staffordshire_bull_terrier 0.0048172106 268 6 365 78
dog-scottish_terrier 0.0047482657 0 55 265 363
dog-american_pit_bull_terrier 0.004746195 224 0 365 122
dog-yorkshire_terrier 0.00469775 98 0 365 245
dog-chihuahua 0.0046707545 98 0 365 245
dog-boxer 0.0046176696 277 313 291 341
dog-havanese 0.0045053293 0 55 265 363
dog-american_pit_bull_terrier 0.004438963 205 4 365 164
dog-german_shorthaired 0.0043925135 0 0 245 232
dog-english_setter 0.0042630252 0 55 265 363
dog-havanese 0.0042588636 280 147 297 161
cat-Egyptian_Mau 0.0041569485 0 0 245 232
dog-beagle 0.004143551 89 10 277 163
dog-leonberger 0.0041383994 317 14 365 140
dog-english_setter 0.004114634 276 313 292 339
cat-Abyssinian 0.004110404 0 7 268 278
dog-samoyed 0.0040737945 98 0 365 245
dog-english_setter 0.00406858 187 16 270 143
dog-miniature_pinscher 0.0040365187 0 55 265 363
dog-scottish_terrier 0.0040248246 54 0 338 251
cat-Bombay 0.0040087793 38 14 292 287
dog-wheaten_terrier 0.0039789295 0 0 245 232
dog-american_bulldog 0.0039190245 0 0 245 232
dog-leonberger 0.0039039818 323 114 365 242
cat-British_Shorthair 0.0038946376 0 0 245 232
dog-beagle 0.00385324 264 273 290 325
dog-english_setter 0.0038350332 37 50 216 315
dog-basset_hound 0.0037881793 263 267 289 315
dog-newfoundland 0.0037727975 305 8 363 140
dog-staffordshire_bull_terrier 0.0037642997 79 4 282 181
dog-yorkshire_terrier 0.0037294077 54 0 338 251
dog-keeshond 0.003728295 11 0 319 500
dog-american_pit_bull_terrier 0.003711974 0 0 245 232
cat-Persian 0.003682342 11 0 319 500
cat-Ragdoll 0.0036604777 0 7 268 278
cat-Maine_Coon 0.0035643969 205 453 259 481
dog-english_setter 0.0035530678 0 0 245 232
dog-yorkshire_terrier 0.0035527318 0 41 227 500
dog-american_pit_bull_terrier 0.0034755692 89 10 277 163
cat-Persian 0.0034696185 205 453 259 481
dog-english_setter 0.003449433 0 0 275 500
dog-pomeranian 0.0034255679 98 0 365 245
