dog-english_setter 0.61990213 149 35 339 204
dog-saint_bernard 0.3764168 147 38 340 202
dog-great_pyrenees 0.29266408 149 35 339 204
dog-beagle 0.25252807 149 35 339 204
bella 0.075579844 149 35 339 204
dog-american_bulldog 0.053301614 149 35 339 204
dog-leonberger 0.038896047 143 38 340 203
dog-english_cocker_spaniel 0.024165586 143 38 340 203
dog-basset_hound 0.020662714 143 38 340 203
dog-wheaten_terrier 0.016538395 143 38 340 203
dog-american_pit_bull_terrier 0.016309133 149 35 339 204
dog-samoyed 0.012984562 143 38 340 203
dog-havanese 0.011797962 125 0 341 213
cat-Egyptian_Mau 0.011105332 143 38 340 203
cat-Bombay 0.010903417 235 1 272 12
cat-Egyptian_Mau 0.01080858 0 142 30 252
cat-Bombay 0.010759274 269 2 313 14
cat-Bombay 0.0107350815 190 1 228 12
dog-japanese_chin 0.010547239 143 38 340 203
dog-beagle 0.009761145 56 36 328 229
dog-basset_hound 0.009553144 463 272 498 405
dog-chihuahua 0.00942608 143 38 340 203
dog-german_shorthaired 0.009347721 0 99 31 201
cat-Egyptian_Mau 0.008739681 467 273 500 378
dog-newfoundland 0.008668631 0 99 31 201
cat-Bombay 0.008604643 440 1 485 15
cat-Persian 0.008602796 143 38 340 203
cat-Bombay 0.008374028 460 2 496 16
cat-British_Shorthair 0.008219902 0 0 341 207
dog-keeshond 0.008164133 143 38 340 203
dog-beagle 0.008155384 121 15 500 308
cat-Bengal 0.008060055 0 9 390 280
dog-boxer 0.007977572 341 193 403 221
cat-Bengal 0.007911751 143 38 340 203
dog-great_pyrenees 0.007904064 225 41 339 180
cat-Ragdoll 0.007858535 0 404 95 485
cat-Ragdoll 0.007812621 143 38 340 203
dog-basset_hound 0.0075991056 0 106 31 214
cat-Ragdoll 0.0073461537 225 41 339 180
dog-boxer 0.0071666418 0 99 31 201
cat-Egyptian_Mau 0.007161937 0 0 341 207
dog-leonberger 0.0071586794 0 99 31 201
cat-Bengal 0.007156196 0 0 341 207
cat-Bombay 0.0068068444 473 2 500 20
dog-leonberger 0.0067413803 265 201 298 256
cat-British_Shorthair 0.0067296955 389 192 421 203
cat-Bombay 0.006633498 223 1 259 11
cat-Egyptian_Mau 0.006614158 463 238 498 363
cat-Egyptian_Mau 0.0066119405 2 129 45 258
cat-Persian 0.0065069967 0 0 341 207
dog-boxer 0.00637444 343 183 404 213
cat-Bombay 0.006314371 247 1 284 11
cat-Russian_Blue 0.006265988 229 1 265 12
dog-staffordshire_bull_terrier 0.006232305 0 106 31 214
dog-miniature_pinscher 0.0062043844 5 4 176 69
cat-British_Shorthair 0.006036743 0 9 390 280
dog-boxer 0.005975695 143 38 340 203
cat-Bombay 0.0059728767 177 1 217 12
cat-Abyssinian 0.0059689963 341 256 500 485
cat-British_Shorthair 0.005882786 143 38 340 203
cat-Bombay 0.0057860697 43 1 100 16
dog-american_bulldog 0.0057793777 121 15 500 308
cat-Bombay 0.0057097445 202 1 241 11
dog-shiba_inu 0.0057037896 143 38 340 203
cat-Bombay 0.0056959824 239 1 280 14
cat-Egyptian_Mau 0.0056766323 467 6 500 110
dog-american_bulldog 0.005481676 0 0 341 207
cat-Ragdoll 0.00545436 159 0 500 228
dog-basset_hound 0.0054464815 0 155 30 266
cat-Egyptian_Mau 0.0052546654 463 272 498 405
bella 0.0052234572 461 214 498 329
cat-Bengal 0.0052114315 407 45 453 65
cat-Bombay 0.0052103046 259 1 298 11
dog-staffordshire_bull_terrier 0.005167079 110 427 141 446
cat-British_Shorthair 0.0051635113 190 1 228 12
cat-Maine_Coon 0.0051494143 151 38 339 203
dog-boxer 0.0051261014 121 15 500 308
dog-english_setter 0.0051133893 225 41 339 180
dog-japanese_chin 0.0050957724 128 317 153 332
cat-Bombay 0.005081447 425 2 475 16
cat-Egyptian_Mau 0.005078695 0 217 29 324
dog-beagle 0.0050368616 159 0 500 228
cat-Egyptian_Mau 0.0050292825 0 9 390 280
cat-Maine_Coon 0.004950698 61 305 89 323
cat-Ragdoll 0.004822169 0 0 341 207
cat-Russian_Blue 0.004705656 0 0 341 207
dog-havanese 0.004647988 0 0 341 207
dog-american_pit_bull_terrier 0.0046426896 160 28 441 218
dog-beagle 0.0046238503 0 99 31 201
cat-British_Shorthair 0.0045743394 50 89 84 102
dog-german_shorthaired 0.004570392 269 2 313 14
cat-Siamese 0.0045627016 485 2 500 34
cat-Bengal 0.004514805 56 36 328 229
cat-Bombay 0.004512429 392 1 440 13
cat-Egyptian_Mau 0.0044714776 0 116 31 227
dog-english_setter 0.004467837 0 0 341 207
cat-Egyptian_Mau 0.0043508057 0 404 95 485
dog-english_setter 0.0043350407 56 36 328 229
dog-english_cocker_spaniel 0.0042715855 56 36 328 229
dog-english_setter 0.0042621363 0 99 31 201
