dog-english_setter 0.59957653 119 95 202 196
dog-english_cocker_spaniel 0.39793673 119 95 202 196
dog-german_shorthaired 0.10449883 119 95 202 194
dog-basset_hound 0.09650298 119 95 202 194
bella 0.072775796 153 266 190 307
dog-leonberger 0.039872352 120 95 200 197
dog-saint_bernard 0.030053925 120 94 199 197
cat-Bengal 0.027689992 119 95 202 194
dog-newfoundland 0.027197314 121 95 200 196
dog-havanese 0.021372462 118 13 500 330
dog-wheaten_terrier 0.020810533 119 95 202 196
dog-havanese 0.020763991 117 0 500 163
dog-havanese 0.019192377 96 0 392 298
dog-american_bulldog 0.019145237 153 266 189 306
dog-saint_bernard 0.017308148 123 98 189 133
cat-Egyptian_Mau 0.017203817 123 98 189 133
dog-leonberger 0.017166167 127 110 492 375
cat-Egyptian_Mau 0.015830154 153 266 189 306
dog-japanese_chin 0.014114077 126 78 500 374
dog-boxer 0.013992984 70 264 118 301
dog-newfoundland 0.013892394 143 130 500 375
cat-Birman 0.013595733 351 0 498 40
dog-english_setter 0.013196816 123 98 189 133
bella 0.012873009 120 95 202 197
dog-havanese 0.012307305 154 0 486 104
cat-British_Shorthair 0.01207069 119 95 202 196
dog-english_cocker_spaniel 0.012031267 123 98 189 133
dog-beagle 0.011721097 119 95 202 197
cat-Bengal 0.011630312 203 0 325 30
cat-Bengal 0.011040772 123 98 189 133
dog-great_pyrenees 0.010404695 154 265 190 308
dog-yorkshire_terrier 0.009269795 103 15 500 215
dog-newfoundland 0.009195457 123 98 189 133
dog-boxer 0.008963164 119 97 199 194
dog-great_pyrenees 0.008251672 123 98 189 133
cat-Egyptian_Mau 0.007907333 0 156 30 240
dog-newfoundland 0.007536359 122 69 406 368
cat-Egyptian_Mau 0.0073720445 34 0 105 22
dog-miniature_pinscher 0.007308667 119 95 202 194
dog-havanese 0.0072798706 122 69 406 368
dog-havanese 0.007271082 189 0 500 246
cat-Bengal 0.0070247585 231 0 363 31
dog-wheaten_terrier 0.0070018223 123 98 189 133
dog-american_pit_bull_terrier 0.0068169455 119 97 199 194
cat-Egyptian_Mau 0.0064873626 100 0 167 17
cat-Maine_Coon 0.0063832314 199 0 314 30
dog-japanese_chin 0.0061909594 107 10 392 334
dog-pug 0.0061300895 126 78 500 374
dog-samoyed 0.0061003286 76 0 422 139
dog-leonberger 0.006052953 100 0 167 17
dog-havanese 0.0060193893 143 130 500 375
dog-havanese 0.005802053 118 92 204 194
cat-Bengal 0.0057639177 0 156 30 240
cat-Maine_Coon 0.00560007 123 98 189 133
cat-Ragdoll 0.0054603876 123 98 189 133
dog-basset_hound 0.005401251 0 156 30 240
dog-staffordshire_bull_terrier 0.005392014 119 97 199 194
cat-British_Shorthair 0.005379271 0 38 246 358
cat-Persian 0.005326369 118 92 204 194
dog-boxer 0.0053133243 88 264 149 296
dog-samoyed 0.005297762 123 98 189 133
dog-american_bulldog 0.0052777454 121 94 200 195
dog-staffordshire_bull_terrier 0.005261119 150 262 188 302
dog-yorkshire_terrier 0.0052407575 289 147 377 169
dog-beagle 0.0052158586 153 266 189 306
cat-Maine_Coon 0.0052124574 119 95 202 194
cat-Egyptian_Mau 0.005004725 51 0 123 20
cat-Bengal 0.0049592583 0 26 227 374
cat-Birman 0.0049281614 300 0 470 40
dog-german_shorthaired 0.004831372 123 98 189 133
cat-Egyptian_Mau 0.0048124627 70 0 135 17
dog-samoyed 0.0047870544 131 0 446 107
dog-american_bulldog 0.0047806525 100 0 167 17
cat-Persian 0.004742548 0 0 225 282
dog-japanese_chin 0.004642573 121 94 200 195
dog-yorkshire_terrier 0.0045427033 0 0 225 282
cat-Maine_Coon 0.0045143547 176 0 284 27
dog-japanese_chin 0.0045036636 100 126 433 375
dog-great_pyrenees 0.0044994387 154 0 500 208
cat-Persian 0.004495069 123 98 189 133
cat-Bombay 0.0044762753 120 100 205 223
dog-boxer 0.0044330913 66 257 119 287
dog-staffordshire_bull_terrier 0.0043788613 299 268 336 320
cat-Ragdoll 0.0043679276 153 266 189 306
dog-havanese 0.004357855 0 0 225 282
cat-Bombay 0.004341949 272 0 416 31
cat-Bombay 0.004334652 0 38 246 358
dog-wheaten_terrier 0.004206157 0 0 273 369
dog-staffordshire_bull_terrier 0.004186866 123 98 189 133
dog-saint_bernard 0.0041504297 118 100 175 169
cat-Persian 0.0041272203 240 1 308 16
dog-yorkshire_terrier 0.0041094283 104 0 481 135
dog-japanese_chin 0.004086711 0 26 227 374
dog-american_bulldog 0.004063388 126 266 185 309
bella 0.004002595 123 98 189 133
dog-scottish_terrier 0.003980245 123 98 189 133
cat-Maine_Coon 0.003979162 134 0 351 60
dog-chihuahua 0.0039406256 486 4 500 29
dog-havanese 0.003939465 76 0 422 139
cat-Egyptian_Mau 0.003920564 67 0 131 23
