dog-german_shorthaired 0.32794106 89 105 213 272
dog-basset_hound 0.28997663 89 105 213 272
dog-english_setter 0.14363095 89 105 213 272
dog-beagle 0.076954864 89 105 213 272
dog-beagle 0.06973817 0 61 217 283
dog-basset_hound 0.048134107 0 61 217 283
dog-saint_bernard 0.036547188 63 108 213 267
dog-german_shorthaired 0.035125285 0 61 217 283
cat-Bengal 0.033347875 89 105 213 272
cat-Bengal 0.025961082 0 61 217 283
dog-english_setter 0.024455663 0 61 217 283
dog-boxer 0.022581486 89 105 213 272
dog-german_shorthaired 0.019380024 159 168 212 258
dog-basset_hound 0.016815947 94 166 207 270
dog-english_cocker_spaniel 0.016036399 89 105 213 272
dog-saint_bernard 0.01584917 3 91 215 310
dog-german_shorthaired 0.014759917 140 154 212 265
dog-english_cocker_spaniel 0.01466792 0 61 217 283
dog-german_shorthaired 0.013760978 0 0 228 304
dog-boxer 0.013718345 0 61 217 283
dog-boxer 0.012560441 0 0 228 304
dog-american_pit_bull_terrier 0.010748265 96 23 333 308
dog-american_pit_bull_terrier 0.010237561 0 61 217 283
dog-basset_hound 0.009927594 140 154 212 265
cat-British_Shorthair 0.0098490985 0 0 228 304
dog-miniature_pinscher 0.009762211 0 0 228 304
dog-boxer 0.009670596 212 114 244 162
cat-Maine_Coon 0.008948097 62 0 229 279
dog-boxer 0.008916228 223 113 252 154
cat-Egyptian_Mau 0.008806571 0 61 217 283
dog-boxer 0.008790286 209 103 247 142
dog-american_pit_bull_terrier 0.0086565595 62 0 229 279
dog-pug 0.008447399 0 0 228 304
cat-Russian_Blue 0.008086333 217 0 319 47
dog-miniature_pinscher 0.007873838 0 61 217 283
cat-British_Shorthair 0.0077909604 62 0 229 279
cat-Russian_Blue 0.007747076 0 0 228 304
dog-pug 0.007606733 62 0 229 279
dog-basset_hound 0.0073879976 0 0 228 304
cat-Persian 0.007141085 62 0 229 279
cat-British_Shorthair 0.0069482126 89 105 213 272
bella 0.006909149 62 0 229 279
cat-Bombay 0.0068867896 206 0 316 43
dog-newfoundland 0.0068098987 109 126 132 188
cat-Bengal 0.0067781312 0 0 228 304
cat-Sphynx 0.006772426 0 61 217 283
cat-British_Shorthair 0.006692578 0 0 216 249
dog-basset_hound 0.00666865 156 174 213 258
dog-american_pit_bull_terrier 0.0066615567 0 0 228 304
dog-staffordshire_bull_terrier 0.006598434 62 0 229 279
dog-shiba_inu 0.0065578995 0 28 218 279
dog-yorkshire_terrier 0.0065475293 190 39 333 342
cat-Egyptian_Mau 0.00642175 63 108 213 267
dog-miniature_pinscher 0.0063463473 89 105 213 272
dog-staffordshire_bull_terrier 0.006058708 0 0 228 304
dog-pug 0.005989115 0 0 216 249
dog-pug 0.0059888 96 23 333 308
dog-basset_hound 0.0058456557 170 51 191 66
cat-Ragdoll 0.005689272 62 0 229 279
cat-Bombay 0.0056136446 9 0 119 54
dog-basset_hound 0.005559737 280 121 301 134
dog-chihuahua 0.0055047246 18 0 133 53
cat-Bengal 0.0054205614 9 0 119 54
cat-Bombay 0.005397566 62 0 229 279
dog-german_shorthaired 0.0053707054 0 0 216 249
dog-american_pit_bull_terrier 0.00533898 109 0 333 242
dog-miniature_pinscher 0.0053111142 0 0 216 249
cat-Birman 0.0052527655 62 0 229 279
cat-Siamese 0.0051543782 9 0 119 54
cat-Russian_Blue 0.0051264423 63 108 213 267
dog-basset_hound 0.0051190695 62 0 229 279
dog-beagle 0.005090116 0 0 228 304
dog-leonberger 0.005086956 109 126 132 188
dog-american_bulldog 0.005071488 0 0 228 304
dog-leonberger 0.005050069 0 61 217 283
dog-scottish_terrier 0.0050311727 62 0 229 279
dog-basset_hound 0.0049812747 75 177 184 272
dog-american_bulldog 0.0049494226 0 61 217 283
cat-Siamese 0.0049452796 0 0 228 304
cat-Bombay 0.0049419627 0 0 216 249
cat-Egyptian_Mau 0.0048696348 0 0 228 304
dog-shiba_inu 0.0048583876 0 0 148 63
dog-american_bulldog 0.0048401193 62 0 229 279
cat-Sphynx 0.0047984174 0 0 228 304
cat-Abyssinian 0.0046546967 89 105 213 272
cat-Egyptian_Mau 0.0045687975 0 64 220 500
dog-pug 0.0045507406 109 0 333 242
dog-staffordshire_bull_terrier 0.0044557364 89 105 213 272
dog-yorkshire_terrier 0.00445143 109 0 333 242
cat-Bombay 0.0044008167 0 0 228 304
dog-boxer 0.004381253 199 103 238 145
cat-Egyptian_Mau 0.00433332 312 115 333 224
dog-basset_hound 0.0043290164 109 143 131 203
cat-Egyptian_Mau 0.004313686 314 105 333 192
dog-boxer 0.0043060984 222 102 253 142
dog-scottish_terrier 0.0042528356 0 28 218 279
dog-leonberger 0.0042309 89 105 213 272
dog-american_pit_bull_terrier 0.004210895 234 0 330 50
dog-staffordshire_bull_terrier 0.0041846633 163 121 187 144
dog-yorkshire_terrier 0.004172976 62 0 229 279
