dog-german_shorthaired 0.98967546 97 97 226 200
dog-miniature_pinscher 0.09159089 97 97 226 200
dog-basset_hound 0.057912935 96 94 222 222
cat-Bombay 0.056603238 99 97 225 198
dog-english_cocker_spaniel 0.025653133 97 95 229 214
bella 0.0220443 1 230 20 350
dog-newfoundland 0.02003801 99 97 225 198
dog-german_shorthaired 0.017232778 97 99 232 272
dog-staffordshire_bull_terrier 0.01714658 98 95 225 201
dog-boxer 0.016903555 96 94 222 222
cat-British_Shorthair 0.016141094 98 93 230 210
dog-staffordshire_bull_terrier 0.014905733 123 88 333 500
dog-staffordshire_bull_terrier 0.014546395 75 47 331 500
dog-havanese 0.014275021 79 0 228 231
cat-Egyptian_Mau 0.011057129 313 242 333 349
cat-Russian_Blue 0.010884617 98 93 230 210
bella 0.01044143 312 238 331 355
bella 0.010243814 1 206 21 315
bella 0.010090073 315 144 333 245
cat-Abyssinian 0.009740537 211 0 305 39
bella 0.00894559 315 119 333 219
dog-beagle 0.008677626 96 94 222 222
bella 0.00859166 313 271 331 388
cat-Bengal 0.008347864 97 94 225 212
cat-Egyptian_Mau 0.008345488 315 334 333 431
cat-Egyptian_Mau 0.008254744 312 257 330 377
bella 0.007845616 97 105 149 190
cat-Egyptian_Mau 0.007842135 314 222 333 319
dog-german_shorthaired 0.007632106 101 107 154 196
dog-beagle 0.0074661896 101 107 154 196
cat-Egyptian_Mau 0.0073964507 0 0 27 16
bella 0.007359946 315 170 333 269
cat-Bombay 0.0073492345 198 2 327 68
cat-Egyptian_Mau 0.007306774 315 283 333 379
bella 0.0071503646 312 77 331 207
dog-english_setter 0.0071373233 100 102 155 193
cat-Birman 0.007076653 213 0 321 55
dog-basset_hound 0.006940389 312 238 331 355
dog-newfoundland 0.0068658004 58 271 123 355
cat-Egyptian_Mau 0.00680866 0 246 20 359
cat-Egyptian_Mau 0.0068058874 313 352 333 468
cat-Egyptian_Mau 0.006779476 315 196 333 293
cat-Egyptian_Mau 0.006766571 315 308 333 405
bella 0.0067591784 315 295 333 392
dog-newfoundland 0.0067532677 59 241 123 332
cat-British_Shorthair 0.006712372 142 47 162 63
cat-Egyptian_Mau 0.00629049 0 334 20 448
cat-Russian_Blue 0.006242277 64 61 254 475
dog-american_pit_bull_terrier 0.006198204 123 88 333 500
cat-Sphynx 0.006167782 95 85 222 205
cat-British_Shorthair 0.006155095 0 0 220 217
dog-shiba_inu 0.006099785 123 88 333 500
dog-wheaten_terrier 0.0060658623 41 302 79 332
dog-scottish_terrier 0.0058527286 98 95 225 201
bella 0.00581914 314 93 333 194
cat-British_Shorthair 0.0058023096 133 55 154 69
cat-Bengal 0.0056496235 0 0 220 217
cat-Siamese 0.005601002 2 0 90 58
bella 0.005531772 1 331 19 452
dog-basset_hound 0.005517557 313 271 331 388
bella 0.005458045 315 196 333 293
cat-Bengal 0.0053396737 190 0 290 38
cat-Russian_Blue 0.0053087366 75 47 331 500
dog-american_pit_bull_terrier 0.0051790765 95 85 222 205
cat-Bombay 0.005107266 0 0 220 217
dog-basset_hound 0.005084907 312 89 332 223
dog-boxer 0.0050598304 101 107 154 196
dog-staffordshire_bull_terrier 0.005047437 163 96 185 120
bella 0.0050313347 311 42 331 168
bella 0.005007321 1 263 19 391
cat-Egyptian_Mau 0.0049961084 0 283 20 398
cat-Bengal 0.004957054 0 9 246 291
dog-american_pit_bull_terrier 0.0048919073 79 0 228 231
dog-wheaten_terrier 0.004878771 55 303 88 334
dog-wheaten_terrier 0.0048708417 120 0 142 12
cat-Egyptian_Mau 0.004819867 52 359 87 395
cat-Egyptian_Mau 0.0048067495 312 75 333 188
dog-chihuahua 0.0046688947 123 88 333 500
dog-basset_hound 0.0046324306 1 230 20 350
cat-Egyptian_Mau 0.0045871767 315 170 333 269
dog-basset_hound 0.0045844708 313 139 333 275
dog-wheaten_terrier 0.0045616925 165 0 187 13
bella 0.0045587616 316 322 333 418
cat-Bombay 0.004558675 231 0 331 57
cat-Egyptian_Mau 0.004508162 0 358 21 479
dog-pug 0.0044812737 79 0 228 231
cat-Egyptian_Mau 0.0044167554 204 0 301 39
bella 0.004390833 1 60 20 183
cat-Egyptian_Mau 0.004362589 0 214 20 322
dog-staffordshire_bull_terrier 0.004349376 101 107 154 196
dog-english_setter 0.004303227 1 161 44 283
dog-english_setter 0.004292539 1 191 42 313
cat-Siamese 0.0042641223 123 88 333 500
dog-newfoundland 0.0042322204 42 277 104 359
cat-Egyptian_Mau 0.004204032 0 0 45 31
cat-British_Shorthair 0.0041953395 0 9 246 291
cat-British_Shorthair 0.004161991 134 47 154 63
dog-staffordshire_bull_terrier 0.0041313227 132 256 157 311
dog-basset_hound 0.0041223764 313 192 332 325
bella 0.004113375 314 235 333 331
