dog-wheaten_terrier 0.37865764 84 0 282 198
bella 0.23055203 84 0 283 195
dog-english_setter 0.17905489 85 2 283 197
dog-great_pyrenees 0.15999112 84 0 282 198
dog-samoyed 0.059579447 84 1 282 201
dog-wheaten_terrier 0.02487216 0 2 305 207
cat-Abyssinian 0.021473551 469 91 496 159
cat-Persian 0.021089517 85 2 283 197
dog-american_bulldog 0.019799044 84 1 282 201
dog-english_cocker_spaniel 0.015186376 85 2 283 197
cat-British_Shorthair 0.011454004 85 2 283 197
cat-Egyptian_Mau 0.0110490015 468 80 500 147
dog-german_shorthaired 0.010173767 190 133 248 192
cat-Bengal 0.00987171 85 2 283 197
dog-samoyed 0.009658524 92 4 277 120
cat-Bombay 0.009222379 322 0 462 27
cat-Egyptian_Mau 0.008893171 469 91 496 159
cat-Abyssinian 0.008795893 473 106 500 163
dog-english_setter 0.008637833 0 0 278 219
dog-samoyed 0.008490062 106 6 266 63
cat-Ragdoll 0.0081948675 77 1 282 184
dog-english_cocker_spaniel 0.008102559 188 73 280 195
cat-Abyssinian 0.008079112 484 97 500 124
cat-Maine_Coon 0.007262603 0 2 305 207
dog-newfoundland 0.0072570313 186 103 249 190
bella 0.0071935393 0 0 263 189
dog-wheaten_terrier 0.00705993 0 0 263 189
cat-Bombay 0.006937643 410 1 491 27
dog-great_pyrenees 0.0064982087 92 4 277 120
dog-havanese 0.0064785024 77 1 282 184
dog-keeshond 0.0063956804 0 2 305 207
dog-samoyed 0.0060445103 116 2 259 40
cat-Bombay 0.006010144 332 0 479 34
dog-leonberger 0.0059088077 77 1 282 184
cat-Maine_Coon 0.0059027197 84 0 282 198
dog-english_setter 0.005795868 0 0 263 189
cat-Siamese 0.005736319 167 1 206 12
cat-Abyssinian 0.005723988 468 80 500 147
dog-american_pit_bull_terrier 0.0056238775 85 2 283 197
dog-samoyed 0.0055649616 0 0 278 219
dog-scottish_terrier 0.0055144806 100 1 246 38
cat-Bombay 0.0054703197 354 0 494 43
bella 0.005392988 0 0 278 219
dog-great_pyrenees 0.0053312546 106 6 266 63
dog-leonberger 0.0051865824 94 180 168 261
cat-Egyptian_Mau 0.0049783755 85 2 283 197
cat-Egyptian_Mau 0.0049574375 473 106 500 163
cat-Bombay 0.0048142257 466 0 499 60
cat-Egyptian_Mau 0.004754929 466 244 500 319
cat-Bombay 0.004745188 263 0 359 18
cat-Russian_Blue 0.004636559 336 0 473 26
dog-scottish_terrier 0.004536704 0 2 305 207
dog-great_pyrenees 0.004463851 116 2 259 40
cat-Bengal 0.0044627115 467 78 496 148
cat-Bombay 0.0044501727 282 0 418 26
dog-newfoundland 0.004401887 188 73 280 195
cat-Bengal 0.0043692966 106 6 266 63
dog-wheaten_terrier 0.0042978283 106 6 266 63
cat-Egyptian_Mau 0.004245063 402 103 463 133
dog-boxer 0.0042245127 341 95 393 116
cat-Russian_Blue 0.0042133788 302 0 467 35
cat-Birman 0.004212328 129 1 162 9
cat-Bengal 0.0041947896 466 0 499 60
cat-Maine_Coon 0.0041903183 474 115 500 173
cat-Bengal 0.0041846754 116 2 259 40
cat-Abyssinian 0.004180427 485 133 500 162
dog-miniature_pinscher 0.0041789664 466 0 500 16
dog-samoyed 0.004103979 0 0 263 189
cat-Bengal 0.004087598 0 0 278 219
dog-saint_bernard 0.004069552 77 1 282 184
dog-leonberger 0.004027322 0 19 286 334
dog-havanese 0.0040023797 116 2 259 40
dog-great_pyrenees 0.003980491 0 2 305 207
cat-Bombay 0.0039586606 274 0 454 36
dog-staffordshire_bull_terrier 0.0039410843 100 1 246 38
dog-samoyed 0.0039351042 93 0 464 162
dog-keeshond 0.00391059 77 1 282 184
cat-Bengal 0.0038213113 413 0 491 20
cat-Bombay 0.0037827413 444 1 498 32
dog-basset_hound 0.003756147 0 2 305 207
cat-Abyssinian 0.003751696 483 85 500 120
dog-chihuahua 0.003710925 483 85 500 120
cat-Egyptian_Mau 0.0036721602 440 239 500 332
dog-english_setter 0.003619229 0 19 286 334
cat-Bombay 0.0036131747 287 0 383 20
cat-Egyptian_Mau 0.0035822028 100 1 246 38
dog-american_pit_bull_terrier 0.0035740277 0 19 286 334
cat-Bengal 0.0035364558 469 69 500 139
cat-Bombay 0.003524172 64 0 148 19
dog-shiba_inu 0.0034613619 77 1 282 184
cat-Egyptian_Mau 0.003444542 106 6 266 63
dog-wheaten_terrier 0.0034343074 100 1 246 38
dog-boxer 0.0033951728 149 188 183 213
dog-leonberger 0.0033458471 116 184 171 235
cat-Egyptian_Mau 0.0033406785 411 100 483 136
dog-leonberger 0.0032841174 148 183 186 214
dog-miniature_pinscher 0.003281404 311 0 447 30
cat-Egyptian_Mau 0.003168653 467 64 497 141
dog-boxer 0.00315646 235 0 398 39
dog-english_cocker_spaniel 0.003150524 0 0 278 219
