dog-great_pyrenees 0.97390217 197 96 307 205
dog-english_setter 0.22288366 197 98 309 205
bella 0.10573386 197 98 309 205
dog-saint_bernard 0.086426124 197 98 309 205
dog-leonberger 0.06101341 198 97 308 203
dog-wheaten_terrier 0.05049421 198 97 308 203
dog-yorkshire_terrier 0.023931375 256 1 500 172
dog-american_bulldog 0.023930395 198 97 308 203
dog-havanese 0.023828782 198 97 308 203
dog-american_pit_bull_terrier 0.022455787 169 15 500 227
cat-Siamese 0.020372497 20 0 174 37
cat-Birman 0.018092042 20 0 174 37
dog-samoyed 0.014558554 198 97 308 203
dog-japanese_chin 0.0144430585 198 97 308 203
cat-Bombay 0.012915785 59 0 218 30
dog-pomeranian 0.012570985 209 150 307 208
cat-Birman 0.010611797 324 3 500 57
cat-Persian 0.010274628 197 98 309 205
dog-shiba_inu 0.010091163 5 0 144 37
cat-Ragdoll 0.009771254 197 98 309 205
dog-keeshond 0.0096331015 201 99 299 165
dog-shiba_inu 0.0095861135 0 0 165 53
cat-Russian_Blue 0.008833667 324 3 500 57
dog-samoyed 0.008518996 201 99 299 165
dog-chihuahua 0.008312535 20 0 174 37
cat-Bombay 0.008239541 36 0 200 37
dog-pug 0.008156425 169 15 500 227
dog-keeshond 0.007978931 20 0 174 37
dog-yorkshire_terrier 0.007535453 326 0 500 147
dog-leonberger 0.007270569 169 15 500 227
dog-chihuahua 0.0070937406 169 15 500 227
cat-Russian_Blue 0.007058145 20 0 174 37
dog-american_bulldog 0.0069366377 5 0 144 37
dog-great_pyrenees 0.0069360402 169 15 500 227
dog-yorkshire_terrier 0.0068316082 295 0 500 134
dog-havanese 0.0066504595 169 15 500 227
dog-leonberger 0.0066093327 20 0 174 37
dog-newfoundland 0.0063912515 0 218 15 256
dog-american_bulldog 0.006302552 4 54 298 233
dog-pug 0.006245893 20 0 174 37
dog-havanese 0.006186191 209 0 500 205
dog-pomeranian 0.0060643475 169 15 500 227
cat-Bengal 0.006036308 296 0 397 21
dog-american_bulldog 0.006012449 169 15 500 227
dog-scottish_terrier 0.0058731316 310 1 500 146
dog-miniature_pinscher 0.0058697495 169 15 500 227
dog-pomeranian 0.0058495975 182 0 500 180
dog-american_pit_bull_terrier 0.0058110408 198 97 308 203
dog-american_pit_bull_terrier 0.005786286 209 0 500 205
dog-shiba_inu 0.0055988273 324 3 500 57
cat-Egyptian_Mau 0.0055498932 5 0 144 37
dog-newfoundland 0.0054961564 415 177 500 280
dog-newfoundland 0.0054928786 455 115 499 199
dog-american_bulldog 0.0054358942 0 1 367 246
dog-leonberger 0.0054216897 79 257 111 303
dog-great_pyrenees 0.005381471 193 53 336 206
cat-Ragdoll 0.0052571506 130 86 308 212
dog-japanese_chin 0.00522565 201 99 299 165
cat-Abyssinian 0.0052196677 20 0 174 37
cat-Bengal 0.0051799905 201 99 299 165
dog-yorkshire_terrier 0.005165626 182 0 500 180
dog-pomeranian 0.0051091635 193 53 336 206
cat-Egyptian_Mau 0.0050951946 324 3 500 57
cat-Bengal 0.005036658 324 3 500 57
dog-leonberger 0.0050317426 201 99 299 165
cat-Russian_Blue 0.004977636 37 0 203 31
dog-scottish_terrier 0.0049088844 201 99 299 165
cat-Birman 0.004892402 54 0 225 38
dog-pug 0.0048865625 54 0 225 38
dog-pomeranian 0.0047497535 5 0 144 37
dog-samoyed 0.0047313636 324 3 500 57
dog-great_pyrenees 0.0046747066 182 0 500 180
dog-saint_bernard 0.0046196473 136 102 307 223
cat-Bombay 0.0046028146 324 3 500 57
cat-Birman 0.004588912 349 0 500 44
dog-pomeranian 0.004564073 201 99 299 165
dog-yorkshire_terrier 0.0045632254 169 15 500 227
cat-Bombay 0.0045438786 29 0 169 28
cat-Bengal 0.004464958 20 0 174 37
dog-japanese_chin 0.0044547594 169 15 500 227
cat-Persian 0.0043910914 201 99 299 165
dog-newfoundland 0.004300033 0 237 32 299
dog-saint_bernard 0.004284952 32 184 122 250
cat-Russian_Blue 0.0042591123 349 0 500 44
dog-scottish_terrier 0.0042060944 324 3 500 57
dog-leonberger 0.0040770127 183 53 500 375
dog-great_pyrenees 0.0040240926 201 99 299 165
dog-samoyed 0.0040142853 182 0 500 180
dog-yorkshire_terrier 0.0039824606 342 20 500 196
dog-keeshond 0.003978062 324 3 500 57
dog-newfoundland 0.0039243815 169 15 500 227
dog-staffordshire_bull_terrier 0.003914883 324 3 500 57
dog-shiba_inu 0.0039051736 201 99 299 165
dog-german_shorthaired 0.0039006579 324 3 500 57
dog-american_bulldog 0.0038968413 201 99 299 165
dog-chihuahua 0.0038942047 54 0 225 38
dog-havanese 0.0038303104 89 23 402 219
cat-Bombay 0.0038189085 74 0 249 38
cat-Birman 0.0038111685 4 0 97 22
dog-shiba_inu 0.0038088593 36 0 200 37
