dog-english_setter 0.86351085 135 40 256 145
dog-great_pyrenees 0.7183654 135 40 256 145
dog-leonberger 0.43624225 136 40 257 146
dog-wheaten_terrier 0.28744397 136 40 257 146
bella 0.08480408 135 39 256 143
dog-great_pyrenees 0.07074644 188 42 254 141
dog-havanese 0.044585854 136 40 257 146
dog-saint_bernard 0.03925652 135 40 257 147
dog-english_setter 0.023536403 188 42 254 141
dog-chihuahua 0.020610075 136 40 257 146
dog-keeshond 0.020222723 136 40 257 146
dog-wheaten_terrier 0.019609595 188 42 254 141
dog-american_pit_bull_terrier 0.0181233 135 39 256 143
dog-american_bulldog 0.016840737 135 39 256 143
cat-Siamese 0.015629945 229 2 292 34
dog-great_pyrenees 0.015279707 140 44 199 144
dog-english_cocker_spaniel 0.014563569 135 40 257 147
cat-Birman 0.013658556 0 414 76 500
bella 0.013322038 188 42 254 141
cat-Persian 0.011750264 135 39 256 143
cat-Siamese 0.01173993 242 0 295 28
dog-samoyed 0.011468093 135 39 256 143
dog-japanese_chin 0.0103723705 135 39 256 143
dog-samoyed 0.0101398025 188 42 254 141
dog-english_setter 0.009835557 140 44 199 144
cat-Maine_Coon 0.008715507 135 31 257 149
dog-newfoundland 0.007982657 135 40 257 147
cat-Bengal 0.007240595 128 29 255 151
bella 0.007102627 140 44 199 144
cat-Siamese 0.006994837 261 0 313 26
bella 0.006891778 315 10 333 100
cat-British_Shorthair 0.00654325 134 33 255 155
cat-Russian_Blue 0.0064358767 275 159 333 302
dog-staffordshire_bull_terrier 0.006282128 202 33 229 55
cat-Egyptian_Mau 0.005937263 135 39 256 143
cat-Birman 0.0057698423 261 0 313 26
dog-shiba_inu 0.005704003 128 29 255 151
dog-keeshond 0.0056081163 0 431 83 500
dog-beagle 0.005605431 19 164 82 196
cat-Siamese 0.005513189 135 5 333 357
dog-basset_hound 0.005307964 128 29 255 151
dog-staffordshire_bull_terrier 0.0052677137 280 255 333 399
cat-Egyptian_Mau 0.0049976534 313 51 333 151
dog-chihuahua 0.0047826204 135 5 333 357
dog-boxer 0.004746641 229 2 292 34
dog-pomeranian 0.004628132 128 29 255 151
dog-basset_hound 0.0046124505 164 2 187 19
dog-great_pyrenees 0.004585916 219 45 254 123
cat-Siamese 0.00450234 102 29 333 473
bella 0.0044100108 136 50 179 137
cat-Abyssinian 0.00438575 128 29 255 151
dog-beagle 0.0042127585 128 29 255 151
dog-basset_hound 0.0041503627 130 3 154 18
dog-yorkshire_terrier 0.00409271 85 0 171 58
dog-beagle 0.0040749284 11 152 89 192
dog-staffordshire_bull_terrier 0.0040345043 295 263 333 398
cat-Russian_Blue 0.004006861 0 428 74 499
dog-basset_hound 0.003923051 121 3 146 18
dog-japanese_chin 0.0039054838 183 39 253 131
cat-Siamese 0.0039013787 232 12 285 48
dog-english_setter 0.0038514119 216 49 254 129
dog-basset_hound 0.003844859 155 2 178 19
dog-beagle 0.0038394243 25 177 77 207
cat-Egyptian_Mau 0.0038394148 312 278 333 386
dog-pug 0.0038364632 128 29 255 151
dog-basset_hound 0.0038227253 138 3 162 18
dog-newfoundland 0.0038192046 67 185 113 355
cat-Abyssinian 0.0038001775 261 0 313 26
dog-leonberger 0.003783133 140 44 199 144
cat-Ragdoll 0.0036854115 183 39 253 131
cat-Russian_Blue 0.0035680076 289 151 333 271
dog-leonberger 0.003461046 270 438 333 498
cat-Egyptian_Mau 0.0034418374 285 0 327 32
dog-basset_hound 0.003436131 147 3 170 19
cat-Persian 0.0033937707 0 431 83 500
cat-Persian 0.0033714254 77 138 110 156
dog-pug 0.0033197685 135 5 333 357
dog-miniature_pinscher 0.0033148115 128 29 255 151
cat-Ragdoll 0.0033089765 193 33 219 55
cat-British_Shorthair 0.0033067332 126 3 150 18
dog-shiba_inu 0.0032722172 46 9 250 183
cat-British_Shorthair 0.0032621396 127 37 253 360
dog-newfoundland 0.0032255582 137 34 249 224
bella 0.0032213635 241 260 261 312
dog-yorkshire_terrier 0.0031975568 322 0 333 22
dog-yorkshire_terrier 0.0031910643 128 29 255 151
dog-english_cocker_spaniel 0.0031905412 164 2 187 19
dog-english_cocker_spaniel 0.0031389063 121 3 146 18
cat-Siamese 0.003116239 214 2 288 44
dog-pomeranian 0.003104631 134 0 333 240
dog-staffordshire_bull_terrier 0.0030878214 128 29 255 151
cat-Abyssinian 0.0030576033 242 0 295 28
dog-basset_hound 0.003045186 111 2 138 18
cat-Bombay 0.0030169268 61 0 157 53
cat-British_Shorthair 0.0030101 134 3 158 18
dog-saint_bernard 0.0030038347 137 46 176 132
dog-english_cocker_spaniel 0.002998885 0 0 235 230
dog-boxer 0.0029890623 242 0 295 28
cat-British_Shorthair 0.0029666966 164 2 187 19
dog-pug 0.0029465954 61 0 157 53
