dog-havanese 0.7784567 113 6 383 257
dog-wheaten_terrier 0.6682637 109 9 393 273
dog-newfoundland 0.3399791 111 4 382 260
dog-english_cocker_spaniel 0.10660511 111 4 382 260
dog-yorkshire_terrier 0.090748645 113 6 383 257
dog-scottish_terrier 0.05340081 111 4 382 260
dog-keeshond 0.04682233 113 6 383 257
cat-Persian 0.036718953 110 5 394 266
dog-wheaten_terrier 0.027875045 0 8 408 297
dog-samoyed 0.020087684 110 5 394 266
cat-British_Shorthair 0.017669076 113 6 383 257
dog-english_cocker_spaniel 0.01269503 0 8 408 297
dog-havanese 0.01234233 0 8 408 297
dog-boxer 0.011029651 0 34 125 180
cat-British_Shorthair 0.010136907 67 298 107 308
cat-Siamese 0.009826023 0 34 125 180
cat-Bengal 0.009811934 111 12 393 280
dog-havanese 0.0093753515 68 21 431 333
dog-leonberger 0.009134562 111 12 393 280
dog-english_setter 0.008822189 111 12 393 280
cat-Bombay 0.008699949 286 0 425 27
cat-Maine_Coon 0.008331641 110 5 394 266
dog-great_pyrenees 0.00769611 110 5 394 266
dog-english_cocker_spaniel 0.007196738 148 30 500 278
dog-miniature_pinscher 0.006570941 104 0 399 260
cat-Abyssinian 0.0064955004 473 97 500 158
dog-newfoundland 0.006476189 0 8 408 297
dog-japanese_chin 0.006472649 104 0 399 260
dog-american_pit_bull_terrier 0.006169302 430 46 500 164
dog-scottish_terrier 0.0057758656 462 211 499 304
cat-Birman 0.0054407995 127 0 304 37
dog-scottish_terrier 0.005218625 0 8 408 297
cat-Bombay 0.0051971334 104 0 399 260
dog-american_pit_bull_terrier 0.0050964924 351 19 500 168
dog-american_pit_bull_terrier 0.005078938 358 0 500 106
dog-german_shorthaired 0.005029292 104 0 399 260
dog-american_pit_bull_terrier 0.0050223954 110 0 377 259
dog-miniature_pinscher 0.0049937502 4 0 128 33
cat-Bengal 0.0049785716 0 8 408 297
cat-British_Shorthair 0.004773949 58 297 94 307
dog-boxer 0.0047539677 0 109 119 172
cat-Egyptian_Mau 0.004689599 0 22 29 85
cat-Bombay 0.0044089346 189 2 302 25
dog-american_bulldog 0.004299643 0 109 119 172
cat-Bombay 0.004297047 200 0 290 20
dog-leonberger 0.0042833225 485 122 500 146
dog-american_pit_bull_terrier 0.0042806407 436 35 500 132
cat-Birman 0.004130189 173 0 346 37
dog-miniature_pinscher 0.0041023986 20 1 163 46
dog-pug 0.0040379893 367 0 499 35
cat-Bombay 0.0039902045 317 0 465 27
cat-Russian_Blue 0.0039514285 320 0 458 31
dog-american_pit_bull_terrier 0.003926123 407 22 500 139
cat-Egyptian_Mau 0.0038604815 473 97 500 158
dog-samoyed 0.0038037696 0 0 403 263
dog-yorkshire_terrier 0.003789124 140 0 500 241
dog-great_pyrenees 0.003726287 0 0 403 263
dog-wheaten_terrier 0.003660288 68 21 431 333
dog-wheaten_terrier 0.0036494753 148 30 500 278
cat-Persian 0.0035914876 68 21 431 333
cat-Persian 0.0035706568 0 8 408 297
dog-staffordshire_bull_terrier 0.0035445811 104 0 399 260
dog-yorkshire_terrier 0.0035169267 358 0 500 106
cat-Maine_Coon 0.003442194 0 8 408 297
cat-Siamese 0.0032829891 106 0 282 37
dog-boxer 0.0032037122 126 72 141 91
dog-english_cocker_spaniel 0.003202937 95 47 406 333
dog-english_cocker_spaniel 0.0031841872 113 230 183 262
bella 0.0031796666 473 79 500 139
cat-Sphynx 0.003140106 0 25 126 183
dog-basset_hound 0.0031191942 104 0 399 260
cat-Abyssinian 0.0031122277 471 116 500 178
cat-Bengal 0.0031108696 21 0 159 33
dog-american_pit_bull_terrier 0.003109134 21 0 159 33
dog-yorkshire_terrier 0.003076405 337 50 426 116
dog-miniature_pinscher 0.0030713067 0 8 408 297
dog-boxer 0.003053189 265 283 375 330
dog-great_pyrenees 0.0030422083 127 0 304 37
dog-shiba_inu 0.003000723 106 0 282 37
cat-Bombay 0.0029537964 30 0 167 27
cat-Egyptian_Mau 0.0028790187 70 210 93 219
cat-British_Shorthair 0.0028729213 0 37 391 276
cat-Russian_Blue 0.0028575829 286 0 425 27
dog-german_shorthaired 0.0028549437 4 0 128 33
cat-Bombay 0.0028416368 383 0 477 19
cat-Bengal 0.0028214266 473 97 500 158
dog-scottish_terrier 0.002794345 123 5 500 303
cat-Birman 0.0027733357 220 0 390 36
dog-havanese 0.0027699315 148 30 500 278
dog-keeshond 0.0027321693 95 47 406 333
cat-Bengal 0.0027227572 0 242 25 286
cat-Bombay 0.0026891704 281 0 386 24
dog-wheaten_terrier 0.002686683 0 0 371 244
dog-staffordshire_bull_terrier 0.002676439 241 104 278 122
dog-basset_hound 0.0026663053 32 263 57 273
dog-english_setter 0.0026544225 0 8 408 297
cat-Bombay 0.0026480097 466 109 499 188
dog-english_cocker_spaniel 0.0025803887 0 0 337 262
dog-chihuahua 0.002575378 367 0 499 35
dog-leonberger 0.002560493 68 21 431 333
