dog-havanese 0.98362976 0 6 268 216
dog-wheaten_terrier 0.34281737 0 6 268 216
dog-newfoundland 0.2653226 0 6 268 216
cat-Persian 0.2318786 0 5 268 213
dog-japanese_chin 0.15784155 0 5 268 213
dog-yorkshire_terrier 0.14147371 0 5 268 213
cat-Egyptian_Mau 0.12665293 0 232 32 356
dog-english_cocker_spaniel 0.08879115 0 5 268 213
cat-Bengal 0.052874357 0 232 31 358
dog-great_pyrenees 0.045042668 0 6 268 216
dog-havanese 0.041209336 0 0 236 202
dog-leonberger 0.035421677 0 5 268 213
dog-keeshond 0.033477712 0 5 268 213
dog-english_setter 0.03041281 0 4 274 214
dog-wheaten_terrier 0.02891443 114 19 267 196
dog-english_cocker_spaniel 0.022326369 114 19 267 196
cat-Bengal 0.02020251 0 0 263 242
cat-British_Shorthair 0.017102608 0 0 263 242
dog-scottish_terrier 0.0151906265 0 5 268 213
dog-havanese 0.015055691 0 0 284 274
dog-wheaten_terrier 0.014929321 183 31 263 182
cat-Maine_Coon 0.014202257 0 7 278 210
dog-havanese 0.0134685105 91 17 267 198
cat-Bengal 0.013464069 0 255 25 357
dog-newfoundland 0.011977152 183 31 263 182
dog-miniature_pinscher 0.011835541 0 0 14 20
cat-Persian 0.0117883645 0 0 236 202
dog-english_cocker_spaniel 0.010149436 0 0 236 202
dog-newfoundland 0.009229479 0 0 236 202
dog-chihuahua 0.009185657 0 5 268 213
dog-miniature_pinscher 0.009139937 0 0 263 242
dog-english_cocker_spaniel 0.008914559 0 0 284 274
dog-samoyed 0.008880818 0 5 268 213
dog-wheaten_terrier 0.008787627 0 0 236 202
cat-Bombay 0.008663195 234 0 291 27
dog-english_cocker_spaniel 0.008603199 183 31 263 182
dog-great_pyrenees 0.008376385 0 0 236 202
cat-Egyptian_Mau 0.008038908 0 0 263 242
dog-wheaten_terrier 0.0073989257 159 309 203 440
cat-Bengal 0.007183806 0 0 236 202
bella 0.0071591004 0 4 274 214
cat-British_Shorthair 0.007012602 0 232 32 356
dog-basset_hound 0.006701971 0 232 31 358
dog-newfoundland 0.0066676964 0 0 284 274
cat-Persian 0.006525299 245 302 273 325
cat-Bombay 0.0061295456 0 0 263 242
cat-Abyssinian 0.0058656307 0 258 29 359
dog-saint_bernard 0.0058586197 0 7 278 210
cat-Russian_Blue 0.0057581468 0 419 75 500
cat-Egyptian_Mau 0.005643177 0 255 25 357
dog-pug 0.0055633443 0 0 263 242
dog-yorkshire_terrier 0.0054702447 66 0 329 226
bella 0.005457807 310 71 329 166
cat-Egyptian_Mau 0.0054306868 0 272 28 378
dog-wheaten_terrier 0.005359271 0 0 284 274
dog-havanese 0.005321402 19 124 171 212
cat-Maine_Coon 0.00518895 0 232 32 356
dog-pomeranian 0.005186865 0 0 263 242
dog-yorkshire_terrier 0.0051442846 0 0 236 202
cat-British_Shorthair 0.005117207 0 0 236 202
cat-Egyptian_Mau 0.005084804 311 96 329 178
dog-english_setter 0.0050512557 0 0 236 202
dog-havanese 0.004992305 0 37 167 223
dog-scottish_terrier 0.004978068 0 0 236 202
dog-staffordshire_bull_terrier 0.004975108 225 459 249 478
dog-keeshond 0.004959543 0 0 236 202
dog-english_setter 0.0048161363 183 31 263 182
dog-staffordshire_bull_terrier 0.0047517032 124 51 146 76
dog-staffordshire_bull_terrier 0.0047133067 124 47 147 69
bella 0.0046781152 311 249 329 343
bella 0.0045592077 0 95 41 207
cat-Egyptian_Mau 0.0045169294 0 410 66 500
dog-basset_hound 0.0044111414 0 7 278 210
cat-Egyptian_Mau 0.0044043157 0 350 22 452
dog-basset_hound 0.0042855456 0 255 25 357
cat-British_Shorthair 0.0042777653 0 419 75 500
dog-havanese 0.0042598625 66 0 329 226
dog-leonberger 0.0042484626 0 0 236 202
dog-japanese_chin 0.004210265 0 0 236 202
cat-Egyptian_Mau 0.0041801217 3 211 42 360
dog-havanese 0.0040988685 209 158 267 346
dog-american_pit_bull_terrier 0.0040702033 317 282 329 338
dog-staffordshire_bull_terrier 0.0040283836 228 466 255 482
dog-newfoundland 0.0040035755 114 19 267 196
dog-shiba_inu 0.0038769154 0 0 263 242
cat-Egyptian_Mau 0.0038572338 0 0 236 202
cat-British_Shorthair 0.0038535346 201 434 222 450
dog-english_setter 0.003846225 0 32 90 209
cat-Russian_Blue 0.0038163173 0 377 149 500
cat-Maine_Coon 0.0038131133 0 0 236 202
cat-Bengal 0.0037439156 0 419 75 500
dog-miniature_pinscher 0.003698452 0 0 236 202
dog-american_pit_bull_terrier 0.003691227 0 0 263 242
cat-Persian 0.0036887238 115 13 267 191
dog-leonberger 0.003674446 0 100 144 224
cat-Egyptian_Mau 0.003666383 0 246 35 394
cat-Maine_Coon 0.0036047744 23 0 329 268
cat-Egyptian_Mau 0.0035949056 309 50 329 152
dog-staffordshire_bull_terrier 0.0035021286 0 0 263 242
cat-Bombay 0.0034930443 246 0 307 29
