dog-wheaten_terrier 0.9307848 147 76 296 221
dog-english_cocker_spaniel 0.5820842 146 73 295 226
dog-havanese 0.20795292 147 76 296 221
dog-scottish_terrier 0.13335946 147 76 293 226
cat-Bengal 0.050427057 147 76 293 226
cat-Persian 0.03563419 149 75 295 221
cat-Persian 0.029416937 345 54 458 105
dog-english_setter 0.026681777 146 73 295 226
dog-keeshond 0.024138318 149 75 295 221
cat-British_Shorthair 0.021567153 147 76 296 221
cat-Maine_Coon 0.019223733 147 76 293 226
dog-newfoundland 0.0186961 146 73 295 226
dog-keeshond 0.013047719 344 56 455 105
dog-miniature_pinscher 0.012136412 147 76 293 226
dog-german_shorthaired 0.010367521 146 71 295 223
dog-samoyed 0.0103038205 147 76 293 226
bella 0.010245971 147 76 293 226
dog-great_pyrenees 0.010124914 149 75 295 221
dog-yorkshire_terrier 0.008892746 146 71 295 223
cat-Bombay 0.008865178 146 71 295 223
cat-Persian 0.008790386 317 27 495 116
dog-havanese 0.008540438 308 31 491 114
dog-yorkshire_terrier 0.008104494 7 0 257 90
dog-english_cocker_spaniel 0.007967858 162 73 369 211
cat-British_Shorthair 0.0073590195 0 73 323 311
dog-pomeranian 0.007130301 122 0 426 127
cat-Bombay 0.006571318 214 0 373 29
dog-boxer 0.006083934 78 11 160 32
dog-yorkshire_terrier 0.0059537636 325 0 500 87
dog-boxer 0.005788012 93 97 145 123
dog-boxer 0.005758698 109 97 164 124
dog-boxer 0.0057179746 94 103 144 133
cat-Egyptian_Mau 0.0055499854 472 236 500 318
dog-wheaten_terrier 0.0053035803 0 73 323 311
dog-american_bulldog 0.0052194395 170 76 500 329
cat-Bombay 0.0052153114 261 0 421 29
dog-pomeranian 0.005191318 7 0 257 90
dog-wheaten_terrier 0.005034735 150 79 286 164
cat-Maine_Coon 0.004982778 344 56 455 105
cat-Bombay 0.0049077733 171 0 322 28
dog-leonberger 0.0047784774 0 79 298 375
dog-yorkshire_terrier 0.0047547733 355 21 500 174
cat-Egyptian_Mau 0.0047165267 0 288 167 374
dog-wheaten_terrier 0.0044334033 162 73 369 211
dog-boxer 0.0044056415 109 103 165 134
cat-Ragdoll 0.0043685394 184 59 250 92
bella 0.0043609347 2 243 33 310
dog-american_pit_bull_terrier 0.004284982 66 0 210 39
dog-american_pit_bull_terrier 0.004251824 325 0 500 87
cat-Birman 0.0041146963 77 0 113 9
cat-Persian 0.0040997285 7 0 257 90
dog-beagle 0.004036172 18 0 149 39
dog-pomeranian 0.0040160418 36 0 327 138
dog-pug 0.003923064 141 0 297 40
dog-american_bulldog 0.0039039128 94 103 144 133
dog-basset_hound 0.0038874666 146 71 295 223
dog-yorkshire_terrier 0.0038663687 0 0 177 83
cat-Bengal 0.0038642832 0 123 30 202
dog-yorkshire_terrier 0.0037356652 0 0 287 124
dog-english_cocker_spaniel 0.003688133 0 29 311 257
cat-Persian 0.0036698806 150 79 286 164
dog-pomeranian 0.0036188597 184 59 250 92
dog-boxer 0.003502726 255 67 319 98
dog-basset_hound 0.0034753396 0 73 323 311
cat-Persian 0.0034291446 361 74 438 101
cat-Bengal 0.0034031477 0 73 323 311
dog-boxer 0.0034012108 249 61 322 85
cat-Sphynx 0.0033927036 249 61 322 85
dog-boxer 0.0033780246 114 11 181 31
dog-yorkshire_terrier 0.0033733437 306 0 500 113
dog-american_bulldog 0.0033730438 93 97 145 123
dog-havanese 0.0033183317 7 0 257 90
dog-english_setter 0.0032944744 0 79 298 375
dog-samoyed 0.0032840518 7 0 257 90
cat-Persian 0.0032575473 85 0 119 9
dog-german_shorthaired 0.0032415895 0 73 323 311
cat-Birman 0.003161337 7 0 257 90
dog-great_pyrenees 0.0031437082 7 0 257 90
dog-staffordshire_bull_terrier 0.0031257086 147 76 293 226
cat-Maine_Coon 0.0031071692 7 0 257 90
bella 0.0030781562 0 259 27 318
dog-japanese_chin 0.00305493 117 0 147 13
dog-samoyed 0.003048658 344 56 455 105
bella 0.0030394804 2 267 29 333
dog-miniature_pinscher 0.0029018964 0 0 177 83
dog-great_pyrenees 0.0028634595 191 0 464 98
dog-great_pyrenees 0.002852427 138 0 167 10
cat-Bombay 0.00282809 312 0 465 28
dog-pomeranian 0.0028161872 191 0 464 98
bella 0.0028132226 2 165 38 237
dog-pomeranian 0.0028110577 284 20 489 110
dog-havanese 0.00278912 355 21 500 174
dog-american_pit_bull_terrier 0.0027623547 0 79 326 375
bella 0.002739128 330 303 370 362
dog-havanese 0.0027106546 319 63 481 119
dog-boxer 0.0026986725 270 60 335 83
dog-newfoundland 0.0026837548 0 57 292 328
cat-Egyptian_Mau 0.0026688068 0 123 30 202
dog-newfoundland 0.0026597548 96 82 344 353
dog-japanese_chin 0.0026519923 99 13 166 35
