dog-havanese 0.77689695 95 35 316 230
dog-wheaten_terrier 0.6284867 93 36 321 228
dog-yorkshire_terrier 0.31422073 93 36 321 228
dog-scottish_terrier 0.23175937 93 36 321 228
dog-keeshond 0.19651276 93 36 321 228
dog-newfoundland 0.16795963 93 36 321 228
dog-samoyed 0.10772429 93 36 321 228
cat-Persian 0.04566526 93 36 321 228
dog-great_pyrenees 0.028898407 93 36 321 228
dog-havanese 0.027731163 20 42 335 290
dog-english_cocker_spaniel 0.027652565 93 36 321 228
dog-leonberger 0.024580117 53 34 324 239
dog-havanese 0.021172684 97 10 375 277
dog-chihuahua 0.018236447 53 34 324 239
dog-shiba_inu 0.017465578 53 34 324 239
dog-american_pit_bull_terrier 0.01735895 53 34 324 239
dog-english_cocker_spaniel 0.017199963 20 42 335 290
dog-wheaten_terrier 0.016651122 86 88 127 120
dog-miniature_pinscher 0.01579576 53 34 324 239
dog-shiba_inu 0.015020673 89 193 155 239
dog-wheaten_terrier 0.014756824 20 42 335 290
cat-Bengal 0.014607767 53 34 324 239
dog-shiba_inu 0.013379549 89 204 148 248
dog-yorkshire_terrier 0.013068379 97 10 375 277
dog-wheaten_terrier 0.012725643 97 10 375 277
dog-newfoundland 0.012397118 20 42 335 290
dog-havanese 0.012041372 121 0 375 219
dog-english_setter 0.0105682 20 42 335 290
dog-scottish_terrier 0.00935562 0 34 298 258
dog-wheaten_terrier 0.009292942 81 89 115 122
dog-wheaten_terrier 0.009208852 121 0 375 219
dog-american_bulldog 0.009031944 53 34 324 239
dog-wheaten_terrier 0.008772866 41 0 342 213
dog-staffordshire_bull_terrier 0.008602586 53 34 324 239
dog-basset_hound 0.0084030265 20 119 54 142
dog-yorkshire_terrier 0.008388342 121 0 375 219
cat-British_Shorthair 0.008350402 20 42 335 290
dog-pomeranian 0.00815849 53 34 324 239
cat-Persian 0.00813543 20 42 335 290
dog-havanese 0.007941431 0 0 311 225
cat-Bombay 0.007886178 53 34 324 239
dog-english_cocker_spaniel 0.007882753 21 118 53 141
dog-japanese_chin 0.0074767517 53 34 324 239
dog-english_cocker_spaniel 0.007193832 0 0 358 356
dog-miniature_pinscher 0.007122686 97 10 375 277
cat-Persian 0.0070702033 345 9 375 124
dog-english_cocker_spaniel 0.0070686503 31 119 61 141
dog-pug 0.0070314705 53 34 324 239
dog-english_setter 0.006918116 93 36 321 228
dog-samoyed 0.0065147206 121 0 375 219
cat-Bengal 0.006368985 0 17 338 316
dog-keeshond 0.006296343 97 10 375 277
cat-Maine_Coon 0.0062488974 53 34 324 239
dog-basset_hound 0.006053157 20 42 335 290
dog-newfoundland 0.0059787203 0 0 358 356
dog-great_pyrenees 0.00594261 121 0 375 219
dog-yorkshire_terrier 0.0057063513 20 42 335 290
dog-yorkshire_terrier 0.0054730987 0 0 287 227
dog-japanese_chin 0.0054101883 343 2 375 108
dog-english_cocker_spaniel 0.0053445105 97 10 375 277
cat-Persian 0.0052469787 97 10 375 277
dog-havanese 0.0050931764 0 0 358 356
dog-scottish_terrier 0.005051289 97 10 375 277
dog-wheaten_terrier 0.0050194897 0 0 358 356
dog-english_cocker_spaniel 0.0049251528 0 0 287 227
dog-leonberger 0.004835478 0 22 346 472
cat-Bengal 0.004817368 0 0 287 227
dog-scottish_terrier 0.004613484 0 17 338 316
cat-Persian 0.004514905 0 0 287 227
dog-newfoundland 0.004390137 0 0 287 227
dog-havanese 0.0043900036 198 137 318 241
dog-newfoundland 0.00436302 40 26 322 482
cat-Siamese 0.00427471 0 303 99 500
dog-scottish_terrier 0.0040840474 0 0 287 227
dog-yorkshire_terrier 0.0040551852 50 0 204 72
dog-newfoundland 0.0040460327 97 10 375 277
dog-miniature_pinscher 0.00401819 0 17 338 316
dog-wheaten_terrier 0.003991533 0 0 287 227
dog-scottish_terrier 0.003981504 121 0 375 219
dog-pomeranian 0.003921782 97 10 375 277
dog-keeshond 0.0038740623 20 42 335 290
cat-Egyptian_Mau 0.0038358166 92 207 147 245
cat-Maine_Coon 0.003793349 97 10 375 277
dog-american_pit_bull_terrier 0.0037748285 97 10 375 277
dog-pomeranian 0.0037658091 121 0 375 219
dog-havanese 0.0037551674 133 149 286 236
dog-havanese 0.00372798 0 0 314 275
dog-american_pit_bull_terrier 0.0037232349 121 0 375 219
dog-german_shorthaired 0.0037048373 53 34 324 239
dog-miniature_pinscher 0.0036109283 121 0 375 219
dog-yorkshire_terrier 0.003573977 44 2 218 97
cat-Bombay 0.0034573737 97 10 375 277
cat-Birman 0.003457198 170 0 232 28
dog-havanese 0.0034259895 167 35 194 48
cat-British_Shorthair 0.0033996722 0 0 287 227
dog-great_pyrenees 0.003397484 97 10 375 277
cat-Ragdoll 0.0033768981 192 0 248 30
dog-samoyed 0.0032567608 97 10 375 277
dog-keeshond 0.0032433572 121 0 375 219
dog-chihuahua 0.0032167074 97 10 375 277
