dog-newfoundland 0.94013464 178 1 313 126
dog-wheaten_terrier 0.15022932 179 1 314 124
dog-havanese 0.11840409 179 1 314 125
dog-english_cocker_spaniel 0.11430922 179 1 314 125
dog-scottish_terrier 0.0788611 182 2 310 130
cat-British_Shorthair 0.037189044 179 1 314 124
dog-miniature_pinscher 0.028221196 182 2 310 130
dog-german_shorthaired 0.025730155 182 2 310 130
dog-staffordshire_bull_terrier 0.024106646 182 2 310 130
dog-yorkshire_terrier 0.021265551 182 2 310 130
dog-yorkshire_terrier 0.020392327 193 2 372 124
dog-keeshond 0.018649643 182 2 310 130
cat-Bombay 0.016462902 182 2 310 130
cat-Bombay 0.016293304 329 0 476 32
dog-miniature_pinscher 0.01598938 193 2 372 124
dog-leonberger 0.015605578 179 1 314 125
dog-scottish_terrier 0.015533086 193 2 372 124
dog-american_pit_bull_terrier 0.013773144 178 0 500 271
cat-Bombay 0.013653612 193 2 372 124
cat-Bombay 0.013332929 347 0 496 48
dog-boxer 0.011967659 185 20 338 234
dog-staffordshire_bull_terrier 0.011460182 193 2 372 124
dog-american_pit_bull_terrier 0.010539578 197 38 500 375
cat-Siamese 0.010493032 347 0 496 48
dog-american_pit_bull_terrier 0.010432536 182 2 310 130
dog-boxer 0.010210298 175 4 307 177
dog-american_bulldog 0.009304556 178 0 500 271
dog-staffordshire_bull_terrier 0.009167475 197 38 500 375
dog-leonberger 0.008988147 197 38 500 375
dog-american_pit_bull_terrier 0.007910262 193 2 372 124
dog-american_bulldog 0.0076036532 197 38 500 375
cat-Siamese 0.0072469455 304 0 478 40
dog-pug 0.006962312 182 2 310 130
dog-american_pit_bull_terrier 0.0069566504 180 0 500 199
dog-basset_hound 0.00686873 170 149 340 245
dog-pug 0.0064973286 193 2 372 124
dog-chihuahua 0.006387943 182 2 310 130
dog-shiba_inu 0.0063593783 193 2 372 124
cat-Russian_Blue 0.0062572234 347 0 496 48
cat-Birman 0.0061369548 355 0 495 41
cat-Bombay 0.0060343374 30 0 199 40
cat-Bengal 0.0059502115 168 0 308 130
cat-Russian_Blue 0.005934317 304 0 478 40
cat-Bengal 0.0057217744 341 0 473 36
dog-staffordshire_bull_terrier 0.0055772644 178 0 500 271
dog-pug 0.005554532 178 0 500 271
dog-english_setter 0.0055399146 182 4 311 132
dog-shiba_inu 0.005520454 140 8 314 131
cat-Egyptian_Mau 0.005501437 465 40 500 122
dog-american_bulldog 0.0054952204 140 8 314 131
dog-miniature_pinscher 0.0053349193 0 0 324 198
dog-keeshond 0.005329199 193 2 372 124
dog-german_shorthaired 0.005315636 193 2 372 124
dog-american_bulldog 0.005057783 180 0 500 199
dog-newfoundland 0.0049698534 178 0 394 132
bella 0.004911426 469 178 497 266
dog-chihuahua 0.004865847 193 2 372 124
dog-pug 0.0048476863 180 0 500 199
cat-Russian_Blue 0.004735508 4 0 145 41
dog-wheaten_terrier 0.0046542706 379 196 500 260
dog-newfoundland 0.004639472 0 0 324 198
cat-Siamese 0.004628202 4 0 145 41
cat-Bombay 0.0046044053 16 0 173 31
dog-basset_hound 0.004504662 182 182 335 244
dog-english_cocker_spaniel 0.0044762543 0 196 33 281
dog-english_cocker_spaniel 0.0044350894 186 44 301 121
dog-miniature_pinscher 0.0044159126 0 0 358 256
dog-german_shorthaired 0.0042576585 0 0 358 256
cat-Bombay 0.004199676 4 0 145 41
cat-Bombay 0.0041946303 278 0 464 40
dog-boxer 0.004182681 178 0 500 271
dog-newfoundland 0.004163499 0 0 358 256
dog-great_pyrenees 0.0041426853 193 2 372 124
dog-american_pit_bull_terrier 0.004083605 0 0 324 198
cat-Bengal 0.0040455596 193 2 372 124
dog-wheaten_terrier 0.0040377863 0 0 324 198
dog-newfoundland 0.004028567 99 0 309 108
dog-havanese 0.0040217405 197 38 500 375
dog-english_cocker_spaniel 0.003953287 0 0 324 198
bella 0.0038983966 468 76 497 168
dog-shiba_inu 0.003810754 280 0 499 50
dog-boxer 0.003805277 197 38 500 375
cat-Persian 0.0037821252 168 0 308 130
dog-leonberger 0.0037278116 176 0 500 353
dog-pug 0.003652582 197 38 500 375
dog-havanese 0.0036436873 192 0 393 102
dog-staffordshire_bull_terrier 0.003568111 180 0 500 199
cat-Russian_Blue 0.0035606713 30 0 199 40
cat-Siamese 0.0035568986 264 1 486 49
dog-english_setter 0.0035508585 197 38 500 375
dog-staffordshire_bull_terrier 0.0035245672 181 24 265 115
bella 0.0035031654 1 167 32 243
dog-newfoundland 0.0033684676 118 3 378 305
dog-newfoundland 0.0033610477 135 18 312 151
dog-american_pit_bull_terrier 0.0033572852 0 0 358 256
dog-newfoundland 0.0033458346 102 204 240 254
bella 0.0033351316 197 38 500 375
dog-german_shorthaired 0.003322049 0 0 324 198
dog-miniature_pinscher 0.0032984258 180 0 500 199
dog-newfoundland 0.003288225 176 5 496 326
