dog-havanese 0.8798581 162 28 352 196
dog-wheaten_terrier 0.20939617 161 27 352 197
dog-great_pyrenees 0.039114665 161 26 343 195
dog-newfoundland 0.036142584 161 26 343 195
cat-Persian 0.033795264 158 40 338 192
dog-japanese_chin 0.024062805 161 26 343 195
cat-Birman 0.02138789 287 16 389 49
dog-english_cocker_spaniel 0.019887475 160 21 437 200
dog-basset_hound 0.0181802 162 14 500 231
dog-english_setter 0.01675687 162 14 500 231
dog-shiba_inu 0.01609227 0 0 148 52
dog-english_setter 0.014973283 160 21 437 200
dog-keeshond 0.014860229 158 40 338 192
dog-leonberger 0.01469958 183 138 314 187
dog-keeshond 0.013341991 160 21 437 200
dog-wheaten_terrier 0.012895702 162 14 500 231
dog-english_cocker_spaniel 0.012707415 162 14 500 231
cat-Persian 0.012145643 160 21 437 200
dog-yorkshire_terrier 0.012081891 161 26 343 195
dog-american_bulldog 0.012010779 3 146 70 236
dog-pomeranian 0.011996081 204 147 319 186
dog-english_cocker_spaniel 0.011918323 158 40 338 192
dog-miniature_pinscher 0.010655879 160 21 437 200
dog-saint_bernard 0.0105903605 147 24 457 219
dog-keeshond 0.010369444 183 138 314 187
dog-havanese 0.010265792 162 14 500 231
dog-japanese_chin 0.010038792 192 141 317 187
dog-beagle 0.009874926 162 14 500 231
cat-Birman 0.009818437 312 14 399 44
cat-Egyptian_Mau 0.009278632 467 253 500 340
bella 0.0091933375 1 131 28 205
bella 0.009085892 1 201 27 278
dog-japanese_chin 0.008996058 162 14 500 231
bella 0.008570307 0 67 32 130
cat-Egyptian_Mau 0.007935628 0 189 29 267
dog-scottish_terrier 0.00793335 160 21 437 200
cat-British_Shorthair 0.007922106 158 40 338 192
cat-Egyptian_Mau 0.007902669 324 23 374 47
cat-Egyptian_Mau 0.0076916385 2 222 114 375
cat-Bombay 0.007612412 47 0 189 32
dog-japanese_chin 0.0070013683 0 1 431 233
cat-Persian 0.006907631 162 14 500 231
cat-Egyptian_Mau 0.006740582 413 230 500 373
dog-havanese 0.0067241 157 80 332 193
cat-Egyptian_Mau 0.0066207033 470 148 500 234
cat-Bengal 0.006573852 160 21 437 200
cat-British_Shorthair 0.0063658236 0 1 431 233
dog-great_pyrenees 0.0063058618 162 14 500 231
cat-Egyptian_Mau 0.006173411 162 14 500 231
cat-Egyptian_Mau 0.0061471425 0 233 30 310
dog-miniature_pinscher 0.005986076 162 14 500 231
cat-Maine_Coon 0.0059180553 160 21 437 200
cat-Bengal 0.0058778245 0 1 431 233
cat-Birman 0.0058168345 204 147 319 186
dog-newfoundland 0.005753909 162 25 444 215
dog-havanese 0.005652651 176 0 500 189
dog-leonberger 0.005590853 162 28 352 196
cat-Persian 0.005579219 183 138 314 187
dog-shiba_inu 0.0055615245 204 147 319 186
dog-pomeranian 0.005523775 437 49 500 177
bella 0.0055152415 469 118 499 199
cat-Abyssinian 0.0054794536 144 17 500 356
bella 0.0054632965 0 178 26 251
cat-Persian 0.0052321563 0 0 369 176
cat-Egyptian_Mau 0.005134045 0 64 28 123
cat-Egyptian_Mau 0.0050533484 0 212 26 281
dog-samoyed 0.005050182 158 40 338 192
dog-beagle 0.004953306 300 22 374 44
cat-Bengal 0.0048913877 162 14 500 231
cat-Maine_Coon 0.0047430564 162 14 500 231
cat-British_Shorthair 0.004737994 162 14 500 231
dog-american_bulldog 0.0047281855 5 114 72 200
dog-staffordshire_bull_terrier 0.004546135 245 60 281 80
cat-Ragdoll 0.0045139175 162 14 500 231
cat-Egyptian_Mau 0.0045130732 340 25 386 47
dog-yorkshire_terrier 0.0044881906 111 0 264 42
cat-Bengal 0.0044447975 183 138 314 187
cat-Abyssinian 0.004396467 168 50 500 375
cat-Egyptian_Mau 0.004384688 0 78 31 151
cat-Persian 0.0043639066 0 1 431 233
cat-Ragdoll 0.0043412154 467 234 500 323
cat-Bombay 0.004324534 160 21 437 200
dog-basset_hound 0.0042564417 146 23 444 201
cat-British_Shorthair 0.0042220764 0 0 369 176
dog-samoyed 0.004207067 160 21 437 200
dog-american_bulldog 0.004198817 437 49 500 177
dog-american_pit_bull_terrier 0.0041869134 433 31 500 155
cat-Bombay 0.0041288687 0 0 369 176
cat-Abyssinian 0.004106728 162 14 500 231
cat-Egyptian_Mau 0.004091663 472 137 500 211
dog-american_bulldog 0.0040643294 162 14 500 231
bella 0.0040598465 0 146 26 214
bella 0.0040216665 162 14 500 231
dog-yorkshire_terrier 0.0039763 18 0 277 106
bella 0.0039612018 1 223 29 298
cat-British_Shorthair 0.003928992 160 21 437 200
dog-great_pyrenees 0.0037906542 167 26 447 185
dog-havanese 0.0037771517 0 0 369 176
cat-Bombay 0.0037614126 162 14 500 231
dog-leonberger 0.00374135 162 14 500 231
