cat-British_Shorthair 0.3399063 102 86 450 307
dog-scottish_terrier 0.1945467 101 86 430 291
dog-newfoundland 0.17999104 102 86 450 307
dog-german_shorthaired 0.11970215 102 86 450 307
cat-Bombay 0.119184844 102 86 450 307
dog-keeshond 0.091431424 101 86 430 291
cat-Russian_Blue 0.082601145 100 86 444 311
dog-newfoundland 0.080472596 132 85 252 233
dog-newfoundland 0.07648173 153 91 247 189
dog-english_cocker_spaniel 0.07124136 98 86 410 281
dog-staffordshire_bull_terrier 0.07077174 98 86 410 281
cat-British_Shorthair 0.05661575 63 72 465 375
dog-wheaten_terrier 0.05379149 98 86 410 281
dog-staffordshire_bull_terrier 0.036282677 63 72 465 375
dog-boxer 0.029318433 102 86 450 307
dog-staffordshire_bull_terrier 0.021524042 215 31 251 44
cat-Bengal 0.020249194 101 86 430 291
dog-basset_hound 0.019708354 109 93 450 305
dog-pug 0.01863869 102 86 450 307
dog-newfoundland 0.016717348 0 56 456 329
dog-shiba_inu 0.015065444 101 86 430 291
cat-Siamese 0.01505668 100 86 444 311
cat-Bengal 0.014090615 0 56 456 329
dog-wheaten_terrier 0.014005287 149 90 242 195
dog-scottish_terrier 0.0140050035 109 88 331 266
cat-Persian 0.0134765785 101 86 430 291
cat-Russian_Blue 0.013416724 63 72 465 375
dog-newfoundland 0.01323816 109 88 331 266
dog-miniature_pinscher 0.013070626 98 86 410 281
cat-British_Shorthair 0.012954792 0 56 456 329
dog-leonberger 0.0127350055 100 86 444 311
dog-yorkshire_terrier 0.012688596 121 71 492 309
dog-boxer 0.012578527 63 72 465 375
cat-British_Shorthair 0.012452656 135 109 498 357
dog-scottish_terrier 0.012395593 125 86 253 236
cat-Birman 0.012069876 100 86 444 311
cat-British_Shorthair 0.011905476 138 87 251 226
dog-english_cocker_spaniel 0.011294899 109 87 309 270
cat-British_Shorthair 0.010653567 119 88 420 240
dog-samoyed 0.010439992 0 7 97 138
dog-english_cocker_spaniel 0.010197992 0 56 456 329
dog-german_shorthaired 0.009859228 0 56 456 329
dog-staffordshire_bull_terrier 0.009810406 179 41 208 52
dog-pomeranian 0.009712773 62 0 397 115
dog-staffordshire_bull_terrier 0.009518861 202 30 238 46
dog-scottish_terrier 0.009442344 91 50 500 331
dog-pug 0.00936257 63 72 465 375
dog-havanese 0.009348088 153 91 247 189
cat-Bombay 0.009122244 138 87 251 226
dog-staffordshire_bull_terrier 0.008864419 229 31 258 43
dog-american_pit_bull_terrier 0.008623729 109 93 450 305
dog-staffordshire_bull_terrier 0.008393417 169 41 193 52
dog-havanese 0.0083781 45 0 471 321
cat-Bombay 0.008351655 119 88 420 240
dog-american_pit_bull_terrier 0.008351022 63 72 465 375
cat-British_Shorthair 0.008278418 153 91 247 189
dog-keeshond 0.008278285 135 109 498 357
dog-wheaten_terrier 0.008230374 0 56 456 329
dog-american_bulldog 0.00812678 109 93 450 305
cat-Persian 0.008011228 339 152 389 172
dog-german_shorthaired 0.0077155246 63 72 465 375
dog-english_cocker_spaniel 0.0075902576 132 85 252 233
dog-yorkshire_terrier 0.007482518 291 2 500 89
dog-havanese 0.007410183 97 91 452 333
cat-Bombay 0.0072412156 0 56 456 329
dog-keeshond 0.0071770516 63 72 465 375
dog-pomeranian 0.0070776413 0 0 297 104
dog-yorkshire_terrier 0.007001836 6 0 267 84
cat-Ragdoll 0.006944584 63 72 465 375
cat-Bombay 0.0069188373 135 109 498 357
cat-Birman 0.0068351715 63 72 465 375
dog-american_bulldog 0.0068022655 63 72 465 375
dog-yorkshire_terrier 0.006659969 335 2 500 60
dog-boxer 0.006548664 279 95 364 162
dog-newfoundland 0.006503823 135 109 498 357
dog-yorkshire_terrier 0.006348895 332 0 500 93
dog-staffordshire_bull_terrier 0.0062272265 0 56 456 329
dog-staffordshire_bull_terrier 0.0062272097 168 36 194 49
dog-english_cocker_spaniel 0.006194367 153 91 247 189
dog-german_shorthaired 0.0061905077 119 88 420 240
dog-german_shorthaired 0.0060818936 107 81 292 257
dog-staffordshire_bull_terrier 0.006070613 208 26 245 43
dog-newfoundland 0.006018727 148 89 240 154
dog-american_bulldog 0.005957442 148 89 240 154
cat-Egyptian_Mau 0.0059104306 100 86 444 311
dog-german_shorthaired 0.0058253203 182 94 435 192
dog-english_cocker_spaniel 0.0057943184 94 86 448 375
dog-basset_hound 0.005767029 63 72 465 375
dog-leonberger 0.005740476 63 72 465 375
bella 0.0055607283 63 72 465 375
dog-pomeranian 0.0055500646 143 0 484 126
bella 0.005525857 3 250 33 338
dog-staffordshire_bull_terrier 0.0055214954 174 36 202 50
dog-boxer 0.005456378 0 56 456 329
cat-Persian 0.0053256187 86 137 500 375
cat-Siamese 0.005316644 186 40 213 53
cat-Persian 0.005243237 91 50 500 331
cat-Bombay 0.005184538 63 72 465 375
dog-basset_hound 0.0049993233 0 56 456 329
dog-leonberger 0.004968133 148 89 240 154
