dog-havanese 0.90148956 101 120 308 296
dog-yorkshire_terrier 0.13483502 101 120 308 296
dog-wheaten_terrier 0.11432859 100 120 311 298
cat-Persian 0.086714014 101 120 308 296
dog-english_cocker_spaniel 0.0366966 96 121 308 301
dog-japanese_chin 0.031358927 101 120 308 296
dog-great_pyrenees 0.026720488 101 120 308 296
dog-newfoundland 0.021576509 101 120 308 296
dog-keeshond 0.018950997 101 120 308 296
dog-yorkshire_terrier 0.01759471 83 45 357 314
dog-samoyed 0.015948245 101 120 308 296
dog-yorkshire_terrier 0.013886627 203 0 357 101
dog-havanese 0.013155232 80 79 346 310
dog-scottish_terrier 0.012553381 96 121 308 301
dog-american_pit_bull_terrier 0.011374335 0 108 52 307
cat-Birman 0.011149522 36 438 139 498
cat-Russian_Blue 0.0109772105 108 0 218 38
cat-Bombay 0.010556653 85 0 195 38
dog-american_pit_bull_terrier 0.010317256 3 177 46 326
dog-miniature_pinscher 0.0101553975 4 143 47 317
dog-american_pit_bull_terrier 0.009730409 1 239 51 359
cat-Bombay 0.009698025 116 0 227 37
dog-english_cocker_spaniel 0.009351475 79 101 357 353
dog-leonberger 0.009191909 101 120 308 296
cat-Maine_Coon 0.0091140065 203 0 357 101
cat-Bombay 0.0076291915 59 0 168 36
dog-havanese 0.007500622 154 151 305 286
dog-havanese 0.0072507174 207 131 303 281
dog-pomeranian 0.0068386234 137 0 357 163
dog-newfoundland 0.006532992 79 101 357 353
dog-japanese_chin 0.006486306 134 79 156 92
cat-Egyptian_Mau 0.0061923093 334 333 355 445
cat-Russian_Blue 0.006103669 134 0 249 35
cat-Bengal 0.0058870544 0 11 331 312
dog-pomeranian 0.0058762697 79 0 320 194
cat-Bombay 0.005698937 96 0 212 51
cat-Bombay 0.0056401086 144 0 259 35
cat-Persian 0.0056327484 79 101 357 353
cat-Bombay 0.0054785446 205 0 322 36
dog-english_cocker_spaniel 0.005433327 39 115 59 129
dog-wheaten_terrier 0.0053012134 207 131 303 281
cat-Bombay 0.005299011 12 0 114 51
dog-samoyed 0.005166356 79 0 320 194
dog-english_cocker_spaniel 0.0050860005 44 116 66 128
dog-havanese 0.005067979 0 0 335 343
dog-yorkshire_terrier 0.0050666016 0 11 331 312
cat-Bombay 0.005049272 27 0 125 35
cat-Persian 0.0049790703 79 0 320 194
dog-yorkshire_terrier 0.004969179 31 112 331 348
dog-pomeranian 0.0048951097 230 0 357 112
dog-yorkshire_terrier 0.0048887427 302 15 357 123
dog-samoyed 0.004877838 83 45 357 314
cat-Persian 0.00480016 174 370 203 401
cat-Persian 0.0047761584 105 395 284 500
dog-english_cocker_spaniel 0.00473507 0 0 335 343
cat-Bengal 0.004720468 0 175 23 289
dog-havanese 0.004664337 194 335 218 355
cat-Egyptian_Mau 0.0046537444 0 0 51 31
dog-great_pyrenees 0.00455932 83 45 357 314
cat-Bombay 0.0045350506 42 0 155 51
cat-Egyptian_Mau 0.0044814693 337 345 357 435
cat-Maine_Coon 0.0044076624 83 45 357 314
cat-Persian 0.0043717846 41 58 323 309
dog-american_pit_bull_terrier 0.004353595 79 101 357 353
dog-pug 0.0042157522 31 112 331 348
cat-Russian_Blue 0.0041412218 205 0 322 36
cat-Egyptian_Mau 0.0041176532 334 353 357 460
dog-miniature_pinscher 0.004069185 96 121 308 301
cat-British_Shorthair 0.0040395027 79 101 357 353
cat-Egyptian_Mau 0.0039975015 335 125 357 241
cat-Russian_Blue 0.0039430466 32 0 136 35
dog-yorkshire_terrier 0.0039291037 272 0 357 81
dog-samoyed 0.003907018 230 0 357 112
cat-Persian 0.0037897346 207 131 303 281
dog-english_setter 0.003787195 0 82 55 283
dog-newfoundland 0.0037353365 0 0 335 343
dog-great_pyrenees 0.0036877072 230 0 357 112
dog-scottish_terrier 0.0036866285 0 11 331 312
dog-yorkshire_terrier 0.0036520788 25 0 263 191
cat-Bombay 0.0036293147 79 101 357 353
dog-miniature_pinscher 0.0036198138 79 101 357 353
dog-american_bulldog 0.003577077 0 62 356 426
cat-Bombay 0.0035308527 0 11 331 312
dog-yorkshire_terrier 0.0035218734 5 0 194 133
dog-basset_hound 0.0034752204 0 31 22 149
cat-Bombay 0.0034553471 128 0 253 52
dog-keeshond 0.0034455033 79 101 357 353
dog-english_cocker_spaniel 0.003395568 0 356 24 381
cat-Egyptian_Mau 0.0033920151 0 164 23 276
dog-american_pit_bull_terrier 0.003374153 0 263 54 402
dog-american_pit_bull_terrier 0.0033701598 0 59 58 259
dog-havanese 0.0032801258 79 0 320 194
cat-Persian 0.0032550257 0 0 335 343
dog-english_cocker_spaniel 0.0032480597 0 31 22 149
cat-Bengal 0.003231337 0 62 356 426
dog-wheaten_terrier 0.0032172184 79 101 357 353
cat-Egyptian_Mau 0.0032144089 0 0 23 102
cat-Russian_Blue 0.0032075455 161 0 280 34
dog-staffordshire_bull_terrier 0.0031871612 79 101 357 353
dog-pomeranian 0.0031777162 201 0 357 143
