dog-wheaten_terrier 0.62434196 119 30 326 249
dog-english_cocker_spaniel 0.5408154 117 27 326 245
dog-havanese 0.38085428 119 30 326 249
dog-newfoundland 0.3641256 117 27 326 245
dog-scottish_terrier 0.1409692 119 28 327 247
dog-newfoundland 0.055331286 115 33 306 154
cat-British_Shorthair 0.046853345 117 27 326 245
dog-yorkshire_terrier 0.038777277 120 30 330 256
cat-Persian 0.030000603 120 30 330 256
dog-keeshond 0.029663976 120 30 330 256
cat-Bombay 0.02369258 119 29 327 241
dog-wheaten_terrier 0.021577852 117 25 413 341
dog-staffordshire_bull_terrier 0.018614322 40 34 72 51
cat-Bengal 0.016411668 117 25 413 341
dog-havanese 0.015456564 115 33 306 154
dog-english_cocker_spaniel 0.014206324 109 22 457 292
dog-german_shorthaired 0.013967014 119 29 327 241
dog-english_cocker_spaniel 0.013852648 115 33 306 154
dog-english_setter 0.012620807 117 27 382 305
cat-Bengal 0.010066002 120 30 330 256
dog-wheaten_terrier 0.009181254 115 33 306 154
dog-basset_hound 0.008540628 117 27 382 305
cat-Bombay 0.008414999 325 1 500 58
dog-wheaten_terrier 0.008196201 0 11 332 253
cat-British_Shorthair 0.007909791 117 25 413 341
dog-basset_hound 0.007463607 142 38 500 334
dog-staffordshire_bull_terrier 0.0068346276 46 38 78 54
cat-Bengal 0.0067744846 321 8 500 109
dog-yorkshire_terrier 0.0066597355 115 33 306 154
dog-samoyed 0.0066199536 120 30 330 256
dog-scottish_terrier 0.0064907386 115 33 306 154
dog-havanese 0.0063214325 109 22 457 292
dog-american_pit_bull_terrier 0.00630952 119 29 327 241
dog-leonberger 0.0062465556 117 27 382 305
dog-german_shorthaired 0.0061721327 102 197 195 255
dog-wheaten_terrier 0.0061293077 0 2 339 350
cat-Maine_Coon 0.006057083 117 27 382 305
cat-Persian 0.005959865 115 33 306 154
dog-leonberger 0.005780868 67 44 444 375
cat-Persian 0.005591966 67 44 444 375
dog-pug 0.005532349 115 33 306 154
cat-British_Shorthair 0.0054427017 0 11 332 253
dog-english_setter 0.0053730444 119 29 327 241
dog-staffordshire_bull_terrier 0.0053658755 372 250 405 267
cat-Egyptian_Mau 0.0053241057 468 46 500 131
dog-staffordshire_bull_terrier 0.0052871364 120 30 330 256
dog-keeshond 0.005228901 117 25 413 341
dog-staffordshire_bull_terrier 0.005098113 234 44 266 61
dog-english_cocker_spaniel 0.005075542 119 14 500 355
dog-boxer 0.0049981326 38 263 117 284
dog-staffordshire_bull_terrier 0.0048911767 53 35 85 49
cat-Egyptian_Mau 0.0048170597 112 32 500 375
dog-newfoundland 0.004709555 0 29 40 100
dog-newfoundland 0.0047076014 117 25 413 341
dog-wheaten_terrier 0.0046121436 67 44 444 375
cat-Persian 0.0045915246 117 25 413 341
dog-english_cocker_spaniel 0.0045848126 0 11 332 253
cat-Bengal 0.004565758 0 11 332 253
dog-miniature_pinscher 0.004527426 115 27 329 244
dog-japanese_chin 0.004516095 117 27 382 305
bella 0.0044606975 475 242 500 309
cat-Bengal 0.0042705755 112 32 500 375
dog-leonberger 0.0041075586 471 168 500 225
dog-japanese_chin 0.004052948 115 33 306 154
dog-staffordshire_bull_terrier 0.0039766813 240 48 275 66
cat-Siamese 0.003941187 175 0 204 8
cat-Maine_Coon 0.003903523 0 11 332 253
dog-havanese 0.0038382316 67 44 444 375
dog-great_pyrenees 0.0037946973 117 27 382 305
cat-Persian 0.003734742 0 11 332 253
dog-basset_hound 0.0036938863 100 195 191 256
cat-Egyptian_Mau 0.003682326 474 262 500 330
dog-leonberger 0.003657163 0 280 15 308
dog-havanese 0.0036369471 0 11 332 253
dog-havanese 0.0036281971 362 284 411 298
dog-staffordshire_bull_terrier 0.0035622027 361 249 392 267
dog-english_setter 0.0035456086 67 44 444 375
dog-keeshond 0.0035370188 115 33 306 154
dog-yorkshire_terrier 0.0034875732 0 0 179 95
dog-scottish_terrier 0.00347892 0 11 332 253
dog-staffordshire_bull_terrier 0.003404178 383 251 418 266
cat-Bombay 0.0033849988 163 0 193 8
cat-Egyptian_Mau 0.0033170527 475 242 500 309
dog-wheaten_terrier 0.0033041255 130 2 500 280
dog-scottish_terrier 0.0032683376 109 22 457 292
cat-Bombay 0.003264559 347 174 500 375
dog-staffordshire_bull_terrier 0.0032379355 367 254 399 269
cat-Abyssinian 0.00323189 346 209 500 375
dog-english_setter 0.003185624 119 14 500 355
dog-staffordshire_bull_terrier 0.0031818377 28 33 59 52
cat-Bengal 0.0031547274 0 2 339 350
dog-english_setter 0.0031469425 471 177 500 237
cat-Ragdoll 0.0031190936 67 44 444 375
dog-newfoundland 0.003055659 0 11 332 253
dog-leonberger 0.0030524677 0 286 16 315
dog-leonberger 0.002986122 115 33 306 154
dog-newfoundland 0.0029761686 0 45 36 116
cat-Bombay 0.0029629047 0 11 332 253
dog-english_cocker_spaniel 0.0029617976 0 0 296 300
cat-Bombay 0.0029585157 432 1 497 33
