dog-wheaten_terrier 0.7639147 41 108 252 277
dog-english_cocker_spaniel 0.37898067 41 108 252 277
dog-havanese 0.34007263 41 108 252 277
dog-newfoundland 0.073382616 41 113 254 279
cat-Bengal 0.055673476 41 108 252 277
cat-British_Shorthair 0.043850686 41 108 252 277
dog-english_setter 0.038790334 41 113 254 279
dog-scottish_terrier 0.03691556 41 108 252 277
dog-great_pyrenees 0.029212255 39 104 254 281
dog-leonberger 0.023923546 40 107 255 278
dog-samoyed 0.01731182 40 111 254 282
dog-havanese 0.017262844 0 36 248 290
cat-Maine_Coon 0.016922034 41 108 252 277
dog-keeshond 0.016819796 40 111 254 282
cat-Bombay 0.01679411 221 1 342 79
cat-Bengal 0.013060927 0 36 248 290
dog-yorkshire_terrier 0.012003137 221 1 342 79
dog-basset_hound 0.011703284 28 115 278 319
bella 0.011466218 41 108 252 277
cat-British_Shorthair 0.011162019 0 36 248 290
cat-Persian 0.011159278 41 108 252 277
dog-english_cocker_spaniel 0.010130862 0 36 248 290
cat-Persian 0.009716291 0 36 248 290
dog-havanese 0.009477813 31 73 304 321
cat-British_Shorthair 0.009146638 0 105 258 357
cat-Bombay 0.008721626 0 36 248 290
dog-yorkshire_terrier 0.007975448 187 0 342 101
dog-english_cocker_spaniel 0.0079032155 121 112 250 248
dog-miniature_pinscher 0.0072225877 38 96 263 281
cat-Birman 0.0072014173 259 0 342 74
cat-Bengal 0.00709982 0 105 258 357
dog-wheaten_terrier 0.007046432 171 120 251 255
dog-havanese 0.006725629 0 105 258 357
dog-yorkshire_terrier 0.00634125 0 36 248 290
dog-american_pit_bull_terrier 0.0063387444 210 0 342 117
dog-wheaten_terrier 0.0062022647 0 36 248 290
cat-Bombay 0.0060245204 3 0 124 59
dog-scottish_terrier 0.0058587384 0 36 248 290
dog-yorkshire_terrier 0.0058587026 41 108 252 277
dog-newfoundland 0.005776562 0 36 248 290
dog-newfoundland 0.005759725 171 120 251 255
dog-english_cocker_spaniel 0.005715823 23 101 315 351
cat-Persian 0.005467496 265 0 342 73
cat-Egyptian_Mau 0.005374291 41 108 252 277
dog-miniature_pinscher 0.005302614 182 1 342 166
dog-miniature_pinscher 0.0052622724 0 36 248 290
cat-Bombay 0.005190816 38 96 263 281
dog-chihuahua 0.0051206797 221 1 342 79
dog-yorkshire_terrier 0.0051183454 259 0 342 74
cat-Egyptian_Mau 0.0049792994 0 269 19 365
cat-Maine_Coon 0.004710719 0 36 248 290
dog-staffordshire_bull_terrier 0.004706726 39 104 254 281
dog-wheaten_terrier 0.004647253 43 114 171 264
dog-chihuahua 0.0046454603 175 1 342 97
cat-Birman 0.004620838 221 1 342 79
dog-miniature_pinscher 0.0044775764 210 0 342 117
cat-Egyptian_Mau 0.004357915 0 232 19 329
dog-leonberger 0.004344607 0 105 258 357
dog-yorkshire_terrier 0.004343615 210 0 342 117
bella 0.0042723157 325 109 342 204
dog-american_pit_bull_terrier 0.004266121 182 1 342 166
dog-wheaten_terrier 0.0042332113 0 105 258 357
dog-wheaten_terrier 0.004191379 31 73 304 321
cat-Egyptian_Mau 0.004071143 0 145 17 217
cat-British_Shorthair 0.003980481 254 329 277 341
dog-chihuahua 0.0039727697 0 0 105 58
dog-staffordshire_bull_terrier 0.0038866836 143 126 165 150
bella 0.0038036103 325 84 342 179
bella 0.0037250642 325 136 342 229
cat-Birman 0.0036854604 273 0 342 60
cat-Egyptian_Mau 0.003669117 0 36 248 290
cat-Persian 0.0036663099 0 105 258 357
cat-Siamese 0.003660775 332 5 342 42
cat-Bombay 0.0036202183 8 1 105 37
dog-japanese_chin 0.0036143798 0 105 258 357
dog-english_cocker_spaniel 0.003603697 171 120 251 255
dog-staffordshire_bull_terrier 0.0035879365 333 29 342 69
cat-Abyssinian 0.0035875614 0 36 248 290
dog-miniature_pinscher 0.0035693098 175 1 342 97
cat-Persian 0.0035559542 272 2 342 49
dog-chihuahua 0.0035536622 39 104 254 281
cat-Egyptian_Mau 0.0035341296 171 327 203 355
dog-yorkshire_terrier 0.003339582 0 0 130 126
bella 0.0033309956 324 298 342 390
cat-Siamese 0.0033090694 0 0 105 58
bella 0.0032919105 325 223 342 316
dog-yorkshire_terrier 0.0032487554 37 33 342 323
cat-Abyssinian 0.0032265258 0 105 258 357
cat-Egyptian_Mau 0.0032082926 0 305 16 385
cat-Egyptian_Mau 0.003184802 0 105 258 357
cat-Egyptian_Mau 0.0031455993 0 172 17 246
dog-samoyed 0.0031336874 16 0 236 210
dog-staffordshire_bull_terrier 0.0031106065 333 16 342 55
dog-boxer 0.0031082092 332 5 342 42
dog-samoyed 0.003056789 325 84 342 179
dog-great_pyrenees 0.0030146816 84 0 342 286
cat-Bombay 0.003006603 165 1 256 37
cat-Egyptian_Mau 0.0029885392 0 47 19 153
bella 0.0029866828 0 36 248 290
dog-english_setter 0.0029864018 0 105 258 357
