dog-english_setter 0.40498686 121 123 185 189
bella 0.4006836 122 124 185 188
dog-great_pyrenees 0.18068789 121 123 185 189
dog-american_bulldog 0.15389289 307 137 383 217
dog-beagle 0.14128219 122 123 184 190
dog-english_setter 0.12927578 307 137 383 217
dog-beagle 0.101901844 307 137 383 217
dog-great_pyrenees 0.08949903 307 137 383 217
dog-american_bulldog 0.074826114 122 121 185 189
bella 0.07322942 307 137 383 217
dog-saint_bernard 0.07241138 307 137 383 217
dog-american_pit_bull_terrier 0.03404948 307 137 383 217
dog-american_pit_bull_terrier 0.029422874 122 121 185 189
dog-saint_bernard 0.028809445 121 123 185 189
bella 0.02613596 121 142 164 183
cat-Egyptian_Mau 0.025417078 122 121 185 189
dog-staffordshire_bull_terrier 0.0252238 122 123 184 190
dog-basset_hound 0.017710084 122 123 184 190
cat-Ragdoll 0.014350857 122 121 185 189
cat-Egyptian_Mau 0.013058371 423 0 480 19
dog-miniature_pinscher 0.0128648495 412 16 480 140
dog-shiba_inu 0.011106207 122 123 184 190
cat-Abyssinian 0.010568769 423 0 480 19
cat-Maine_Coon 0.010294717 122 121 185 189
cat-British_Shorthair 0.009869372 122 121 185 189
dog-english_cocker_spaniel 0.009848457 122 123 184 190
dog-scottish_terrier 0.009418442 408 0 480 138
dog-yorkshire_terrier 0.009305506 0 113 32 191
dog-havanese 0.009211841 75 0 377 82
dog-samoyed 0.008041301 125 0 474 142
cat-Bengal 0.007996599 409 0 473 18
dog-leonberger 0.007884391 307 137 383 217
dog-wheaten_terrier 0.007698473 121 123 185 189
dog-yorkshire_terrier 0.007572177 67 0 323 57
dog-scottish_terrier 0.0075037032 438 11 480 112
cat-Bombay 0.0074136285 429 1 480 28
cat-Bengal 0.0072616776 411 1 476 119
dog-american_pit_bull_terrier 0.0071796644 260 0 480 240
cat-Abyssinian 0.006832851 393 0 466 18
dog-leonberger 0.006509464 280 139 480 360
dog-american_bulldog 0.0062663173 246 153 291 209
dog-yorkshire_terrier 0.0062619806 146 0 405 61
dog-samoyed 0.006247316 122 121 185 189
dog-yorkshire_terrier 0.0061691324 48 0 411 98
cat-Bombay 0.0061118435 423 0 480 19
dog-scottish_terrier 0.0060894154 422 31 480 139
cat-Siamese 0.0059387013 18 0 101 20
cat-Maine_Coon 0.005929416 125 0 474 142
dog-leonberger 0.0058754846 122 121 185 189
dog-yorkshire_terrier 0.0057937303 383 0 436 12
cat-Egyptian_Mau 0.0057026134 0 91 27 141
cat-Egyptian_Mau 0.00562158 393 0 466 18
dog-samoyed 0.005494113 161 0 454 80
dog-leonberger 0.005434162 466 139 480 165
cat-Persian 0.0054314514 375 0 432 12
cat-Maine_Coon 0.0054285834 412 1 476 26
cat-Bombay 0.0054184664 45 0 177 29
dog-boxer 0.0053400537 122 121 185 189
cat-Ragdoll 0.0053033107 147 92 385 202
cat-Siamese 0.00525101 393 0 466 18
dog-miniature_pinscher 0.0052126804 422 46 480 147
cat-Bengal 0.0051063597 412 1 476 26
cat-Bombay 0.005030084 0 126 31 202
dog-boxer 0.0050287265 37 167 92 192
dog-american_bulldog 0.0050239903 98 97 185 193
dog-havanese 0.0049553514 76 0 441 139
dog-american_bulldog 0.004923907 235 152 281 206
cat-Birman 0.0048792847 379 0 453 18
cat-Russian_Blue 0.0048301388 423 0 480 19
cat-Egyptian_Mau 0.00476961 412 1 476 26
dog-german_shorthaired 0.0047437493 122 121 185 189
dog-great_pyrenees 0.004691625 280 139 480 360
dog-wheaten_terrier 0.0046869977 412 16 480 140
cat-Abyssinian 0.004680023 122 121 185 189
cat-Abyssinian 0.0046358285 412 1 476 26
dog-boxer 0.0046112873 67 117 120 146
cat-Egyptian_Mau 0.0045803795 443 1 480 14
cat-Ragdoll 0.0044948747 168 122 381 226
dog-great_pyrenees 0.004417904 76 0 441 139
cat-Ragdoll 0.0044086166 409 0 473 18
dog-miniature_pinscher 0.004380279 333 0 480 129
dog-staffordshire_bull_terrier 0.0043692486 466 142 480 171
cat-Siamese 0.004358968 363 0 443 18
cat-Egyptian_Mau 0.004336749 466 142 480 171
dog-boxer 0.004300327 176 103 238 125
dog-scottish_terrier 0.0042970106 445 20 480 100
dog-beagle 0.0042955196 423 0 480 19
dog-boxer 0.004293829 10 0 84 20
cat-Ragdoll 0.0042836173 307 137 383 218
cat-Bombay 0.0042533404 226 0 361 27
dog-staffordshire_bull_terrier 0.004246371 443 0 480 15
cat-Birman 0.0041874642 0 113 32 191
dog-newfoundland 0.0041658324 291 108 480 360
cat-Bombay 0.004153334 393 0 466 18
dog-havanese 0.0041485676 161 0 454 80
dog-boxer 0.004113061 307 137 383 217
dog-shiba_inu 0.004107742 466 145 480 176
dog-english_cocker_spaniel 0.004107531 412 16 480 140
cat-Birman 0.0040179817 409 0 473 18
dog-wheaten_terrier 0.004002028 307 139 382 214
