dog-german_shorthaired 0.11546462 216 83 296 149
dog-boxer 0.061241016 216 83 296 149
dog-beagle 0.042951103 325 95 361 143
dog-boxer 0.028442003 217 98 294 188
dog-boxer 0.026043687 150 83 293 145
dog-beagle 0.024250515 385 90 415 131
dog-german_shorthaired 0.020801712 262 88 295 131
dog-boxer 0.020343114 385 90 415 131
dog-boxer 0.016932636 88 175 137 200
dog-american_bulldog 0.016886003 385 90 415 131
dog-american_bulldog 0.015930668 115 174 160 200
dog-boxer 0.01580723 76 176 122 199
dog-american_bulldog 0.014704484 132 174 172 201
dog-newfoundland 0.0141936205 262 88 295 131
dog-german_shorthaired 0.01352532 217 98 294 188
dog-beagle 0.012492359 30 194 264 325
dog-beagle 0.0117451595 92 282 185 326
dog-pug 0.011518959 347 0 480 48
dog-beagle 0.011377891 223 190 277 238
dog-boxer 0.011357762 262 88 295 131
dog-boxer 0.010558541 293 90 400 145
dog-staffordshire_bull_terrier 0.010292823 34 29 311 142
dog-boxer 0.010178988 214 110 296 220
dog-american_bulldog 0.010043476 322 88 364 144
dog-american_pit_bull_terrier 0.009905437 322 88 364 144
cat-Sphynx 0.009691991 34 29 311 142
dog-boxer 0.009026504 66 175 107 199
dog-beagle 0.008813532 92 176 313 320
dog-beagle 0.008328005 262 88 295 131
bella 0.008315527 223 193 263 237
dog-boxer 0.008314166 29 125 383 318
dog-german_shorthaired 0.008291787 235 88 295 138
dog-american_bulldog 0.008186919 100 174 148 200
dog-american_bulldog 0.008040524 356 184 396 206
dog-boxer 0.0078736255 190 81 291 134
cat-Egyptian_Mau 0.007858108 450 153 480 228
dog-american_bulldog 0.0077971336 341 184 387 206
dog-beagle 0.00718215 324 183 377 204
dog-boxer 0.006997533 341 184 387 206
dog-american_bulldog 0.00687886 368 184 408 205
dog-saint_bernard 0.0067768535 385 90 415 131
dog-boxer 0.0067453883 165 0 480 181
dog-boxer 0.0067393146 154 16 480 242
dog-staffordshire_bull_terrier 0.006666 262 88 295 131
dog-boxer 0.006456827 115 174 160 200
cat-Egyptian_Mau 0.006424428 447 65 480 146
dog-beagle 0.0063316636 187 296 266 320
dog-basset_hound 0.006259305 291 60 318 72
dog-beagle 0.0062261974 309 179 360 202
dog-leonberger 0.0060956124 263 94 294 133
dog-saint_bernard 0.005994156 92 176 313 320
dog-beagle 0.005881785 29 125 383 318
dog-english_cocker_spaniel 0.005817267 290 58 322 69
dog-german_shorthaired 0.005785768 190 81 291 134
dog-boxer 0.005612197 77 180 124 207
dog-boxer 0.00556412 55 175 95 199
dog-american_bulldog 0.0055369153 291 91 403 144
cat-Siamese 0.005436294 35 0 106 18
dog-basset_hound 0.005352283 0 178 69 352
dog-american_pit_bull_terrier 0.005280755 262 88 295 131
dog-boxer 0.005200339 241 88 333 144
cat-Siamese 0.005197338 317 0 396 18
dog-basset_hound 0.005182362 447 51 480 139
dog-boxer 0.0049609644 356 184 396 206
dog-beagle 0.0049272496 150 299 240 321
dog-miniature_pinscher 0.004925426 212 81 294 141
dog-boxer 0.0048946314 102 174 146 201
dog-beagle 0.004773797 341 184 387 206
cat-Bombay 0.0047631296 46 0 119 18
dog-boxer 0.0047222 123 81 160 125
dog-boxer 0.0046369443 67 214 110 234
dog-beagle 0.004632769 310 155 345 200
dog-american_pit_bull_terrier 0.004589026 212 81 294 141
dog-basset_hound 0.004576546 92 176 313 320
dog-leonberger 0.0044933856 0 335 52 359
dog-boxer 0.004464339 34 29 311 142
dog-boxer 0.004456267 412 60 480 152
dog-english_setter 0.0044521843 223 190 277 238
dog-english_setter 0.0044428124 322 88 364 144
dog-english_cocker_spaniel 0.004419765 276 57 310 69
cat-Bombay 0.004411843 354 0 437 20
cat-Persian 0.0043887305 382 0 480 28
cat-Egyptian_Mau 0.0043570898 0 198 30 275
dog-american_bulldog 0.0043196115 29 125 383 318
dog-boxer 0.0043164007 129 80 186 122
cat-Birman 0.0042287777 330 0 410 18
dog-boxer 0.004222886 30 194 264 325
cat-Egyptian_Mau 0.0042122444 0 185 63 337
dog-saint_bernard 0.004210475 214 110 296 220
dog-beagle 0.0041049984 0 177 222 340
dog-boxer 0.00409665 177 83 480 295
dog-miniature_pinscher 0.004096292 0 31 14 68
dog-boxer 0.0040910626 324 183 377 204
dog-english_cocker_spaniel 0.004065907 118 60 147 74
dog-american_bulldog 0.0040369118 262 88 295 131
dog-boxer 0.0039998735 33 173 81 198
dog-beagle 0.0039525228 0 174 63 327
dog-american_bulldog 0.003934026 0 11 382 343
cat-Egyptian_Mau 0.0038888184 0 23 401 334
dog-pug 0.0038374257 322 0 467 37
