dog-keeshond 0.99090517 162 82 294 237
dog-scottish_terrier 0.18605408 162 80 291 234
cat-Maine_Coon 0.09270743 162 80 291 234
dog-yorkshire_terrier 0.08584406 162 80 291 234
cat-Persian 0.054768544 161 80 294 237
cat-British_Shorthair 0.054549295 162 80 291 234
dog-staffordshire_bull_terrier 0.047958124 162 80 291 234
cat-Russian_Blue 0.04041328 162 80 291 234
dog-wheaten_terrier 0.033938084 162 82 294 237
cat-Birman 0.031389896 161 80 294 237
dog-shiba_inu 0.025841197 162 80 291 234
dog-newfoundland 0.025402034 161 80 294 237
dog-samoyed 0.023183126 162 82 294 237
dog-pomeranian 0.020576272 161 80 294 237
dog-american_bulldog 0.019079834 161 80 294 237
dog-staffordshire_bull_terrier 0.01865476 1 102 34 187
dog-leonberger 0.018384516 161 80 294 237
dog-chihuahua 0.015423494 162 80 291 234
cat-Egyptian_Mau 0.0153236855 161 80 294 237
dog-havanese 0.013278629 161 80 294 237
cat-Ragdoll 0.012815843 161 80 294 237
dog-english_cocker_spaniel 0.012154674 0 113 31 211
dog-pug 0.012031433 161 80 294 237
dog-yorkshire_terrier 0.011211199 337 0 500 102
dog-american_pit_bull_terrier 0.011028191 161 80 294 237
cat-Bengal 0.010400155 162 80 291 234
dog-newfoundland 0.008932136 0 107 33 203
dog-yorkshire_terrier 0.008402689 368 10 500 189
dog-english_setter 0.008334753 161 80 294 237
dog-german_shorthaired 0.007992198 161 80 294 237
bella 0.0074838637 0 101 36 177
dog-yorkshire_terrier 0.0074794907 298 2 500 95
cat-Bombay 0.0073865536 161 80 294 237
dog-english_cocker_spaniel 0.0069612805 161 80 294 237
dog-staffordshire_bull_terrier 0.00676191 0 113 31 211
dog-yorkshire_terrier 0.0067077246 331 2 500 66
bella 0.0062618805 472 187 500 272
dog-english_cocker_spaniel 0.0061901417 380 305 453 347
cat-British_Shorthair 0.006120622 0 78 324 349
dog-japanese_chin 0.006113584 161 80 294 237
dog-english_cocker_spaniel 0.0058031976 2 259 35 353
dog-yorkshire_terrier 0.0057226857 262 0 500 124
cat-Birman 0.005646702 0 375 110 425
bella 0.0053180894 465 163 499 274
cat-Ragdoll 0.0052158167 251 90 294 149
cat-Bombay 0.0050895023 46 0 146 24
dog-scottish_terrier 0.0047880295 0 107 33 203
dog-american_pit_bull_terrier 0.0047627296 0 113 31 211
dog-pug 0.0047464315 27 0 258 70
dog-scottish_terrier 0.00469936 0 78 324 349
dog-english_cocker_spaniel 0.0046137227 462 107 500 227
dog-english_cocker_spaniel 0.004511039 0 78 324 349
cat-Bombay 0.004489107 234 0 334 24
cat-Egyptian_Mau 0.004483138 268 89 324 117
dog-yorkshire_terrier 0.00438515 10 0 260 111
bella 0.004357737 1 0 33 78
bella 0.0043352274 473 209 500 292
cat-Siamese 0.0042806366 161 80 294 237
dog-english_cocker_spaniel 0.0042185797 378 297 453 335
cat-Bombay 0.004121844 277 0 440 31
dog-german_shorthaired 0.00410048 0 329 17 367
cat-Siamese 0.00407476 486 4 500 36
cat-Birman 0.0040565412 21 0 123 24
dog-english_cocker_spaniel 0.004012515 0 242 31 334
dog-basset_hound 0.0040003103 0 113 31 211
cat-Egyptian_Mau 0.0039933627 0 102 34 182
dog-basset_hound 0.0039840313 161 80 294 237
dog-german_shorthaired 0.0038648427 58 110 108 143
dog-english_cocker_spaniel 0.0038093731 0 102 34 182
cat-Maine_Coon 0.0037973097 47 0 98 21
cat-Bombay 0.0037739917 209 0 308 23
dog-german_shorthaired 0.0037470113 0 107 33 203
cat-Abyssinian 0.0037459438 162 80 291 234
dog-scottish_terrier 0.003699578 0 101 36 177
dog-great_pyrenees 0.003658195 161 80 294 237
dog-miniature_pinscher 0.003579753 0 113 31 211
cat-Bombay 0.0035259523 268 0 373 24
cat-Bombay 0.003514326 80 0 182 24
dog-american_pit_bull_terrier 0.0034793383 0 86 49 203
dog-wheaten_terrier 0.0034707468 0 113 31 211
dog-yorkshire_terrier 0.0033860996 401 0 500 50
dog-basset_hound 0.003382873 463 149 500 269
dog-newfoundland 0.0033721128 0 86 49 203
dog-staffordshire_bull_terrier 0.0033270353 57 104 108 128
dog-wheaten_terrier 0.0033257913 0 78 324 349
dog-yorkshire_terrier 0.0033243138 377 42 500 260
dog-pug 0.0033145612 10 0 260 111
dog-miniature_pinscher 0.003296072 0 0 180 99
dog-english_cocker_spaniel 0.0031828056 0 142 30 242
cat-Bombay 0.0031726754 422 2 500 42
dog-keeshond 0.0031414288 168 155 274 239
dog-english_cocker_spaniel 0.0031139886 342 302 399 332
dog-boxer 0.0031071245 260 93 294 132
cat-British_Shorthair 0.0030783054 33 0 135 23
cat-Bengal 0.0030116246 0 78 324 349
cat-Egyptian_Mau 0.0029976848 0 92 34 157
cat-Maine_Coon 0.002974379 60 0 114 15
bella 0.0029085835 468 196 499 303
dog-english_cocker_spaniel 0.0029074647 155 79 500 372
dog-yorkshire_terrier 0.002905172 0 0 180 99
