dog-keeshond 0.97419465 82 39 220 243
dog-scottish_terrier 0.684768 81 42 219 245
dog-shiba_inu 0.31321096 81 42 219 245
dog-staffordshire_bull_terrier 0.12322089 81 42 219 245
cat-Russian_Blue 0.08839412 81 42 219 245
cat-Maine_Coon 0.0653151 81 42 219 245
dog-samoyed 0.061691813 81 42 219 245
cat-British_Shorthair 0.055069093 80 40 220 239
dog-yorkshire_terrier 0.025234181 82 39 220 243
cat-British_Shorthair 0.021352196 0 10 238 288
dog-wheaten_terrier 0.019659657 60 41 219 246
cat-Bengal 0.01958493 60 41 219 246
cat-Persian 0.019351691 80 40 220 239
cat-Russian_Blue 0.017893422 231 0 323 39
dog-chihuahua 0.01719296 81 42 219 245
cat-Egyptian_Mau 0.0152051505 80 40 220 239
dog-havanese 0.014838011 80 40 220 239
cat-Ragdoll 0.014180508 80 40 220 239
cat-Bombay 0.0136294495 227 0 319 39
dog-newfoundland 0.011916942 60 41 219 246
dog-leonberger 0.011775169 60 41 219 246
dog-american_pit_bull_terrier 0.009833927 80 40 220 239
cat-Bengal 0.009522058 0 10 238 288
cat-Bombay 0.008902682 289 1 332 37
cat-Ragdoll 0.008878112 176 19 232 55
cat-Persian 0.008665419 0 10 238 288
cat-British_Shorthair 0.008487285 0 0 218 225
cat-Russian_Blue 0.008369745 0 10 238 288
dog-english_cocker_spaniel 0.007896077 80 40 220 239
cat-Birman 0.007770099 86 37 216 225
dog-american_bulldog 0.0076918826 75 0 222 247
dog-pomeranian 0.0076854066 79 42 219 244
cat-Egyptian_Mau 0.0074007716 310 295 331 428
dog-basset_hound 0.0071952865 79 42 219 244
cat-British_Shorthair 0.006490837 201 1 229 12
cat-Ragdoll 0.0063631125 69 52 117 97
cat-Bombay 0.0062785805 265 0 330 34
dog-keeshond 0.0061999843 0 10 238 288
dog-havanese 0.0061795046 0 10 238 288
bella 0.0061378824 2 295 25 406
dog-english_setter 0.0061298334 81 42 219 245
dog-leonberger 0.0061229696 234 60 283 95
cat-Bombay 0.006100273 240 0 330 47
cat-Siamese 0.0060794377 240 0 330 47
bella 0.006073575 80 40 220 239
dog-basset_hound 0.0058448324 0 10 238 288
dog-scottish_terrier 0.00583964 0 10 238 288
dog-boxer 0.0058048572 204 0 313 53
dog-wheaten_terrier 0.0056793974 0 10 238 288
cat-Russian_Blue 0.0055589937 204 0 313 53
cat-Bombay 0.0054904018 201 1 229 12
cat-Egyptian_Mau 0.005486357 0 10 238 288
cat-Bombay 0.0054590157 60 41 219 246
cat-Egyptian_Mau 0.0054273037 289 1 332 37
cat-Siamese 0.0053728 80 35 231 247
cat-Bengal 0.0053006145 257 0 333 39
cat-Birman 0.0052078534 240 0 330 47
cat-British_Shorthair 0.0051421523 208 1 237 14
dog-miniature_pinscher 0.0050388835 80 35 231 247
cat-Persian 0.0050361683 0 0 218 225
dog-yorkshire_terrier 0.0050152475 69 52 117 97
cat-Bombay 0.0049941526 0 10 238 288
cat-Bengal 0.0049600583 0 0 218 225
cat-Russian_Blue 0.0049146665 0 0 218 225
dog-pug 0.0048631025 0 10 238 288
cat-Ragdoll 0.0048591 160 20 213 58
cat-Egyptian_Mau 0.004690803 312 277 333 392
cat-Bombay 0.004632655 227 0 292 35
cat-Persian 0.004629116 197 0 225 12
dog-american_bulldog 0.004597773 0 10 238 288
dog-shiba_inu 0.0045891586 0 10 238 288
cat-Ragdoll 0.0045278277 177 4 234 47
cat-Siamese 0.004437722 7 0 69 29
cat-Russian_Blue 0.004420279 191 8 319 69
dog-yorkshire_terrier 0.004415143 0 10 238 288
dog-miniature_pinscher 0.0044011823 0 10 238 288
dog-english_cocker_spaniel 0.004367432 0 10 238 288
cat-Birman 0.004354974 104 0 333 255
dog-american_pit_bull_terrier 0.0043453844 91 6 333 312
cat-Ragdoll 0.0043317466 0 10 238 288
cat-Siamese 0.004302706 0 10 238 288
cat-Siamese 0.004222427 204 0 313 53
dog-american_bulldog 0.004205176 91 6 333 312
cat-Maine_Coon 0.0041962937 0 10 238 288
dog-pug 0.0041460604 75 0 222 247
dog-yorkshire_terrier 0.004129014 0 46 164 232
cat-Egyptian_Mau 0.0041102516 0 0 218 225
dog-great_pyrenees 0.0040613986 75 0 222 247
dog-newfoundland 0.0040443726 0 10 238 288
cat-Egyptian_Mau 0.0040419265 0 224 20 314
dog-american_bulldog 0.0039976058 71 25 282 277
dog-keeshond 0.0039668777 0 0 218 225
cat-Egyptian_Mau 0.003856979 220 56 278 96
cat-Egyptian_Mau 0.0037910165 183 40 256 97
cat-Abyssinian 0.003780311 289 1 332 37
dog-leonberger 0.0037440383 0 10 238 288
dog-staffordshire_bull_terrier 0.0037433237 91 6 333 312
cat-Siamese 0.00366141 181 17 243 54
dog-staffordshire_bull_terrier 0.0036607734 0 10 238 288
cat-Maine_Coon 0.0036246048 91 6 333 312
