dog-english_setter 0.645526 214 25 355 119
dog-leonberger 0.48764575 214 25 355 119
dog-great_pyrenees 0.088452205 201 24 359 121
dog-wheaten_terrier 0.044016864 209 26 355 119
dog-saint_bernard 0.039890755 199 27 362 125
dog-newfoundland 0.03777665 201 24 359 121
dog-havanese 0.03173192 199 27 362 125
dog-english_cocker_spaniel 0.02082487 201 24 359 121
dog-basset_hound 0.019930767 199 27 362 125
dog-keeshond 0.019862687 201 24 359 121
bella 0.015550523 201 26 360 120
dog-american_pit_bull_terrier 0.013938096 201 24 359 121
cat-Bengal 0.011769803 199 27 362 125
cat-Siamese 0.011477892 355 1 430 24
dog-beagle 0.0097220605 201 24 359 121
cat-British_Shorthair 0.00969266 199 27 362 125
dog-havanese 0.009430034 0 0 348 149
dog-german_shorthaired 0.0089914985 200 25 363 122
dog-samoyed 0.0085495515 199 0 356 118
dog-american_bulldog 0.008378662 199 27 362 125
dog-japanese_chin 0.00834019 199 0 356 118
dog-wheaten_terrier 0.008096682 0 0 348 149
cat-Bombay 0.007980528 360 160 500 333
dog-miniature_pinscher 0.0076841526 201 24 359 121
cat-Persian 0.0072079175 142 0 193 21
cat-Siamese 0.0070209685 2 0 136 36
dog-newfoundland 0.0069416617 0 184 38 249
dog-english_cocker_spaniel 0.0069258683 0 0 348 149
dog-havanese 0.006857728 180 0 500 143
dog-pomeranian 0.0060017463 180 0 500 143
dog-german_shorthaired 0.0059185405 1 179 45 250
cat-Persian 0.00586414 0 0 348 149
dog-great_pyrenees 0.0058341892 180 0 500 143
cat-Birman 0.005775907 14 0 160 36
cat-Maine_Coon 0.005704446 199 27 362 125
dog-pomeranian 0.0056452774 199 0 356 118
dog-staffordshire_bull_terrier 0.0054786843 200 25 363 122
dog-chihuahua 0.0054135863 201 26 360 120
cat-Bombay 0.0053959205 21 0 160 24
cat-Siamese 0.005392083 366 0 437 18
dog-american_pit_bull_terrier 0.00532832 180 0 500 143
dog-havanese 0.0052608247 124 175 252 224
dog-havanese 0.0051522804 167 6 500 209
dog-yorkshire_terrier 0.00514233 0 0 305 94
cat-Persian 0.005105984 199 0 356 118
cat-Egyptian_Mau 0.0050575286 358 0 428 19
dog-wheaten_terrier 0.0049200235 180 0 500 143
cat-Bengal 0.0049112374 0 0 348 149
dog-basset_hound 0.004888367 468 172 498 248
dog-beagle 0.0048158164 334 249 363 276
dog-wheaten_terrier 0.0047632903 61 0 426 131
cat-Maine_Coon 0.0047457586 364 0 412 21
dog-english_setter 0.004559097 188 0 364 112
dog-boxer 0.0045080977 63 142 99 181
cat-Egyptian_Mau 0.0044899657 200 25 363 122
dog-great_pyrenees 0.0044565527 134 0 481 135
cat-Bengal 0.0044235224 0 5 406 203
dog-newfoundland 0.0043669757 0 167 53 273
dog-wheaten_terrier 0.0043344456 0 5 406 203
cat-Egyptian_Mau 0.004243791 0 107 27 158
dog-yorkshire_terrier 0.004129965 145 0 286 36
dog-american_bulldog 0.0040741987 391 150 434 171
dog-american_pit_bull_terrier 0.004048644 167 6 500 209
cat-Siamese 0.0039534485 335 2 414 28
dog-english_setter 0.003934469 465 154 500 227
cat-Abyssinian 0.003934329 358 0 428 19
bella 0.0039308416 473 186 500 251
cat-Maine_Coon 0.003916996 385 95 436 111
cat-British_Shorthair 0.0038839565 0 0 348 149
dog-samoyed 0.0038051559 180 0 500 143
dog-newfoundland 0.003774499 0 0 348 149
dog-english_cocker_spaniel 0.0037451198 0 5 406 203
dog-havanese 0.0037042408 61 0 426 131
dog-miniature_pinscher 0.0036797673 167 6 500 209
dog-english_setter 0.0036588274 0 0 348 149
dog-basset_hound 0.003650896 473 186 500 251
dog-staffordshire_bull_terrier 0.0036359646 322 10 354 23
dog-yorkshire_terrier 0.0036297697 0 0 348 149
bella 0.0036065783 457 121 499 189
cat-Egyptian_Mau 0.0035825658 334 249 363 276
dog-yorkshire_terrier 0.0035224543 146 49 500 333
dog-pomeranian 0.0034830517 250 62 353 121
bella 0.0034287893 466 168 498 242
cat-Siamese 0.0033871504 379 149 431 170
dog-english_setter 0.003381568 180 0 500 143
dog-leonberger 0.0033732795 402 195 435 227
dog-english_cocker_spaniel 0.003319016 0 160 60 279
dog-staffordshire_bull_terrier 0.003304553 295 23 332 38
dog-newfoundland 0.0032858364 185 25 371 208
dog-english_setter 0.003240242 468 171 500 240
cat-Bombay 0.0032285952 21 0 123 20
dog-yorkshire_terrier 0.0032046668 199 0 356 118
dog-shiba_inu 0.0031828056 200 25 363 122
dog-shiba_inu 0.0031694167 65 15 102 30
cat-Bombay 0.0031464875 425 242 500 333
dog-newfoundland 0.0031419978 170 170 289 226
dog-leonberger 0.0031160156 188 0 364 112
dog-newfoundland 0.0031060304 144 174 260 224
cat-Egyptian_Mau 0.003088306 484 216 500 253
dog-yorkshire_terrier 0.0030381123 180 0 500 143
