dog-keeshond 0.9857664 144 30 351 230
dog-leonberger 0.094209194 1 163 39 260
dog-leonberger 0.0750687 143 30 351 230
dog-samoyed 0.049595922 145 31 349 229
dog-wheaten_terrier 0.042035412 143 30 351 230
dog-havanese 0.035907287 143 30 351 230
dog-yorkshire_terrier 0.033856463 145 31 349 229
dog-pomeranian 0.03373656 144 30 351 230
dog-boxer 0.03179468 208 36 239 69
dog-newfoundland 0.03132702 0 179 34 259
dog-american_bulldog 0.029531429 143 30 351 230
cat-Persian 0.027517777 143 30 351 230
dog-japanese_chin 0.02558953 1 163 42 259
cat-British_Shorthair 0.024620628 143 30 351 230
dog-leonberger 0.02025164 0 187 33 267
dog-english_setter 0.019834185 1 171 37 268
dog-boxer 0.019355297 1 171 37 268
dog-staffordshire_bull_terrier 0.017847057 0 187 33 267
dog-scottish_terrier 0.01778009 145 31 349 229
dog-english_cocker_spaniel 0.01732445 0 187 33 267
dog-great_pyrenees 0.017123364 1 163 42 259
cat-Bombay 0.01570806 0 187 33 267
cat-British_Shorthair 0.014678255 0 12 355 227
dog-shiba_inu 0.014663661 145 31 349 229
dog-staffordshire_bull_terrier 0.014652313 206 41 238 73
bella 0.014534731 1 233 33 304
dog-english_setter 0.013585274 143 30 351 230
cat-Birman 0.0135795185 143 29 350 230
dog-american_pit_bull_terrier 0.01335457 0 179 34 259
dog-basset_hound 0.012969892 0 187 33 267
cat-Bombay 0.012797132 292 0 391 27
dog-newfoundland 0.012735436 143 30 351 230
cat-British_Shorthair 0.012508958 0 187 33 267
dog-saint_bernard 0.012430854 1 171 37 268
dog-english_setter 0.011996602 0 101 62 239
dog-german_shorthaired 0.011580414 0 187 33 267
dog-leonberger 0.010396519 0 156 33 234
dog-wheaten_terrier 0.010391796 1 171 37 268
bella 0.010112988 3 87 60 225
bella 0.009850057 1 178 35 278
cat-Persian 0.009683556 1 170 42 269
dog-great_pyrenees 0.009531538 143 30 351 230
dog-american_bulldog 0.009475365 1 171 37 268
dog-american_bulldog 0.009429237 156 56 186 66
cat-Ragdoll 0.009271301 0 12 355 227
cat-Russian_Blue 0.0092666345 145 31 349 229
cat-Siamese 0.009020662 208 36 239 69
dog-yorkshire_terrier 0.008981948 0 187 33 267
dog-english_setter 0.008846397 0 163 34 242
cat-Bombay 0.00867818 205 0 240 8
cat-Bengal 0.008535384 0 187 33 267
cat-Birman 0.008088154 150 56 182 66
dog-chihuahua 0.008077866 145 31 349 229
dog-staffordshire_bull_terrier 0.008071206 143 31 349 229
dog-american_bulldog 0.00802935 230 0 264 8
cat-Egyptian_Mau 0.007866529 0 187 33 267
cat-Persian 0.0077325082 0 12 355 227
dog-japanese_chin 0.0076652765 143 30 351 230
dog-pomeranian 0.00738598 159 134 336 233
dog-newfoundland 0.0072943233 2 156 39 253
dog-english_cocker_spaniel 0.007132081 1 199 34 294
dog-leonberger 0.007066692 0 44 354 268
cat-Ragdoll 0.006976535 145 31 349 229
cat-Bengal 0.0069207638 0 12 355 227
dog-pug 0.006917923 143 30 351 230
cat-Maine_Coon 0.00684206 359 281 484 332
dog-havanese 0.0067248903 0 179 34 259
dog-american_bulldog 0.0067080273 0 12 355 227
dog-keeshond 0.0066142585 0 179 34 259
cat-Ragdoll 0.0065824934 0 179 34 259
dog-japanese_chin 0.006571645 0 187 33 267
cat-Birman 0.006548738 0 179 34 259
cat-Persian 0.00649566 0 187 33 267
cat-Bombay 0.006294303 192 0 227 8
cat-Bombay 0.0062735043 309 0 386 20
dog-wheaten_terrier 0.0062257187 0 146 61 297
dog-pug 0.0060809366 0 179 34 259
dog-wheaten_terrier 0.006046473 0 12 355 227
dog-wheaten_terrier 0.006025826 0 196 32 276
bella 0.0059367563 4 138 31 208
dog-keeshond 0.005746684 0 44 354 268
dog-american_pit_bull_terrier 0.00554687 0 130 60 280
dog-newfoundland 0.0055252495 1 188 34 287
cat-Bengal 0.0055067665 407 0 500 34
dog-scottish_terrier 0.0054948535 0 187 33 267
dog-american_pit_bull_terrier 0.0054393625 144 30 351 230
cat-British_Shorthair 0.005426048 233 42 287 59
cat-Bombay 0.0053885705 219 0 252 7
dog-english_setter 0.0053812973 1 222 35 303
cat-Egyptian_Mau 0.0053642476 0 1 30 70
dog-american_pit_bull_terrier 0.005286682 2 156 39 253
cat-Egyptian_Mau 0.0052423417 125 33 354 234
dog-beagle 0.005147736 0 179 34 259
cat-Russian_Blue 0.0051418645 0 187 33 267
cat-Persian 0.0050421837 150 56 182 66
dog-staffordshire_bull_terrier 0.0050300458 0 163 34 242
dog-english_setter 0.0050037964 2 144 36 234
cat-Bombay 0.0049920822 322 0 406 24
dog-japanese_chin 0.0049822507 0 12 355 227
dog-leonberger 0.0048662764 0 129 33 199
