dog-leonberger 0.7351236 241 80 339 152
dog-english_setter 0.5541243 240 79 339 152
dog-wheaten_terrier 0.2057529 240 79 339 152
dog-newfoundland 0.15463834 240 79 339 152
dog-keeshond 0.10137386 240 79 339 152
dog-american_pit_bull_terrier 0.09826666 243 6 500 247
dog-staffordshire_bull_terrier 0.046212472 102 65 495 262
dog-american_pit_bull_terrier 0.035726257 221 0 500 246
dog-great_pyrenees 0.03466473 240 79 339 152
dog-english_cocker_spaniel 0.027342215 240 79 339 152
dog-havanese 0.0257168 240 80 339 154
dog-staffordshire_bull_terrier 0.024847645 241 80 339 152
dog-american_pit_bull_terrier 0.02349184 240 80 339 154
dog-basset_hound 0.02317416 102 65 495 262
dog-american_pit_bull_terrier 0.018890541 181 51 500 261
dog-american_pit_bull_terrier 0.018206151 247 92 500 333
dog-american_bulldog 0.01648925 240 80 339 154
cat-British_Shorthair 0.015748821 240 79 339 152
dog-staffordshire_bull_terrier 0.01563559 240 36 500 276
dog-american_bulldog 0.014120436 181 51 500 261
cat-Bengal 0.013905655 241 80 339 152
dog-american_pit_bull_terrier 0.012476045 313 80 500 310
dog-american_bulldog 0.01237508 243 6 500 247
dog-american_bulldog 0.012196811 221 0 500 246
cat-Persian 0.011973918 240 80 339 154
dog-shiba_inu 0.01195075 102 65 495 262
dog-scottish_terrier 0.011940862 102 65 495 262
bella 0.011456563 241 78 339 152
dog-english_setter 0.011433851 247 92 500 333
dog-german_shorthaired 0.011385499 241 80 339 152
dog-saint_bernard 0.011063523 241 80 339 152
dog-miniature_pinscher 0.009818056 102 65 495 262
dog-miniature_pinscher 0.00943526 0 63 465 276
dog-shiba_inu 0.009411282 240 36 500 276
cat-Siamese 0.009253585 82 1 221 44
dog-miniature_pinscher 0.008861788 241 80 339 152
dog-boxer 0.008164457 245 82 338 148
bella 0.007809076 238 84 306 146
dog-american_pit_bull_terrier 0.007467769 376 129 496 273
cat-Egyptian_Mau 0.0073185884 470 67 500 139
dog-scottish_terrier 0.007108426 0 63 465 276
cat-Bengal 0.006961428 0 63 465 276
dog-chihuahua 0.00692868 221 0 500 246
dog-shiba_inu 0.0069270525 264 0 500 221
dog-miniature_pinscher 0.006692005 358 97 500 293
dog-miniature_pinscher 0.0066535627 240 36 500 276
dog-english_setter 0.0066036456 238 84 306 146
dog-japanese_chin 0.0065570176 236 61 341 153
dog-english_setter 0.006525182 256 53 500 312
cat-Russian_Blue 0.006386626 209 0 316 23
dog-staffordshire_bull_terrier 0.006371578 247 92 500 333
dog-shiba_inu 0.0063303765 114 0 295 51
dog-basset_hound 0.0062927166 245 82 338 148
dog-american_bulldog 0.0061431965 238 84 306 146
dog-shiba_inu 0.006087566 247 92 500 333
dog-beagle 0.005847673 240 80 339 154
cat-Russian_Blue 0.0058266297 102 65 495 262
dog-samoyed 0.0057791336 245 82 338 148
dog-miniature_pinscher 0.0057597794 247 92 500 333
dog-keeshond 0.0056315386 102 65 495 262
bella 0.0055778804 247 92 500 333
dog-american_pit_bull_terrier 0.005574076 0 0 140 66
dog-american_pit_bull_terrier 0.005563553 423 168 500 296
dog-keeshond 0.0052159824 238 84 306 146
dog-beagle 0.0051362547 181 51 500 261
dog-scottish_terrier 0.005123097 245 82 338 148
bella 0.0050979266 181 51 500 261
dog-german_shorthaired 0.0049857483 102 65 495 262
cat-Maine_Coon 0.004953823 245 82 338 148
dog-american_pit_bull_terrier 0.0048849927 237 0 449 54
dog-english_cocker_spaniel 0.004857717 102 65 495 262
cat-British_Shorthair 0.004837481 3 263 75 333
dog-shiba_inu 0.004807537 82 1 221 44
dog-english_setter 0.00458685 181 51 500 261
dog-basset_hound 0.004444867 247 92 500 333
dog-staffordshire_bull_terrier 0.0044315537 264 0 500 221
cat-Egyptian_Mau 0.004431049 104 0 188 19
cat-Birman 0.0043168026 245 82 338 148
dog-english_cocker_spaniel 0.0042922352 0 15 434 233
dog-beagle 0.0042187534 0 2 123 79
cat-Bengal 0.004050639 102 65 495 262
cat-Bengal 0.0039776443 471 58 500 131
dog-havanese 0.003950055 124 187 164 198
cat-Siamese 0.0039163893 112 0 254 36
dog-yorkshire_terrier 0.0039092638 194 0 364 138
cat-Siamese 0.0038885968 134 0 287 44
dog-english_cocker_spaniel 0.0038462982 247 92 500 333
cat-British_Shorthair 0.0038335377 102 65 495 262
dog-leonberger 0.0038016236 81 215 190 271
dog-beagle 0.003769161 247 92 500 333
cat-Bengal 0.0037551464 209 0 316 23
cat-Bengal 0.0036840376 206 0 291 18
dog-american_pit_bull_terrier 0.0036794983 108 51 500 333
cat-Sphynx 0.003656174 102 65 495 262
dog-samoyed 0.0036479412 252 83 335 125
dog-american_pit_bull_terrier 0.0036437046 257 0 426 36
dog-american_bulldog 0.0036385946 0 2 123 79
dog-pomeranian 0.003627056 236 61 341 153
dog-pug 0.0035597817 236 61 341 153
cat-Persian 0.003515253 416 226 469 243
