dog-keeshond 0.9879209 146 76 395 385
dog-samoyed 0.15084651 142 80 395 385
dog-pomeranian 0.12019121 147 79 394 380
dog-leonberger 0.09071656 142 80 394 389
dog-yorkshire_terrier 0.057849474 147 79 394 380
cat-Persian 0.039873656 140 76 396 387
dog-wheaten_terrier 0.035739813 142 80 394 389
dog-great_pyrenees 0.02161333 142 80 394 389
dog-staffordshire_bull_terrier 0.020574426 143 77 397 383
dog-havanese 0.020104052 147 79 394 380
dog-american_bulldog 0.018949917 142 80 394 389
cat-Birman 0.017896682 147 79 394 380
dog-english_setter 0.017143985 142 80 394 389
dog-japanese_chin 0.016316172 142 80 394 389
cat-Bengal 0.015995556 24 0 150 31
cat-Ragdoll 0.01505212 119 90 400 401
dog-chihuahua 0.014017551 142 80 394 389
cat-British_Shorthair 0.012969079 140 76 396 387
dog-scottish_terrier 0.012531802 147 79 394 380
dog-yorkshire_terrier 0.011908315 164 61 500 357
cat-Birman 0.011405761 16 0 160 44
dog-newfoundland 0.010742938 142 80 394 389
cat-Maine_Coon 0.010041826 21 0 142 30
dog-pug 0.009023524 119 90 400 401
cat-Maine_Coon 0.008987777 142 80 394 389
dog-keeshond 0.008824324 145 244 354 388
cat-Ragdoll 0.00877815 0 67 395 367
bella 0.008547805 453 0 494 87
cat-Egyptian_Mau 0.0083838375 142 80 394 389
cat-Bengal 0.0074078226 34 0 129 24
dog-keeshond 0.00730646 163 111 500 394
cat-Maine_Coon 0.0071435464 6 0 110 36
cat-Bengal 0.0069667804 142 80 394 389
dog-american_pit_bull_terrier 0.006960354 142 80 394 389
dog-shiba_inu 0.0064752833 142 80 394 389
cat-Persian 0.0060384283 6 0 110 36
dog-yorkshire_terrier 0.005916908 0 67 395 367
dog-wheaten_terrier 0.0058905575 380 113 492 236
cat-Bengal 0.0056659495 55 0 148 23
dog-leonberger 0.0056473017 145 244 354 388
cat-Birman 0.0055569876 164 61 500 357
cat-Maine_Coon 0.005403926 0 67 395 367
cat-Abyssinian 0.0052179764 133 133 165 207
cat-Abyssinian 0.005107011 130 133 173 227
dog-havanese 0.004938381 71 0 438 401
cat-Bengal 0.0049254447 98 0 184 23
dog-chihuahua 0.004915294 163 111 500 394
dog-pomeranian 0.004788039 24 0 338 139
dog-samoyed 0.0045559495 136 82 293 288
cat-Egyptian_Mau 0.0045214402 27 0 119 24
cat-Birman 0.0043751835 344 0 481 43
cat-Bombay 0.004209809 27 0 119 24
dog-pomeranian 0.004208186 164 61 500 357
dog-great_pyrenees 0.0041916477 71 0 438 401
cat-Abyssinian 0.004092269 142 80 394 389
dog-great_pyrenees 0.004073744 0 31 401 395
dog-staffordshire_bull_terrier 0.004059139 164 61 500 357
cat-British_Shorthair 0.0039967974 0 67 395 367
cat-Bombay 0.003838447 174 0 271 22
cat-Russian_Blue 0.00379967 119 90 400 401
dog-shiba_inu 0.0037498912 328 0 494 63
cat-Persian 0.003740824 0 67 395 367
cat-Bengal 0.0036145533 366 0 455 25
cat-British_Shorthair 0.0035631338 27 0 119 24
cat-Bombay 0.0035609994 237 0 386 41
cat-Egyptian_Mau 0.0035079464 0 9 30 97
cat-Ragdoll 0.0034962427 4 0 134 44
cat-Bengal 0.0034961826 60 0 190 30
cat-Egyptian_Mau 0.0034938115 475 230 500 306
cat-Egyptian_Mau 0.0034723883 21 0 142 30
cat-Sphynx 0.0034651617 0 67 395 367
dog-wheaten_terrier 0.0033652878 0 31 401 395
cat-Persian 0.0033651905 16 0 160 44
dog-samoyed 0.003346493 0 31 401 395
cat-Egyptian_Mau 0.0033393821 0 38 29 122
cat-Bengal 0.003336604 355 0 477 33
cat-Maine_Coon 0.0033341534 164 61 500 357
dog-pomeranian 0.0033163605 0 67 395 367
dog-yorkshire_terrier 0.003305759 161 106 500 401
dog-yorkshire_terrier 0.003237374 3 0 270 97
cat-Abyssinian 0.0032048088 132 139 187 251
dog-havanese 0.0031833265 0 184 363 401
cat-Egyptian_Mau 0.0031678712 403 2 484 36
dog-pomeranian 0.0031602792 111 0 429 146
dog-keeshond 0.003156076 161 106 500 401
dog-american_bulldog 0.0030904633 376 0 497 46
cat-Russian_Blue 0.0030816258 27 0 119 24
dog-staffordshire_bull_terrier 0.0030808952 161 106 500 401
dog-samoyed 0.003076472 183 0 448 112
cat-Birman 0.0030512956 0 67 395 367
cat-Siamese 0.003050386 4 0 134 44
dog-american_bulldog 0.0030329968 71 0 438 401
dog-pomeranian 0.0030320757 4 0 134 44
cat-Russian_Blue 0.0030175864 21 0 142 30
cat-Bengal 0.0030031293 390 0 475 26
cat-Siamese 0.0030005763 344 0 481 43
cat-Egyptian_Mau 0.0029957828 0 273 30 349
bella 0.0029683586 473 258 500 336
dog-basset_hound 0.0029384396 142 80 394 389
cat-Egyptian_Mau 0.0029167703 390 0 475 26
