dog-leonberger 0.95636356 133 85 228 194
dog-saint_bernard 0.10886892 132 85 228 195
dog-english_setter 0.097871564 133 86 227 194
dog-newfoundland 0.093170546 132 83 228 195
dog-japanese_chin 0.091647245 133 80 228 194
dog-great_pyrenees 0.08187934 133 80 228 194
dog-havanese 0.06986491 133 80 228 194
dog-wheaten_terrier 0.058524672 133 80 228 194
dog-basset_hound 0.031279624 132 83 228 195
bella 0.023832165 132 83 228 195
dog-keeshond 0.01902123 133 80 228 194
cat-Persian 0.018445933 133 80 228 194
cat-Egyptian_Mau 0.01575345 467 236 498 309
cat-Egyptian_Mau 0.014693709 0 181 27 237
cat-British_Shorthair 0.01273715 133 80 228 194
dog-pug 0.011630593 133 80 228 194
dog-american_bulldog 0.010249564 133 80 228 194
cat-Egyptian_Mau 0.009585937 472 221 500 298
dog-japanese_chin 0.009376432 220 37 282 64
cat-Abyssinian 0.009127978 471 252 500 311
dog-japanese_chin 0.008421769 205 39 271 65
cat-Birman 0.008379593 133 80 228 194
cat-Russian_Blue 0.0080466 330 0 462 33
bella 0.007766347 240 202 276 263
cat-Egyptian_Mau 0.00765578 0 194 30 260
cat-Egyptian_Mau 0.007642348 0 159 30 223
cat-Birman 0.007495973 257 0 414 38
cat-Bengal 0.007202818 276 131 316 182
dog-american_bulldog 0.007163042 220 37 282 64
cat-Russian_Blue 0.007054487 22 0 149 28
dog-american_pit_bull_terrier 0.006919152 133 80 228 194
cat-Siamese 0.0067655486 2 0 133 40
cat-Egyptian_Mau 0.006555179 0 0 26 53
cat-Ragdoll 0.0065233335 133 80 228 194
dog-boxer 0.0064865947 133 80 228 194
cat-Abyssinian 0.005805344 276 131 316 182
dog-english_cocker_spaniel 0.0057394556 132 83 228 195
cat-Russian_Blue 0.00556336 296 0 438 27
dog-pomeranian 0.0053380225 205 39 271 65
cat-Egyptian_Mau 0.0052910345 0 138 32 210
dog-american_bulldog 0.0052746674 205 39 271 65
cat-Egyptian_Mau 0.005182453 0 21 24 84
dog-great_pyrenees 0.005063324 205 39 271 65
dog-yorkshire_terrier 0.0050586057 347 0 500 100
cat-Egyptian_Mau 0.0050124954 468 256 500 326
dog-german_shorthaired 0.0049573104 132 83 228 195
cat-Russian_Blue 0.0049515036 0 189 27 247
cat-Egyptian_Mau 0.0047617396 0 27 28 110
cat-Birman 0.004663208 313 0 461 37
dog-yorkshire_terrier 0.004655008 366 2 500 203
cat-Abyssinian 0.004513986 472 221 500 298
dog-boxer 0.0045028 291 0 418 33
dog-great_pyrenees 0.0044816528 112 13 254 192
cat-Bengal 0.0044634594 132 83 228 195
cat-Bombay 0.004399856 133 80 228 194
dog-staffordshire_bull_terrier 0.00436945 180 88 217 106
dog-pug 0.0043632267 220 37 282 64
cat-Egyptian_Mau 0.0043183505 0 215 28 273
dog-yorkshire_terrier 0.0042720702 343 0 500 151
cat-Bengal 0.0042467723 402 1 500 38
dog-staffordshire_bull_terrier 0.0041638156 485 297 500 330
cat-Birman 0.0041114422 207 0 370 39
dog-great_pyrenees 0.0040723803 220 37 282 64
cat-Egyptian_Mau 0.003883215 301 0 432 32
cat-Egyptian_Mau 0.0038823406 132 83 228 195
cat-Bombay 0.003759893 367 0 500 38
cat-Siamese 0.0037402713 1 189 30 245
cat-Egyptian_Mau 0.0035565959 0 0 27 34
bella 0.0035246992 128 97 191 165
cat-Persian 0.003522605 0 27 28 110
cat-Ragdoll 0.003521942 0 27 28 110
dog-pomeranian 0.0034433494 203 33 272 57
dog-japanese_chin 0.0034226861 74 0 285 189
cat-Persian 0.0033999954 0 0 263 217
dog-boxer 0.0033664827 354 216 383 241
dog-chihuahua 0.0033594812 140 96 232 194
dog-wheaten_terrier 0.0033324535 0 6 310 232
dog-miniature_pinscher 0.0033226707 276 134 316 185
dog-pug 0.0032768953 246 36 311 63
dog-staffordshire_bull_terrier 0.0032758943 140 96 232 194
dog-pomeranian 0.0032246201 220 37 282 64
dog-havanese 0.00320026 97 0 259 167
dog-samoyed 0.0031868143 133 80 228 194
dog-leonberger 0.0031541202 0 27 28 110
dog-beagle 0.0031408032 132 83 228 195
cat-Birman 0.00312853 33 0 179 39
cat-Bombay 0.0031274299 437 1 500 36
cat-Egyptian_Mau 0.003123889 0 231 32 293
dog-american_bulldog 0.0030840794 0 215 28 273
cat-Siamese 0.003067048 33 0 179 39
dog-havanese 0.0030521338 133 75 321 201
cat-Egyptian_Mau 0.003034945 0 0 109 32
cat-Bombay 0.0030327688 321 0 468 27
dog-japanese_chin 0.0030302787 189 41 261 68
cat-Egyptian_Mau 0.0029726431 484 2 500 34
dog-pomeranian 0.0029622794 189 41 261 68
cat-Egyptian_Mau 0.002952106 2 0 133 40
cat-Siamese 0.002941973 276 0 416 28
dog-american_pit_bull_terrier 0.0029379015 177 70 500 375
dog-boxer 0.0029361437 2 0 121 37
