dog-leonberger 0.95444363 136 15 403 326
dog-newfoundland 0.55871946 137 17 400 327
cat-Bengal 0.25363487 457 271 500 366
cat-Egyptian_Mau 0.18125078 457 271 500 366
dog-english_setter 0.15990753 142 20 396 331
cat-Maine_Coon 0.11777632 458 273 500 374
dog-keeshond 0.09999583 133 15 405 325
dog-wheaten_terrier 0.087202944 133 15 405 325
dog-saint_bernard 0.08103409 135 21 401 334
dog-havanese 0.07620717 133 15 405 325
dog-great_pyrenees 0.06979556 142 20 396 331
dog-american_pit_bull_terrier 0.069160104 139 18 399 325
cat-Abyssinian 0.04654069 457 271 500 366
dog-pug 0.041791312 133 15 405 325
dog-basset_hound 0.04095192 457 271 500 373
dog-japanese_chin 0.04063168 133 15 405 325
dog-staffordshire_bull_terrier 0.038963284 142 20 396 331
dog-american_bulldog 0.038473744 142 20 396 331
dog-boxer 0.027754188 135 21 401 334
cat-Bengal 0.026276398 142 20 396 331
cat-Bengal 0.025651697 465 276 500 344
cat-Egyptian_Mau 0.023312738 465 276 500 344
dog-german_shorthaired 0.023136131 135 21 401 334
dog-english_cocker_spaniel 0.021701973 137 17 398 330
dog-yorkshire_terrier 0.021173723 133 15 405 325
cat-British_Shorthair 0.020405456 135 21 401 334
dog-leonberger 0.01854084 0 12 416 355
dog-chihuahua 0.018210854 142 20 396 331
dog-newfoundland 0.013816197 0 12 416 355
cat-Siamese 0.013053332 314 2 407 26
dog-beagle 0.012703879 135 21 401 334
dog-miniature_pinscher 0.012008974 135 21 401 334
cat-Bombay 0.011786671 454 119 500 224
dog-basset_hound 0.011538316 142 20 396 331
cat-Russian_Blue 0.011469224 461 281 500 366
dog-english_setter 0.011336055 0 12 416 355
dog-english_cocker_spaniel 0.010723552 0 12 416 355
dog-wheaten_terrier 0.010182198 444 230 500 339
cat-Siamese 0.010169107 317 0 402 20
dog-wheaten_terrier 0.010028165 0 12 416 355
dog-great_pyrenees 0.009796547 0 12 416 355
dog-saint_bernard 0.009420133 0 12 416 355
cat-British_Shorthair 0.009389711 461 281 500 366
cat-Egyptian_Mau 0.008211591 471 0 500 62
dog-samoyed 0.00807499 444 230 500 339
bella 0.00799315 135 21 401 334
dog-american_pit_bull_terrier 0.007841593 0 231 33 316
cat-Bengal 0.0078358855 449 257 500 352
dog-american_bulldog 0.007763308 0 12 416 355
cat-Maine_Coon 0.0077497666 142 20 396 331
cat-Abyssinian 0.007624395 142 20 396 331
dog-scottish_terrier 0.0075517218 142 20 396 331
dog-havanese 0.0075048287 0 12 416 355
cat-Bengal 0.007282763 457 274 500 328
cat-Maine_Coon 0.0071794884 449 257 500 352
dog-leonberger 0.007104708 162 42 500 314
cat-Bengal 0.007053729 0 12 416 355
dog-miniature_pinscher 0.0069579906 444 230 500 339
cat-Egyptian_Mau 0.0069244816 458 272 500 333
dog-pomeranian 0.0068822843 141 17 402 324
dog-american_pit_bull_terrier 0.006851564 154 0 500 367
cat-Russian_Blue 0.006719395 456 132 500 236
dog-english_setter 0.0065172487 444 230 500 339
cat-Persian 0.006429233 135 21 401 334
dog-scottish_terrier 0.0063467952 459 175 500 268
dog-staffordshire_bull_terrier 0.0063322363 213 24 247 43
cat-Bengal 0.0062615327 444 230 500 339
dog-yorkshire_terrier 0.006164614 444 230 500 339
dog-newfoundland 0.0060538794 0 231 33 316
cat-Bombay 0.0060470807 142 20 396 331
dog-staffordshire_bull_terrier 0.005969571 162 42 500 314
dog-staffordshire_bull_terrier 0.00591418 0 225 33 306
cat-Abyssinian 0.005875994 465 272 500 336
bella 0.0058672824 458 273 500 374
dog-chihuahua 0.0058106114 162 42 500 314
cat-Birman 0.0056888596 135 21 401 334
cat-British_Shorthair 0.0056648836 0 12 416 355
cat-Egyptian_Mau 0.005595438 449 257 500 352
cat-Egyptian_Mau 0.0055243163 124 3 396 320
cat-Siamese 0.00546831 298 3 392 32
cat-Siamese 0.005450391 293 0 370 22
dog-newfoundland 0.0054097725 136 26 354 150
cat-Ragdoll 0.0053972895 460 286 500 370
bella 0.0053617065 444 230 500 339
cat-Maine_Coon 0.005281449 432 282 500 375
dog-samoyed 0.0052467817 458 273 500 374
cat-Abyssinian 0.005224297 474 65 500 131
dog-german_shorthaired 0.005189836 0 225 33 306
cat-Ragdoll 0.0051712915 135 21 401 334
dog-miniature_pinscher 0.0051634037 0 33 89 203
dog-leonberger 0.0051474045 0 225 33 306
dog-english_setter 0.004951812 0 231 33 316
cat-Ragdoll 0.0048970636 293 0 370 22
dog-yorkshire_terrier 0.0048650983 162 0 500 281
dog-wheaten_terrier 0.0048599723 458 273 500 374
cat-Persian 0.004719926 461 281 500 366
dog-english_cocker_spaniel 0.0046619577 458 273 500 374
cat-Egyptian_Mau 0.004644687 0 9 29 80
dog-scottish_terrier 0.004583718 444 230 500 339
dog-keeshond 0.0045367456 0 12 416 355
