dog-leonberger 0.81540155 101 33 409 304
dog-newfoundland 0.4419484 102 37 411 300
dog-wheaten_terrier 0.16869265 93 29 421 300
dog-saint_bernard 0.094936594 100 35 409 304
dog-english_setter 0.09485073 94 31 416 300
dog-havanese 0.07255427 94 31 416 300
dog-pug 0.06538796 100 35 409 304
dog-english_cocker_spaniel 0.06400237 94 31 416 300
dog-boxer 0.063711874 100 35 409 304
dog-keeshond 0.06323808 102 37 411 300
dog-japanese_chin 0.05351084 102 37 411 300
cat-British_Shorthair 0.04211838 102 37 411 300
dog-american_bulldog 0.04169727 102 37 411 300
dog-american_pit_bull_terrier 0.040187214 102 37 411 300
dog-great_pyrenees 0.03911677 102 37 411 300
dog-german_shorthaired 0.02895434 99 29 398 298
dog-staffordshire_bull_terrier 0.02297646 100 35 409 304
cat-Bengal 0.02286087 102 37 411 300
cat-Persian 0.017902667 94 31 416 300
dog-basset_hound 0.016175753 102 37 411 300
dog-chihuahua 0.013668665 2 79 93 264
dog-yorkshire_terrier 0.011801905 20 2 177 48
dog-chihuahua 0.011488674 102 37 411 300
dog-newfoundland 0.010863953 281 65 325 111
cat-Bombay 0.010717468 102 37 411 300
dog-scottish_terrier 0.010473972 102 37 411 300
dog-yorkshire_terrier 0.010173984 15 0 160 35
cat-Bombay 0.010142689 39 0 172 24
cat-Birman 0.009998999 71 38 431 333
cat-Birman 0.009263439 9 0 110 17
dog-german_shorthaired 0.008933111 0 22 419 311
cat-Egyptian_Mau 0.00875555 0 22 419 311
dog-american_pit_bull_terrier 0.0081892265 365 0 500 104
cat-Bombay 0.008017142 47 0 147 19
cat-Egyptian_Mau 0.007976728 473 197 500 261
dog-yorkshire_terrier 0.007943314 0 22 419 311
dog-beagle 0.007820649 0 22 419 311
dog-shiba_inu 0.0072789197 0 22 419 311
dog-miniature_pinscher 0.0070474227 102 37 411 300
dog-miniature_pinscher 0.0069924034 66 22 225 222
dog-american_pit_bull_terrier 0.006930455 361 12 500 154
dog-leonberger 0.006683819 0 11 401 324
dog-keeshond 0.0066762445 1 0 97 18
dog-pomeranian 0.006668037 0 0 103 27
cat-Maine_Coon 0.006653389 0 22 419 311
cat-Abyssinian 0.006413802 21 0 124 17
dog-yorkshire_terrier 0.006393032 53 0 189 36
cat-Birman 0.0063855764 35 0 136 18
dog-wheaten_terrier 0.006337084 281 1 311 8
bella 0.0063058105 99 29 398 298
cat-Birman 0.006056242 0 0 85 20
dog-great_pyrenees 0.0058089667 327 59 394 74
cat-Bengal 0.005769643 35 0 136 18
dog-pomeranian 0.005760465 96 0 415 285
cat-Egyptian_Mau 0.0057255165 31 261 105 281
cat-Ragdoll 0.0057007237 0 22 419 311
dog-great_pyrenees 0.005659841 121 34 405 201
dog-newfoundland 0.0056566806 210 42 437 256
cat-Siamese 0.00565234 21 0 124 17
cat-Bombay 0.005638558 21 0 124 17
dog-havanese 0.005628412 215 27 366 65
dog-miniature_pinscher 0.0056109377 8 15 229 267
dog-saint_bernard 0.005585045 0 11 401 324
cat-Abyssinian 0.0055334195 0 22 419 311
dog-wheaten_terrier 0.0054158126 0 11 401 324
cat-Birman 0.0053796256 0 0 117 24
cat-Bombay 0.00532503 248 0 281 7
dog-yorkshire_terrier 0.0053077554 196 27 354 64
dog-havanese 0.0052864216 327 59 394 74
dog-leonberger 0.005283696 0 61 31 113
cat-Siamese 0.005247163 0 22 419 311
dog-leonberger 0.005212381 9 0 110 17
dog-keeshond 0.00520834 227 29 437 228
dog-newfoundland 0.0051985164 0 53 419 333
dog-wheaten_terrier 0.005178865 275 0 305 8
dog-english_cocker_spaniel 0.0051604626 104 35 316 279
cat-Bengal 0.0051138336 1 0 97 18
dog-leonberger 0.0051027727 344 59 419 74
cat-Siamese 0.0050830673 1 0 97 18
dog-great_pyrenees 0.004956703 196 27 354 64
dog-yorkshire_terrier 0.004950616 0 0 120 35
cat-Egyptian_Mau 0.0047659986 474 143 500 199
cat-Ragdoll 0.004730225 1 256 67 333
cat-Abyssinian 0.004722366 47 0 147 19
dog-pomeranian 0.0047215386 178 0 349 44
dog-wheaten_terrier 0.0046964395 121 34 405 201
cat-Egyptian_Mau 0.0046730405 0 0 85 20
dog-wheaten_terrier 0.004658182 294 1 324 9
cat-Birman 0.0046395925 179 0 251 18
dog-beagle 0.004625611 1 199 52 271
dog-miniature_pinscher 0.0045961207 10 3 169 47
cat-Bombay 0.004575145 149 0 187 8
dog-havanese 0.0045727114 321 1 356 10
cat-Bengal 0.0045398986 0 53 419 333
dog-samoyed 0.004505545 121 34 405 201
cat-Siamese 0.0044881776 31 0 168 23
dog-havanese 0.0044831717 227 29 437 228
cat-Ragdoll 0.004353723 96 54 414 333
dog-samoyed 0.0043132664 141 28 409 141
cat-Abyssinian 0.004309471 1 0 97 18
