dog-leonberger 0.9699553 58 65 339 313
dog-newfoundland 0.47775677 59 66 336 312
dog-english_setter 0.2270423 56 67 337 309
dog-havanese 0.1535259 59 66 336 312
dog-keeshond 0.109175004 56 67 337 309
dog-wheaten_terrier 0.09127572 59 66 336 312
dog-saint_bernard 0.08122481 59 66 336 312
dog-japanese_chin 0.071146615 56 67 337 309
dog-great_pyrenees 0.062446468 52 59 347 314
cat-British_Shorthair 0.03923739 54 52 335 308
dog-german_shorthaired 0.032482464 54 52 335 308
dog-pug 0.03057509 56 67 337 309
bella 0.029968938 52 59 347 314
cat-Persian 0.029694578 56 67 337 309
dog-english_cocker_spaniel 0.026364973 54 52 335 308
dog-american_pit_bull_terrier 0.025858939 54 52 335 308
dog-american_bulldog 0.02506452 56 57 338 309
dog-staffordshire_bull_terrier 0.01837819 52 59 347 314
cat-Abyssinian 0.017876646 52 59 347 314
dog-beagle 0.01685629 52 59 347 314
cat-Bengal 0.015250662 52 59 347 314
cat-Maine_Coon 0.014263244 52 59 347 314
dog-basset_hound 0.013620311 63 68 338 308
dog-chihuahua 0.01242705 56 57 338 309
dog-pomeranian 0.011827072 56 57 338 309
dog-yorkshire_terrier 0.011565157 56 57 338 309
cat-Bombay 0.011219157 56 57 338 309
dog-boxer 0.010885157 54 52 335 308
cat-Egyptian_Mau 0.010564137 52 59 347 314
dog-shiba_inu 0.0103730215 52 59 347 314
dog-pomeranian 0.009230635 181 206 329 309
dog-scottish_terrier 0.008902409 56 57 338 309
cat-Russian_Blue 0.007944271 56 57 338 309
dog-leonberger 0.007890487 28 74 358 500
cat-Egyptian_Mau 0.00773929 0 276 22 384
dog-newfoundland 0.007588311 0 36 348 398
dog-miniature_pinscher 0.0070499186 54 52 335 308
cat-Bengal 0.0067346795 0 36 348 398
cat-Egyptian_Mau 0.0065866355 352 224 373 328
cat-Egyptian_Mau 0.006473891 0 238 23 347
cat-Sphynx 0.0063866447 116 1 140 18
cat-Birman 0.0063142516 56 57 338 309
dog-beagle 0.0062497174 103 0 126 15
dog-leonberger 0.0062413486 181 206 329 309
cat-Egyptian_Mau 0.0060753305 356 138 375 225
dog-leonberger 0.005949907 0 75 323 383
dog-samoyed 0.0057189884 66 12 373 318
cat-Siamese 0.0056868102 66 12 373 318
dog-staffordshire_bull_terrier 0.005608156 166 70 191 94
cat-Russian_Blue 0.0052888063 5 0 106 51
cat-Ragdoll 0.005236146 66 12 373 318
cat-British_Shorthair 0.005198132 0 75 323 383
dog-wheaten_terrier 0.0050674477 0 36 348 398
cat-Egyptian_Mau 0.0049638255 0 199 23 312
dog-english_setter 0.004604735 181 206 329 309
cat-Egyptian_Mau 0.004574203 0 2 38 49
cat-Abyssinian 0.0045638406 355 86 375 181
dog-shiba_inu 0.00454502 181 206 329 309
bella 0.0045370595 63 133 118 226
cat-Bombay 0.0044951094 143 1 174 13
dog-american_bulldog 0.0044889897 0 36 348 398
dog-havanese 0.004488768 0 0 328 333
dog-english_cocker_spaniel 0.0044660196 0 36 348 398
dog-keeshond 0.0044191903 181 206 329 309
cat-Birman 0.0043972833 31 0 139 51
dog-staffordshire_bull_terrier 0.004364037 175 71 199 94
cat-Egyptian_Mau 0.0043316027 0 0 23 101
cat-Egyptian_Mau 0.0043133954 354 214 375 304
dog-american_pit_bull_terrier 0.004200201 273 0 372 58
cat-Russian_Blue 0.004196637 237 12 280 32
cat-Bombay 0.004194007 266 78 327 228
cat-Bombay 0.004193517 16 0 123 50
cat-Siamese 0.0041335262 355 114 375 202
cat-Sphynx 0.004123586 113 1 131 19
dog-german_shorthaired 0.0039736754 267 66 329 207
cat-Egyptian_Mau 0.003943796 6 0 57 30
cat-Sphynx 0.00390812 56 57 338 309
dog-beagle 0.0038953144 111 0 128 19
cat-Siamese 0.0038863514 16 0 123 50
cat-Bombay 0.0038577851 292 0 358 29
dog-havanese 0.0038413794 58 72 231 223
cat-Bombay 0.0038238605 171 0 234 29
dog-staffordshire_bull_terrier 0.0038029167 28 74 358 500
cat-Abyssinian 0.0036923583 356 138 375 225
cat-Egyptian_Mau 0.003690908 0 165 23 275
cat-Siamese 0.0036689215 233 0 319 48
dog-yorkshire_terrier 0.0036375953 0 0 137 127
cat-Egyptian_Mau 0.003571505 355 248 375 331
dog-havanese 0.0035346854 72 0 375 306
cat-Siamese 0.0035005084 356 138 375 225
cat-Bombay 0.0034661712 316 0 369 32
cat-Egyptian_Mau 0.0034610033 0 312 22 419
cat-Sphynx 0.003458935 106 0 125 21
cat-Abyssinian 0.0034432951 355 114 375 202
cat-Siamese 0.003439921 20 0 85 27
cat-Egyptian_Mau 0.003401715 0 337 22 443
dog-boxer 0.0033694343 0 36 348 398
cat-Egyptian_Mau 0.0033432753 356 163 375 253
cat-Birman 0.0033298004 66 0 175 56
dog-great_pyrenees 0.0032662647 0 0 328 333
