cat-Egyptian_Mau 0.65591955 29 2 231 248
cat-Maine_Coon 0.47000626 22 4 231 248
cat-British_Shorthair 0.3528558 22 4 231 248
cat-Bengal 0.1688138 31 1 230 249
dog-keeshond 0.102432914 22 4 231 248
dog-basset_hound 0.08636613 22 4 231 248
cat-Persian 0.05577957 18 9 230 247
bella 0.04419098 22 4 231 248
dog-wheaten_terrier 0.043204688 22 4 231 248
dog-english_cocker_spaniel 0.03636535 22 4 231 248
cat-Ragdoll 0.0338725 22 4 231 248
dog-havanese 0.027349317 46 299 215 439
dog-samoyed 0.02639598 18 9 230 247
cat-Russian_Blue 0.025363218 31 1 230 249
cat-British_Shorthair 0.024937741 105 13 231 241
dog-shiba_inu 0.023089025 18 9 230 247
dog-staffordshire_bull_terrier 0.0184038 121 416 143 437
dog-english_setter 0.015436991 18 9 230 247
cat-Bombay 0.013416743 236 0 336 36
cat-British_Shorthair 0.013375817 0 0 230 227
cat-Persian 0.012785476 0 0 230 227
cat-Egyptian_Mau 0.01124737 0 0 230 227
dog-shiba_inu 0.009994775 73 8 214 81
cat-Abyssinian 0.009635445 22 4 231 248
dog-basset_hound 0.009331495 249 357 375 498
dog-staffordshire_bull_terrier 0.009115682 129 418 153 435
dog-staffordshire_bull_terrier 0.008950884 73 8 214 81
dog-staffordshire_bull_terrier 0.0085929325 125 420 150 442
cat-Birman 0.0075372113 0 2 241 282
dog-wheaten_terrier 0.007473027 50 265 96 294
dog-beagle 0.007373957 207 1 226 12
cat-Russian_Blue 0.007071274 0 0 230 227
cat-Birman 0.0070605753 252 0 362 52
cat-Bombay 0.0068527614 27 0 163 63
cat-Bengal 0.006505376 73 8 214 81
dog-samoyed 0.0065023284 47 5 321 286
dog-samoyed 0.0063019935 73 8 214 81
dog-keeshond 0.006259219 0 0 230 227
dog-wheaten_terrier 0.006233353 0 0 230 227
cat-Maine_Coon 0.006152631 47 5 321 286
cat-Siamese 0.0060002157 18 9 230 247
cat-Abyssinian 0.005957837 210 0 277 30
dog-wheaten_terrier 0.0059430744 95 281 145 305
cat-Maine_Coon 0.005886909 0 0 230 227
dog-great_pyrenees 0.0058611473 44 267 87 296
cat-Bengal 0.0058104075 0 0 230 227
cat-Ragdoll 0.0057175355 0 0 230 227
dog-scottish_terrier 0.0057143485 0 2 241 282
dog-american_bulldog 0.0056032226 18 9 230 247
dog-beagle 0.0055116313 22 4 231 248
cat-Egyptian_Mau 0.005490949 207 1 285 39
cat-Maine_Coon 0.005381869 105 13 231 241
dog-havanese 0.0052528232 86 280 140 304
dog-scottish_terrier 0.0051698615 73 8 214 81
cat-Egyptian_Mau 0.0050945976 73 8 214 81
cat-Siamese 0.005005895 208 0 334 55
dog-great_pyrenees 0.004931871 18 9 230 247
cat-Egyptian_Mau 0.0049286173 0 226 23 295
dog-chihuahua 0.0048393453 75 1 375 310
dog-havanese 0.004828544 0 2 241 282
dog-great_pyrenees 0.0048114853 73 8 214 81
cat-Siamese 0.004691888 252 0 362 52
cat-Persian 0.0046627587 17 21 246 498
cat-Egyptian_Mau 0.004604523 277 0 374 53
cat-Bombay 0.004585918 232 0 307 29
cat-Egyptian_Mau 0.004535757 0 213 21 275
cat-Bengal 0.0043881303 345 56 374 184
cat-Russian_Blue 0.0043767435 252 0 362 52
cat-Ragdoll 0.0043762634 164 1 216 30
cat-Ragdoll 0.0043552653 56 0 351 229
dog-shiba_inu 0.0043219947 47 5 321 286
cat-Bengal 0.004307156 243 0 344 37
dog-pomeranian 0.0042946036 18 9 230 247
cat-Bombay 0.004225367 211 0 311 37
dog-beagle 0.004223799 215 0 234 13
cat-Russian_Blue 0.004166147 243 0 344 37
cat-Persian 0.004118301 105 13 231 241
cat-Persian 0.004110536 154 1 185 13
cat-Egyptian_Mau 0.0040620198 209 0 224 17
dog-wheaten_terrier 0.0040407227 80 279 134 303
dog-chihuahua 0.004039293 104 0 375 240
dog-beagle 0.003992259 200 1 220 12
cat-Egyptian_Mau 0.003961536 0 270 23 361
cat-Birman 0.00391002 164 1 193 13
dog-shiba_inu 0.003879144 204 378 243 414
bella 0.003864775 1 270 22 359
dog-boxer 0.003844209 196 0 309 57
cat-Egyptian_Mau 0.0038385468 47 5 321 286
dog-shiba_inu 0.003829192 277 0 374 53
cat-Bengal 0.00377598 0 290 22 392
dog-shiba_inu 0.003757916 223 65 280 96
dog-havanese 0.0037496735 73 279 125 302
cat-Egyptian_Mau 0.0037478376 0 0 220 303
cat-Egyptian_Mau 0.0037381595 205 0 264 29
cat-Bengal 0.0037200453 26 0 87 31
cat-Egyptian_Mau 0.0037100983 210 1 229 12
dog-japanese_chin 0.0036780126 0 2 241 282
cat-Siamese 0.0036672314 361 0 374 34
dog-great_pyrenees 0.0036477125 277 0 374 53
cat-Persian 0.0036445323 344 0 374 54
