cat-Maine_Coon 0.8990455 221 81 383 270
cat-Persian 0.21802098 221 81 383 270
cat-Ragdoll 0.16523391 220 80 383 270
cat-British_Shorthair 0.05207372 222 83 382 264
dog-samoyed 0.051217355 221 81 383 270
dog-keeshond 0.035149843 222 83 382 264
cat-Egyptian_Mau 0.033465084 222 83 382 264
dog-basset_hound 0.028465305 222 83 382 264
cat-Russian_Blue 0.02340067 222 83 382 264
dog-basset_hound 0.0156692 463 102 500 193
bella 0.010633517 222 83 382 264
dog-wheaten_terrier 0.009263434 221 81 383 270
dog-newfoundland 0.009055239 0 131 33 216
dog-basset_hound 0.008517655 454 124 497 200
dog-basset_hound 0.008450712 0 178 34 262
dog-pomeranian 0.0083192475 168 0 481 132
cat-Bombay 0.008311473 293 0 453 26
dog-english_cocker_spaniel 0.0081600025 0 131 33 216
dog-basset_hound 0.00815744 468 135 497 207
cat-Siamese 0.008136818 23 0 165 40
cat-Egyptian_Mau 0.0075055603 0 36 30 121
cat-Birman 0.0073243077 23 0 165 40
dog-samoyed 0.007132374 231 88 370 185
cat-Bengal 0.0070782383 37 0 172 30
dog-newfoundland 0.007041309 0 93 32 177
cat-Bombay 0.007033991 39 0 197 40
cat-Egyptian_Mau 0.0069942838 0 178 34 262
cat-Bengal 0.0069631822 0 18 378 252
dog-shiba_inu 0.006537701 222 83 382 264
cat-Ragdoll 0.0062762285 207 77 500 291
dog-english_cocker_spaniel 0.006270895 222 83 382 264
dog-german_shorthaired 0.0060595754 0 185 33 270
dog-newfoundland 0.006008851 54 128 166 192
dog-newfoundland 0.005911738 28 128 129 193
dog-staffordshire_bull_terrier 0.0058823396 0 131 33 216
cat-Bengal 0.0056776614 0 233 36 311
cat-Maine_Coon 0.005614078 207 77 500 291
cat-Bengal 0.0056015863 0 71 407 306
dog-english_cocker_spaniel 0.0055642286 0 93 32 177
dog-german_shorthaired 0.0054433807 0 129 34 220
cat-Birman 0.0054173567 207 77 500 291
dog-basset_hound 0.005206285 454 89 498 180
dog-newfoundland 0.005156107 29 109 128 174
cat-British_Shorthair 0.00499557 14 85 399 294
dog-newfoundland 0.004799265 0 185 33 270
cat-Egyptian_Mau 0.0047820527 471 245 500 308
dog-miniature_pinscher 0.0047123004 412 199 435 211
dog-newfoundland 0.0046543945 53 148 163 211
dog-german_shorthaired 0.0046251607 0 152 33 236
dog-great_pyrenees 0.0046175737 221 81 383 270
dog-newfoundland 0.0046040574 15 117 89 205
dog-miniature_pinscher 0.004445867 413 196 434 207
cat-Siamese 0.004435765 207 77 500 291
dog-staffordshire_bull_terrier 0.0044189803 0 93 32 177
dog-basset_hound 0.0044001443 0 136 36 238
cat-Egyptian_Mau 0.0043890034 0 84 32 169
dog-newfoundland 0.0043755304 56 109 169 173
dog-basset_hound 0.0043525323 467 96 500 175
cat-Bengal 0.0041690166 0 185 33 270
dog-american_pit_bull_terrier 0.0040598563 0 141 33 226
dog-newfoundland 0.0040597226 30 91 127 153
dog-english_cocker_spaniel 0.0040562 0 185 33 270
dog-american_pit_bull_terrier 0.003940674 322 0 500 87
dog-newfoundland 0.0039352747 27 147 130 213
cat-Bombay 0.0039023685 257 0 410 25
cat-Egyptian_Mau 0.0038738707 207 77 500 291
dog-yorkshire_terrier 0.003862738 0 141 33 226
dog-english_cocker_spaniel 0.0038610976 2 135 63 230
dog-newfoundland 0.0037897092 0 45 30 131
cat-Bengal 0.003733779 472 193 500 260
cat-Egyptian_Mau 0.003723325 351 96 416 122
cat-Egyptian_Mau 0.0036866514 0 58 31 140
cat-Persian 0.0036846309 394 235 429 249
cat-Persian 0.0036670382 402 236 439 249
dog-shiba_inu 0.0036271906 231 88 370 185
dog-havanese 0.0036197898 220 82 385 268
dog-english_cocker_spaniel 0.0035984172 0 58 31 140
dog-american_bulldog 0.0035648488 222 83 382 264
dog-staffordshire_bull_terrier 0.003553161 0 110 33 197
cat-Bombay 0.0035180685 294 0 398 21
cat-Abyssinian 0.0035033752 207 77 500 291
cat-Bombay 0.00346919 0 185 33 270
cat-Egyptian_Mau 0.0034248678 0 0 29 71
dog-scottish_terrier 0.0034172856 222 83 382 264
cat-Russian_Blue 0.003416235 7 0 135 41
cat-Bombay 0.0034100197 7 0 135 41
dog-english_cocker_spaniel 0.0034016795 0 162 33 245
dog-boxer 0.003399527 351 96 416 122
dog-american_pit_bull_terrier 0.0033972033 2 114 64 211
dog-miniature_pinscher 0.0033950643 417 199 443 212
cat-Bombay 0.0033925097 77 0 257 42
cat-Bengal 0.0033882724 13 0 131 31
dog-havanese 0.0033477382 122 0 432 136
dog-samoyed 0.0033389057 168 0 481 132
dog-yorkshire_terrier 0.0033375558 101 0 369 95
dog-scottish_terrier 0.003328193 0 131 33 216
dog-miniature_pinscher 0.0033180725 0 207 49 313
cat-Bengal 0.0033170164 222 83 382 264
dog-newfoundland 0.0033113272 57 93 170 152
dog-miniature_pinscher 0.0032915273 0 152 50 248
