cat-Egyptian_Mau 0.6460764 214 20 367 191
cat-Abyssinian 0.5529522 214 20 367 191
cat-British_Shorthair 0.36720824 214 20 367 191
cat-Maine_Coon 0.36530387 214 20 367 191
cat-Ragdoll 0.32023576 214 20 367 191
cat-Bengal 0.266182 214 20 367 191
cat-Russian_Blue 0.25150347 214 20 367 191
dog-great_pyrenees 0.053195257 2 87 72 179
dog-basset_hound 0.040447786 214 19 361 193
dog-shiba_inu 0.039250568 215 19 359 179
dog-wheaten_terrier 0.029396316 215 18 368 190
dog-beagle 0.025806218 214 19 361 193
dog-japanese_chin 0.024615675 214 20 367 191
dog-yorkshire_terrier 0.022512117 352 3 500 89
dog-keeshond 0.022263687 214 20 367 191
cat-Siamese 0.021630762 215 19 359 179
dog-chihuahua 0.016925503 201 7 500 206
cat-Persian 0.015013471 214 22 369 190
dog-saint_bernard 0.014440718 214 20 367 191
dog-scottish_terrier 0.013556466 215 19 359 179
cat-Bombay 0.012706912 359 0 459 25
dog-great_pyrenees 0.012421767 0 109 76 251
dog-pomeranian 0.011808952 215 19 359 179
dog-chihuahua 0.011798184 215 19 359 179
dog-english_setter 0.011354818 215 19 359 179
dog-english_setter 0.011155022 413 151 500 321
cat-Bombay 0.011090398 214 20 367 191
cat-Abyssinian 0.01084118 204 111 364 190
dog-samoyed 0.010758457 215 18 368 190
dog-shiba_inu 0.010362508 201 7 500 206
cat-Ragdoll 0.010350451 214 142 329 190
dog-pomeranian 0.010302299 201 7 500 206
dog-samoyed 0.0096566 447 260 500 333
dog-staffordshire_bull_terrier 0.009434992 104 301 143 313
dog-american_bulldog 0.009222632 215 19 359 179
dog-great_pyrenees 0.00921195 215 18 368 190
cat-Sphynx 0.009150701 215 19 359 179
bella 0.008787677 214 20 367 191
dog-saint_bernard 0.008320647 132 95 179 116
cat-Maine_Coon 0.007863191 447 260 500 333
dog-leonberger 0.0078025176 457 27 499 91
cat-British_Shorthair 0.0075936383 0 0 391 239
dog-american_pit_bull_terrier 0.0075659007 215 19 359 179
dog-leonberger 0.0075259446 360 175 393 209
cat-Birman 0.0071827862 0 0 289 81
cat-Bombay 0.007120866 354 0 432 20
cat-Maine_Coon 0.006879303 209 112 376 192
dog-great_pyrenees 0.006573566 18 107 81 201
dog-miniature_pinscher 0.0065570767 313 6 500 89
dog-yorkshire_terrier 0.006556241 424 19 500 99
dog-english_cocker_spaniel 0.0063351085 215 19 359 179
dog-chihuahua 0.0061771334 195 40 500 268
dog-yorkshire_terrier 0.0060112234 201 7 500 206
cat-Egyptian_Mau 0.0059172446 218 27 351 113
dog-miniature_pinscher 0.005889039 215 19 359 179
cat-Siamese 0.0058461875 201 7 500 206
dog-american_pit_bull_terrier 0.0055734944 201 7 500 206
dog-leonberger 0.005544196 466 37 500 90
cat-Abyssinian 0.0055359574 201 7 500 206
dog-leonberger 0.005524327 214 20 367 191
dog-great_pyrenees 0.005401981 1 58 73 149
dog-great_pyrenees 0.0053881486 5 96 42 152
dog-boxer 0.0053692926 215 19 359 179
dog-samoyed 0.005252654 201 7 500 206
dog-american_bulldog 0.0050616837 201 7 500 206
dog-samoyed 0.005026761 222 21 348 91
cat-Bombay 0.0049944203 210 0 288 20
cat-Ragdoll 0.004958712 201 7 500 206
dog-shiba_inu 0.0049313474 218 27 351 113
dog-miniature_pinscher 0.004903979 201 7 500 206
dog-american_pit_bull_terrier 0.004893591 427 168 500 310
cat-Egyptian_Mau 0.004878627 449 266 500 333
dog-basset_hound 0.0048459703 44 43 67 53
dog-great_pyrenees 0.004831929 9 129 102 293
dog-havanese 0.004734479 183 0 375 182
dog-staffordshire_bull_terrier 0.004637481 106 306 140 315
dog-basset_hound 0.0046363766 48 44 73 52
dog-chihuahua 0.0046349177 313 6 500 89
cat-Maine_Coon 0.004620191 201 7 500 206
dog-great_pyrenees 0.0046191583 2 91 65 142
cat-Bengal 0.0045822365 218 27 351 113
dog-staffordshire_bull_terrier 0.0044625057 97 300 125 313
cat-Maine_Coon 0.0044417283 218 27 351 113
dog-great_pyrenees 0.004383221 5 122 36 179
dog-english_setter 0.0043808515 436 176 500 298
cat-Birman 0.0042646225 215 19 359 179
dog-scottish_terrier 0.0041843494 222 21 348 91
dog-keeshond 0.0041628233 201 7 500 206
dog-beagle 0.0039908714 201 7 500 206
dog-staffordshire_bull_terrier 0.0039475285 215 19 359 179
dog-havanese 0.0039277156 424 19 500 99
dog-yorkshire_terrier 0.0039159246 431 39 500 128
cat-Sphynx 0.0039086975 201 7 500 206
dog-english_cocker_spaniel 0.0038640497 458 145 500 238
cat-Siamese 0.0038550615 0 0 289 81
dog-great_pyrenees 0.0038301905 4 86 39 135
dog-basset_hound 0.0038299155 201 7 500 206
dog-miniature_pinscher 0.0038223988 431 39 500 128
cat-Bengal 0.0037902694 0 0 391 239
dog-staffordshire_bull_terrier 0.0037517499 134 284 170 297
