dog-miniature_pinscher 0.7976551 109 36 197 150
dog-chihuahua 0.64275193 108 35 197 151
cat-Sphynx 0.10756826 108 35 197 151
dog-american_pit_bull_terrier 0.08902765 108 35 197 151
dog-staffordshire_bull_terrier 0.057718538 113 41 196 151
dog-chihuahua 0.05073032 79 6 205 148
dog-pug 0.022334 95 26 198 151
dog-yorkshire_terrier 0.01872778 95 26 198 151
dog-american_pit_bull_terrier 0.018269747 79 6 205 148
cat-Abyssinian 0.017599178 95 26 198 151
dog-miniature_pinscher 0.016835393 79 6 205 148
cat-Bombay 0.014934032 18 0 116 22
dog-beagle 0.014579502 101 139 118 159
dog-chihuahua 0.013750434 100 3 300 151
cat-Birman 0.0128338095 50 0 133 22
dog-scottish_terrier 0.012249443 108 35 197 151
cat-Bombay 0.011481454 5 0 98 18
cat-Bombay 0.011405208 95 26 198 151
cat-Siamese 0.010845026 113 38 195 151
dog-beagle 0.009566535 95 26 198 151
cat-Bombay 0.00941266 50 0 133 22
cat-Siamese 0.00937664 50 0 133 22
dog-shiba_inu 0.0093429545 108 35 197 151
bella 0.009059763 279 96 298 154
dog-pug 0.008288259 47 0 132 28
cat-Abyssinian 0.007866072 291 47 300 68
cat-British_Shorthair 0.0077726142 183 43 200 50
dog-newfoundland 0.007766545 95 26 198 151
cat-Siamese 0.0077395253 196 0 245 11
cat-Birman 0.0074072904 18 0 116 22
cat-Siamese 0.007366457 182 37 220 51
cat-Persian 0.0073496248 243 0 277 8
dog-leonberger 0.0072848583 273 0 299 42
cat-Siamese 0.0072000674 18 0 116 22
dog-miniature_pinscher 0.007143462 100 3 300 151
dog-leonberger 0.0068329186 78 37 97 56
dog-beagle 0.006789398 100 134 117 153
cat-Bengal 0.006781731 0 0 211 142
cat-Sphynx 0.006746766 79 6 205 148
cat-Abyssinian 0.0067019677 292 53 300 74
cat-Siamese 0.0064007184 0 0 85 23
cat-Bengal 0.00621841 0 0 197 114
dog-miniature_pinscher 0.006159168 0 0 197 114
dog-english_setter 0.006128041 108 35 197 151
dog-german_shorthaired 0.0060434476 95 26 198 151
cat-Siamese 0.0059204013 228 0 300 25
dog-miniature_pinscher 0.0059024924 0 0 211 142
cat-Siamese 0.005869569 292 76 300 95
cat-Bengal 0.005863273 95 26 198 151
dog-pomeranian 0.005722672 113 38 195 151
dog-pomeranian 0.00552836 79 6 205 148
dog-german_shorthaired 0.005502861 145 38 196 98
cat-Siamese 0.005461903 181 31 221 46
cat-Abyssinian 0.00541486 291 42 300 62
cat-Siamese 0.0053887493 106 26 300 181
cat-Sphynx 0.0053489124 0 0 211 142
dog-american_pit_bull_terrier 0.005214923 197 0 300 57
cat-Birman 0.0051671797 228 0 300 25
cat-Birman 0.005133422 254 0 296 14
cat-Sphynx 0.005082257 106 26 300 181
dog-pug 0.005078528 34 0 126 22
dog-boxer 0.005011746 78 38 96 64
dog-miniature_pinscher 0.004805726 291 59 300 79
dog-american_pit_bull_terrier 0.0047503235 100 3 300 151
dog-pug 0.0046961852 180 43 198 50
dog-basset_hound 0.0046716896 121 111 191 148
dog-boxer 0.0045665256 114 42 196 152
cat-Siamese 0.0045579523 181 0 232 12
cat-Siamese 0.004500071 212 0 264 12
dog-chihuahua 0.00445046 50 0 133 22
dog-boxer 0.0044468404 179 145 238 175
cat-Egyptian_Mau 0.0044360706 284 70 300 108
dog-yorkshire_terrier 0.0044313814 30 0 127 26
cat-Siamese 0.0044122874 208 1 298 32
cat-Bengal 0.0043491535 121 111 191 148
dog-shiba_inu 0.004286392 189 31 227 45
dog-yorkshire_terrier 0.004245327 50 0 133 22
cat-Siamese 0.004216529 233 0 287 13
dog-beagle 0.0041722115 0 0 197 114
dog-basset_hound 0.0041699535 0 0 211 142
cat-Russian_Blue 0.0041645826 228 0 300 25
dog-chihuahua 0.004141356 103 0 300 122
cat-Bombay 0.0041325646 0 0 197 114
cat-Russian_Blue 0.00412616 50 0 133 22
dog-leonberger 0.004047028 179 145 238 175
dog-miniature_pinscher 0.004031551 292 53 300 74
cat-Abyssinian 0.0040008617 291 59 300 79
cat-Abyssinian 0.0039797043 188 0 238 11
dog-miniature_pinscher 0.0039723283 132 43 196 108
dog-staffordshire_bull_terrier 0.0039507058 79 6 205 148
dog-keeshond 0.003948772 50 0 133 22
dog-beagle 0.0039460813 0 0 211 142
dog-boxer 0.003944646 291 47 300 68
dog-newfoundland 0.0039344896 69 2 129 94
dog-american_pit_bull_terrier 0.0039205714 100 0 300 164
cat-Siamese 0.003906528 292 82 300 101
cat-Egyptian_Mau 0.003900832 285 49 300 92
bella 0.0038330643 282 104 300 148
dog-miniature_pinscher 0.0036616342 291 47 300 68
dog-chihuahua 0.0036522353 30 0 127 26
