dog-miniature_pinscher 0.8474877 135 43 233 190
dog-german_shorthaired 0.49462205 135 43 233 190
cat-Bombay 0.13508275 137 44 233 189
dog-basset_hound 0.11973041 136 36 232 411
dog-staffordshire_bull_terrier 0.07957695 139 38 231 204
dog-german_shorthaired 0.059725706 0 0 238 450
dog-miniature_pinscher 0.03956488 0 5 237 400
dog-german_shorthaired 0.038957786 142 41 229 338
dog-staffordshire_bull_terrier 0.032579537 0 5 237 400
dog-boxer 0.031142931 140 41 230 250
dog-english_cocker_spaniel 0.027837684 0 5 237 400
cat-Sphynx 0.02769327 139 38 231 204
dog-basset_hound 0.022422325 0 5 237 400
cat-Russian_Blue 0.016653463 142 41 229 338
dog-american_pit_bull_terrier 0.016546441 0 5 237 400
cat-Bombay 0.015605578 38 0 124 38
dog-scottish_terrier 0.015183815 0 1 232 372
cat-Bengal 0.014178669 0 1 232 372
dog-boxer 0.01356414 145 49 227 396
dog-german_shorthaired 0.013214158 0 23 233 373
dog-basset_hound 0.012348289 197 219 218 277
dog-scottish_terrier 0.011482282 0 30 238 258
dog-miniature_pinscher 0.011458832 142 41 229 338
cat-Birman 0.009811101 13 424 86 500
cat-Bengal 0.009313347 136 44 234 184
dog-basset_hound 0.00892914 153 79 261 446
cat-Bombay 0.008906789 241 2 291 40
cat-Bombay 0.008865911 200 0 281 37
dog-miniature_pinscher 0.008690137 95 30 223 169
dog-basset_hound 0.0084351385 140 41 230 250
dog-american_pit_bull_terrier 0.008286479 136 44 234 187
dog-basset_hound 0.008130225 142 242 217 389
dog-american_pit_bull_terrier 0.007681041 94 3 294 346
cat-Bengal 0.0076483316 60 0 138 37
dog-yorkshire_terrier 0.00741659 0 0 177 128
dog-beagle 0.0073787086 0 5 237 400
dog-scottish_terrier 0.0073611243 136 44 232 184
cat-Sphynx 0.0073507517 95 30 223 169
dog-miniature_pinscher 0.0071537066 84 41 233 226
dog-miniature_pinscher 0.0069005922 0 44 260 500
dog-american_pit_bull_terrier 0.0068631535 195 205 221 272
dog-english_cocker_spaniel 0.0068422705 136 44 234 184
dog-english_cocker_spaniel 0.006711129 0 0 236 334
cat-Bombay 0.006619477 19 0 116 53
dog-scottish_terrier 0.006359758 0 9 207 179
dog-scottish_terrier 0.0062500644 0 1 168 272
bella 0.006232478 197 219 218 277
cat-Egyptian_Mau 0.0062284134 0 179 14 257
dog-miniature_pinscher 0.0060671708 0 30 238 258
dog-miniature_pinscher 0.0060315924 0 0 205 276
cat-Egyptian_Mau 0.0060277884 280 353 294 440
cat-Bombay 0.006022083 16 0 92 38
cat-Bengal 0.005970256 0 30 238 258
cat-Russian_Blue 0.0057168147 135 38 231 201
cat-Egyptian_Mau 0.005648394 0 152 15 232
cat-Sphynx 0.005622366 142 41 229 338
dog-miniature_pinscher 0.005608297 147 16 282 175
dog-shiba_inu 0.005555491 0 30 238 258
dog-yorkshire_terrier 0.0055398704 78 0 162 57
cat-Bombay 0.005326369 66 0 136 34
cat-Siamese 0.005311333 10 0 100 53
cat-Bombay 0.005265156 95 30 223 169
cat-Bombay 0.0052630906 257 1 293 47
dog-staffordshire_bull_terrier 0.005254772 195 205 221 272
cat-Russian_Blue 0.0052395645 183 35 211 50
cat-Russian_Blue 0.005140452 60 0 138 37
dog-boxer 0.0050941985 197 217 218 271
dog-german_shorthaired 0.005057039 197 217 218 271
cat-Bengal 0.0050087464 95 30 223 169
dog-english_setter 0.0049837497 197 217 218 271
dog-english_setter 0.0049201166 0 5 237 400
dog-staffordshire_bull_terrier 0.00488519 180 36 207 52
dog-beagle 0.004794589 230 263 265 301
cat-Bengal 0.0047032894 17 16 226 173
dog-boxer 0.0047001583 245 266 265 285
dog-yorkshire_terrier 0.004448889 17 16 226 173
cat-Egyptian_Mau 0.004410444 277 127 294 234
cat-Egyptian_Mau 0.00439417 285 40 294 84
dog-english_cocker_spaniel 0.0043809884 0 44 260 500
dog-leonberger 0.004325805 197 217 218 271
dog-miniature_pinscher 0.0043011312 17 16 226 173
dog-scottish_terrier 0.004294294 0 0 177 128
cat-Bengal 0.0042902688 0 0 205 276
dog-shiba_inu 0.0042889 17 16 226 173
dog-basset_hound 0.0042297794 0 17 252 500
dog-american_bulldog 0.00420626 195 205 221 272
cat-British_Shorthair 0.004147088 33 166 57 181
dog-newfoundland 0.0040586106 0 9 253 459
dog-beagle 0.0040577124 197 217 218 271
dog-yorkshire_terrier 0.0039999927 0 0 139 152
dog-basset_hound 0.003962771 156 335 204 386
dog-newfoundland 0.003955755 138 38 233 201
cat-Russian_Blue 0.0039075133 95 30 223 169
dog-scottish_terrier 0.0039020737 0 0 205 276
dog-shiba_inu 0.0038984185 280 289 294 376
dog-american_pit_bull_terrier 0.0038956867 0 31 217 500
cat-Bombay 0.0038590222 251 2 279 18
cat-Egyptian_Mau 0.0038367803 279 244 294 327
cat-Birman 0.0038208792 0 433 72 500
dog-english_cocker_spaniel 0.0037928012 197 219 218 277
