dog-shiba_inu 0.6607538 223 5 367 166
cat-Sphynx 0.4983779 222 5 365 165
dog-chihuahua 0.44996852 223 5 367 166
dog-staffordshire_bull_terrier 0.42549437 222 5 365 165
dog-miniature_pinscher 0.3055886 222 5 366 165
cat-Russian_Blue 0.25360137 221 5 367 163
dog-scottish_terrier 0.1242998 223 5 367 166
cat-Bengal 0.044563428 221 5 367 163
dog-american_pit_bull_terrier 0.042753957 223 7 369 166
cat-Siamese 0.02593972 221 5 367 163
dog-keeshond 0.025760751 221 5 367 163
cat-Abyssinian 0.025540695 221 5 367 163
dog-german_shorthaired 0.019714884 221 5 367 163
cat-Siamese 0.019660853 360 2 438 25
dog-boxer 0.019206671 221 5 367 163
dog-leonberger 0.01689961 223 7 369 166
cat-Egyptian_Mau 0.016620262 221 5 367 163
dog-basset_hound 0.01532768 221 5 367 163
dog-beagle 0.014670236 221 5 367 163
dog-english_setter 0.013648314 221 5 367 163
dog-chihuahua 0.012212865 202 0 500 211
cat-Maine_Coon 0.012151182 226 6 367 165
cat-Bombay 0.0108787455 221 5 367 163
bella 0.009381483 2 131 35 194
bella 0.008761387 221 5 367 163
dog-american_bulldog 0.0086420365 198 0 370 165
dog-miniature_pinscher 0.0083381515 0 0 398 200
cat-Siamese 0.008169939 3 0 143 37
dog-english_setter 0.0077887205 0 237 84 331
dog-miniature_pinscher 0.007339129 202 0 500 211
dog-basset_hound 0.007129937 312 205 407 257
dog-chihuahua 0.0067946864 248 36 500 333
cat-Siamese 0.0066606444 370 0 442 19
dog-american_pit_bull_terrier 0.006658339 202 0 500 211
dog-leonberger 0.006613739 179 173 230 199
cat-British_Shorthair 0.0065785437 0 0 398 200
dog-staffordshire_bull_terrier 0.006266264 51 13 351 175
cat-Bengal 0.005821331 0 0 398 200
cat-Bombay 0.0057321354 66 0 247 39
cat-British_Shorthair 0.0056587844 0 0 345 153
cat-Birman 0.005617748 13 0 177 37
dog-boxer 0.005617042 328 4 486 57
dog-miniature_pinscher 0.005613692 0 0 345 153
dog-boxer 0.005278639 360 0 434 20
dog-american_pit_bull_terrier 0.005277923 0 191 79 312
cat-Bengal 0.005272283 0 0 345 153
dog-english_cocker_spaniel 0.0052682683 0 0 398 200
cat-Bombay 0.005157991 190 2 267 26
dog-german_shorthaired 0.0050906036 0 0 398 200
cat-Bombay 0.0050870986 71 0 234 26
dog-leonberger 0.004997376 0 237 84 331
dog-chihuahua 0.004972472 206 40 500 333
dog-american_pit_bull_terrier 0.0049724104 51 13 351 175
dog-scottish_terrier 0.004935151 0 0 398 200
cat-Siamese 0.004927303 161 2 256 25
dog-pug 0.004826031 198 0 370 165
dog-american_pit_bull_terrier 0.004821613 200 0 500 158
cat-Siamese 0.004807489 378 1 455 23
cat-Sphynx 0.004769354 190 2 267 26
dog-newfoundland 0.004737493 0 2 274 179
dog-pomeranian 0.004719637 373 157 500 333
dog-shiba_inu 0.004669061 51 13 351 175
dog-chihuahua 0.0046550767 200 0 500 158
dog-american_pit_bull_terrier 0.004631863 2 182 66 272
cat-Siamese 0.004541492 348 0 423 20
dog-scottish_terrier 0.004467417 0 0 345 153
dog-english_cocker_spaniel 0.004357859 0 0 345 153
dog-american_pit_bull_terrier 0.004331031 2 164 64 244
cat-Siamese 0.0043105665 190 2 267 26
dog-yorkshire_terrier 0.0043019853 200 0 500 158
cat-Bombay 0.0042854724 13 0 177 37
dog-boxer 0.0042399014 347 3 428 25
dog-yorkshire_terrier 0.0042160903 209 0 360 155
dog-american_pit_bull_terrier 0.0042112903 0 0 398 200
cat-Bombay 0.0041946704 161 2 256 25
bella 0.0041626766 0 254 29 309
cat-Abyssinian 0.0040991176 360 0 434 20
dog-staffordshire_bull_terrier 0.0039975736 288 51 320 68
dog-newfoundland 0.003987916 198 0 370 165
dog-boxer 0.003956397 336 0 480 43
dog-boxer 0.0039413073 190 2 267 26
dog-leonberger 0.003934419 461 126 498 183
dog-newfoundland 0.0038952774 50 99 191 161
dog-staffordshire_bull_terrier 0.0038772246 0 0 398 200
dog-saint_bernard 0.0038623528 179 173 230 199
dog-yorkshire_terrier 0.0038538533 0 0 345 153
cat-Abyssinian 0.0038478004 206 40 500 333
dog-samoyed 0.0038297358 200 0 500 158
bella 0.003771142 1 39 34 113
dog-pomeranian 0.0037675856 200 0 500 158
cat-Sphynx 0.0037211657 254 10 370 134
cat-Sphynx 0.0037167263 360 2 438 25
dog-shiba_inu 0.0037037744 202 0 500 211
dog-leonberger 0.00368497 168 173 218 201
cat-Russian_Blue 0.0036618363 96 0 248 33
dog-american_pit_bull_terrier 0.0036575343 1 135 66 218
dog-havanese 0.0036523843 86 322 130 333
cat-Abyssinian 0.0036027727 347 3 428 25
dog-miniature_pinscher 0.0035218569 254 67 500 333
cat-Sphynx 0.0035201672 202 0 500 211
