dog-chihuahua 0.9466004 83 10 342 271
dog-miniature_pinscher 0.71624064 80 14 343 271
cat-Sphynx 0.48633796 83 10 342 271
dog-staffordshire_bull_terrier 0.24355508 83 10 342 271
dog-shiba_inu 0.18075472 80 16 343 275
dog-american_pit_bull_terrier 0.15132086 80 14 343 271
dog-scottish_terrier 0.13940659 83 10 342 271
cat-Russian_Blue 0.054192595 81 12 344 278
cat-Abyssinian 0.050389376 81 12 344 278
cat-Bombay 0.04426169 86 11 346 274
cat-Siamese 0.042196076 81 12 344 278
cat-Bombay 0.042062577 140 0 263 27
dog-boxer 0.03955625 279 258 303 273
dog-boxer 0.037712533 86 11 346 274
cat-Bengal 0.034909584 81 12 344 278
dog-yorkshire_terrier 0.03153957 81 21 185 187
dog-german_shorthaired 0.028830077 86 11 346 274
dog-pug 0.01845733 86 11 346 274
dog-leonberger 0.017064303 86 11 346 274
dog-yorkshire_terrier 0.014953532 80 14 343 271
dog-keeshond 0.014680592 94 11 348 271
dog-yorkshire_terrier 0.014341465 342 0 500 75
dog-newfoundland 0.013995365 86 11 346 274
dog-miniature_pinscher 0.013685455 88 53 382 333
dog-basset_hound 0.013125538 81 12 344 278
dog-miniature_pinscher 0.012074539 0 0 345 313
dog-beagle 0.010111856 81 12 344 278
dog-pomeranian 0.009438264 81 21 185 187
cat-Maine_Coon 0.009275437 81 12 344 278
dog-beagle 0.008691144 0 0 292 275
dog-chihuahua 0.0086550405 0 0 345 313
dog-chihuahua 0.0085272165 81 21 185 187
dog-miniature_pinscher 0.00812029 0 102 16 132
dog-english_setter 0.007836475 81 12 344 278
dog-american_bulldog 0.00783645 36 0 352 283
cat-Bombay 0.007336295 138 0 221 20
cat-Egyptian_Mau 0.007104738 81 12 344 278
cat-Sphynx 0.006700765 0 0 345 313
dog-miniature_pinscher 0.0065552094 486 92 500 119
dog-american_pit_bull_terrier 0.0064177383 88 53 382 333
dog-pug 0.006412134 0 0 292 275
dog-staffordshire_bull_terrier 0.0062489947 88 53 382 333
dog-staffordshire_bull_terrier 0.0059868447 0 0 345 313
dog-yorkshire_terrier 0.005883885 271 6 500 111
dog-miniature_pinscher 0.0057968623 484 82 500 109
dog-miniature_pinscher 0.0057838233 0 111 16 137
dog-german_shorthaired 0.0056364355 0 0 292 275
dog-miniature_pinscher 0.0054156436 0 92 16 125
cat-Bombay 0.005387827 359 1 464 27
cat-Bombay 0.0050874148 142 0 180 8
cat-Egyptian_Mau 0.004953219 0 0 292 275
dog-chihuahua 0.004946678 88 53 382 333
dog-american_bulldog 0.004943255 0 0 292 275
dog-staffordshire_bull_terrier 0.0048964294 178 12 333 58
dog-shiba_inu 0.0048607606 0 0 292 275
cat-Bengal 0.0048355283 0 0 292 275
dog-yorkshire_terrier 0.0046167998 76 19 126 97
dog-miniature_pinscher 0.0045539103 73 23 160 172
cat-Bombay 0.004515866 0 0 34 66
dog-saint_bernard 0.00443366 0 0 292 275
dog-yorkshire_terrier 0.0044130557 308 0 500 82
dog-staffordshire_bull_terrier 0.004394758 233 112 267 132
dog-yorkshire_terrier 0.004390502 72 19 109 93
cat-Bombay 0.004321544 0 0 345 313
dog-english_setter 0.004209987 0 0 292 275
dog-yorkshire_terrier 0.00415635 384 0 500 50
cat-Bombay 0.004111762 353 0 433 21
cat-Bombay 0.004057046 413 1 500 29
dog-english_cocker_spaniel 0.0040539606 462 214 499 283
dog-shiba_inu 0.003940096 178 12 333 58
dog-leonberger 0.0039049569 359 162 402 200
cat-Bengal 0.0038386052 0 0 345 313
dog-yorkshire_terrier 0.0038295665 68 20 162 156
dog-leonberger 0.003802832 370 107 412 150
dog-miniature_pinscher 0.003801046 486 102 500 129
dog-american_bulldog 0.0038004878 0 0 320 186
dog-english_setter 0.003788325 88 53 382 333
cat-Russian_Blue 0.003677602 88 53 382 333
dog-pomeranian 0.003648964 92 0 367 269
cat-Bengal 0.003636826 0 249 203 333
dog-scottish_terrier 0.0036100359 81 21 185 187
cat-Bombay 0.0036014412 206 17 342 182
cat-Bombay 0.003543697 5 1 42 11
dog-chihuahua 0.0035095066 486 92 500 119
dog-american_pit_bull_terrier 0.0034449613 81 21 185 187
cat-Siamese 0.003422135 88 53 382 333
dog-yorkshire_terrier 0.0034027868 206 17 342 182
dog-newfoundland 0.003371768 0 0 292 275
dog-yorkshire_terrier 0.0033691684 419 1 500 75
dog-american_pit_bull_terrier 0.0033466616 0 0 345 313
dog-miniature_pinscher 0.0033416438 0 84 16 116
dog-beagle 0.0032872017 0 0 320 186
dog-chihuahua 0.0032534238 486 23 500 47
cat-Bombay 0.0032220157 131 0 166 8
dog-english_cocker_spaniel 0.0032032947 411 203 500 333
cat-Russian_Blue 0.003178281 0 0 292 275
cat-Bombay 0.00316486 0 16 32 88
dog-yorkshire_terrier 0.0031579444 88 53 382 333
dog-staffordshire_bull_terrier 0.00315154 99 102 234 266
cat-Bengal 0.0031299386 255 258 441 333
