dog-newfoundland 0.9907685 233 66 453 296
dog-german_shorthaired 0.07843342 232 65 454 299
dog-english_cocker_spaniel 0.06427976 232 65 454 299
cat-Bombay 0.05576254 232 65 454 299
dog-havanese 0.047894526 232 65 453 296
cat-British_Shorthair 0.041079234 232 66 454 296
dog-leonberger 0.039153352 234 64 454 299
dog-scottish_terrier 0.038151264 231 65 453 298
dog-wheaten_terrier 0.025767094 232 65 453 296
dog-yorkshire_terrier 0.025018692 232 65 454 299
dog-staffordshire_bull_terrier 0.02496796 231 65 453 298
dog-pug 0.022083746 232 66 454 296
cat-Bengal 0.015192303 231 65 453 298
cat-Persian 0.013726199 231 65 453 298
dog-pomeranian 0.013241231 1 124 75 203
dog-american_pit_bull_terrier 0.012809517 231 65 453 298
dog-miniature_pinscher 0.012703399 231 65 453 298
cat-British_Shorthair 0.010513176 0 27 472 328
dog-keeshond 0.010480092 231 65 453 298
dog-great_pyrenees 0.010079918 231 65 453 298
cat-Egyptian_Mau 0.009574979 472 181 500 246
dog-newfoundland 0.009222885 0 27 472 328
dog-newfoundland 0.008991893 236 69 432 192
dog-leonberger 0.008719141 0 95 30 138
dog-leonberger 0.008559257 161 165 197 200
dog-leonberger 0.008319947 0 82 28 133
cat-Abyssinian 0.0082197 0 0 37 40
dog-english_setter 0.008149184 231 65 453 298
dog-american_bulldog 0.007722147 0 27 472 328
dog-basset_hound 0.0077091535 471 186 499 276
cat-Abyssinian 0.0072766664 18 0 157 37
dog-newfoundland 0.0069768224 32 62 451 308
cat-Egyptian_Mau 0.0068853223 473 197 500 263
cat-Maine_Coon 0.006875353 231 65 453 298
cat-Bengal 0.006820152 0 0 37 40
dog-chihuahua 0.0064739645 231 65 453 298
dog-great_pyrenees 0.0064296434 2 178 72 275
bella 0.0062152995 473 197 500 263
cat-Egyptian_Mau 0.0061909216 0 0 33 59
cat-Bengal 0.006171293 18 0 157 37
cat-Persian 0.0060911844 1 128 36 199
dog-english_setter 0.0060657123 0 79 31 135
dog-japanese_chin 0.006047748 232 65 453 296
dog-boxer 0.0060395794 214 73 477 335
cat-British_Shorthair 0.0058957674 32 62 451 308
dog-newfoundland 0.005883151 166 51 500 303
dog-leonberger 0.0058287894 1 106 31 151
dog-yorkshire_terrier 0.005822708 236 69 432 192
cat-Egyptian_Mau 0.005765399 210 66 282 89
dog-english_cocker_spaniel 0.005743217 0 27 472 328
bella 0.005619589 472 173 500 238
cat-Birman 0.005580116 231 65 453 298
dog-american_pit_bull_terrier 0.0055745537 263 100 500 335
cat-Bengal 0.0053666085 128 0 251 29
cat-Egyptian_Mau 0.0052421996 18 0 157 37
dog-saint_bernard 0.0051551606 232 65 453 296
dog-leonberger 0.0051256786 263 100 500 335
dog-keeshond 0.0051065073 254 0 500 267
cat-Russian_Blue 0.005033254 18 0 157 37
dog-leonberger 0.004935223 0 67 27 122
dog-basset_hound 0.004894292 214 73 477 335
bella 0.0046748947 473 149 500 212
dog-english_cocker_spaniel 0.004648116 470 208 500 286
dog-great_pyrenees 0.004588978 1 164 75 247
dog-leonberger 0.0045357523 0 112 32 169
bella 0.0044807335 470 208 500 286
dog-havanese 0.004478635 217 0 500 295
cat-Abyssinian 0.004462991 472 181 500 246
cat-Bengal 0.0044449093 0 0 28 29
dog-newfoundland 0.0043942556 263 100 500 335
cat-Bombay 0.0043803044 27 0 340 78
cat-Bengal 0.004334759 0 0 33 59
dog-basset_hound 0.004322545 470 208 500 286
cat-Bengal 0.0042302213 6 0 186 49
cat-Egyptian_Mau 0.0042164465 470 161 500 234
cat-Bombay 0.004216367 315 0 451 27
dog-samoyed 0.0042130086 254 70 418 143
dog-staffordshire_bull_terrier 0.004162313 263 100 500 335
dog-american_bulldog 0.004145805 231 65 453 298
dog-basset_hound 0.0041186763 470 169 500 243
cat-Bombay 0.0040810304 302 0 393 19
cat-Egyptian_Mau 0.004071851 0 0 37 40
cat-Bombay 0.004054777 166 0 296 26
bella 0.004009463 487 55 500 83
dog-english_setter 0.003970423 0 93 28 141
cat-Egyptian_Mau 0.00397005 0 93 28 141
cat-Persian 0.003965324 0 27 472 328
cat-Siamese 0.0039027263 486 3 500 27
dog-havanese 0.0038476854 0 27 472 328
cat-Egyptian_Mau 0.0038092104 231 65 453 298
dog-havanese 0.0036840248 236 69 432 192
cat-Bengal 0.0036603766 0 27 472 328
cat-Bengal 0.003651954 130 0 215 20
cat-Bengal 0.0036157575 53 26 149 57
dog-wheaten_terrier 0.0036155754 0 27 472 328
dog-american_pit_bull_terrier 0.0036023841 118 0 350 57
cat-Bombay 0.003597347 18 0 157 37
dog-pomeranian 0.0035948781 170 0 471 123
dog-havanese 0.003575298 94 0 468 319
dog-american_bulldog 0.0035655957 0 82 28 133
