dog-newfoundland 0.9921991 35 32 171 165
dog-leonberger 0.078412026 36 31 171 166
cat-British_Shorthair 0.072183065 36 31 172 166
dog-english_cocker_spaniel 0.044711575 35 33 171 163
dog-german_shorthaired 0.042998563 35 33 171 163
dog-havanese 0.037225362 36 31 171 166
dog-basset_hound 0.03339117 19 45 213 383
dog-pug 0.02034962 36 31 172 166
cat-Bombay 0.020299166 36 32 172 164
dog-wheaten_terrier 0.017843474 36 31 172 166
dog-boxer 0.017781889 225 95 307 132
cat-Siamese 0.014995762 159 0 262 32
cat-Bombay 0.013407752 325 0 474 39
cat-Egyptian_Mau 0.012456028 468 0 498 63
dog-miniature_pinscher 0.011826854 2 35 174 167
cat-Abyssinian 0.011603124 38 21 307 369
dog-boxer 0.011415261 218 94 288 122
dog-boxer 0.011101322 210 94 261 124
dog-havanese 0.01103231 0 0 179 180
dog-yorkshire_terrier 0.010701066 270 0 500 62
dog-scottish_terrier 0.010551619 2 35 174 167
dog-staffordshire_bull_terrier 0.010463505 40 33 193 160
dog-newfoundland 0.010147779 0 19 171 196
dog-boxer 0.009765963 247 94 336 129
cat-Egyptian_Mau 0.009185553 23 18 486 410
dog-yorkshire_terrier 0.009154144 37 32 172 165
cat-Abyssinian 0.008972224 22 4 496 410
dog-boxer 0.008891973 198 93 243 124
cat-Ragdoll 0.008483342 83 3 168 36
cat-Birman 0.008380596 183 0 353 43
dog-pug 0.008149258 0 0 151 171
dog-keeshond 0.007857409 2 35 174 167
dog-english_cocker_spaniel 0.0077600256 29 37 199 292
cat-Egyptian_Mau 0.0075694635 482 57 500 101
cat-Siamese 0.0073053325 325 0 474 39
cat-Bengal 0.0072841863 2 35 174 167
cat-Maine_Coon 0.007270552 470 0 500 59
cat-Birman 0.0070336685 171 0 291 31
bella 0.007016817 480 53 500 103
cat-British_Shorthair 0.006800481 307 2 362 13
dog-american_pit_bull_terrier 0.0067821583 2 35 174 167
dog-basset_hound 0.006756858 21 25 500 401
dog-english_cocker_spaniel 0.00664662 0 0 151 171
dog-newfoundland 0.006626131 0 0 151 171
dog-chihuahua 0.006015314 486 103 500 140
dog-boxer 0.006002079 177 92 234 126
dog-basset_hound 0.0059135044 77 180 222 373
dog-yorkshire_terrier 0.005855871 384 14 500 220
dog-pug 0.0058477256 0 0 179 180
cat-Egyptian_Mau 0.0057620546 483 70 500 118
cat-Russian_Blue 0.0056357216 166 0 283 31
dog-basset_hound 0.0054810233 38 21 307 369
cat-British_Shorthair 0.0054339045 0 0 151 171
dog-boxer 0.0054302486 172 86 236 115
dog-chihuahua 0.0053738323 486 113 500 149
cat-Birman 0.005303756 194 0 338 32
dog-english_cocker_spaniel 0.0052835764 0 23 181 176
dog-basset_hound 0.0051919264 2 35 174 167
dog-leonberger 0.005149893 29 37 199 292
dog-japanese_chin 0.005120529 36 31 172 166
cat-Ragdoll 0.0050816396 90 0 166 26
cat-Bombay 0.004988635 307 2 362 13
bella 0.004983163 29 37 199 292
dog-boxer 0.004942169 235 93 318 123
cat-Bombay 0.004901883 0 0 151 171
bella 0.0049005505 475 106 500 178
cat-Egyptian_Mau 0.0048575997 38 21 307 369
cat-Egyptian_Mau 0.004811997 473 10 500 78
cat-Egyptian_Mau 0.004767852 0 0 151 171
dog-boxer 0.0046154484 190 88 244 114
dog-boxer 0.004597869 36 31 172 166
dog-havanese 0.004546276 0 0 151 171
cat-Siamese 0.004385496 153 0 228 24
cat-Persian 0.00434666 467 0 500 47
dog-chihuahua 0.0042641666 486 123 500 160
cat-Birman 0.004232005 325 0 474 39
cat-British_Shorthair 0.004174599 292 1 349 14
cat-Ragdoll 0.0040636193 21 25 500 401
cat-Birman 0.0040439325 167 0 259 25
cat-Persian 0.0040437025 36 31 172 166
dog-chihuahua 0.0039986423 486 175 500 209
dog-basset_hound 0.0039969357 125 324 156 342
dog-english_setter 0.00399534 29 37 199 292
dog-shiba_inu 0.003925224 159 0 262 32
cat-British_Shorthair 0.0037666697 320 3 374 14
cat-Siamese 0.003735603 159 0 332 44
bella 0.003732759 475 49 500 124
dog-chihuahua 0.0036928514 486 133 500 170
dog-american_pit_bull_terrier 0.0036916423 393 49 500 274
cat-Birman 0.0036837973 205 0 303 25
dog-saint_bernard 0.0036635816 0 0 151 171
dog-american_pit_bull_terrier 0.0035765315 38 0 188 163
dog-pomeranian 0.0035575698 30 3 112 45
bella 0.0035424666 476 122 500 196
cat-Birman 0.003514466 224 0 410 44
cat-Russian_Blue 0.0035069112 2 35 174 167
cat-Persian 0.0034980325 194 0 338 32
dog-yorkshire_terrier 0.0034971614 215 95 420 174
dog-yorkshire_terrier 0.0034963572 314 0 490 48
cat-Persian 0.003491644 21 25 500 401
