cat-Persian 0.8943181 78 98 293 307
cat-British_Shorthair 0.2072759 78 98 293 307
dog-keeshond 0.103873 75 101 294 309
dog-wheaten_terrier 0.015419853 80 100 296 309
cat-Persian 0.014535457 82 92 358 371
cat-British_Shorthair 0.014201877 0 96 303 391
dog-yorkshire_terrier 0.01308204 75 101 294 309
cat-Maine_Coon 0.011892475 75 101 294 309
cat-Persian 0.010170676 80 98 210 282
cat-Siamese 0.009993006 2 0 99 53
dog-scottish_terrier 0.009835534 75 101 294 309
dog-havanese 0.009368499 75 101 294 309
dog-english_cocker_spaniel 0.007859 75 101 294 309
cat-Birman 0.007779826 75 101 294 309
cat-Persian 0.0075235805 0 96 303 391
cat-Ragdoll 0.007105792 77 95 295 303
bella 0.006774696 2 149 23 260
cat-British_Shorthair 0.0064959 0 24 292 317
cat-Persian 0.0063306913 65 0 298 333
cat-Bengal 0.0062157675 0 24 292 317
cat-Bombay 0.006092842 10 0 119 52
cat-Persian 0.00582036 0 24 292 317
dog-newfoundland 0.005691638 0 70 327 421
cat-Bengal 0.00557123 0 96 303 391
dog-havanese 0.0053384732 0 96 303 391
dog-english_cocker_spaniel 0.0052956166 329 114 358 255
dog-samoyed 0.005056281 75 101 294 309
cat-Birman 0.0049560284 10 0 119 52
cat-Bombay 0.0049352353 0 24 292 317
cat-Bombay 0.0049213194 144 0 268 54
cat-Bombay 0.0047883405 0 96 303 391
dog-english_cocker_spaniel 0.004630975 0 70 327 421
dog-havanese 0.0046253735 82 92 358 371
dog-basset_hound 0.004578858 41 400 76 426
cat-Bombay 0.004519696 16 0 133 38
dog-wheaten_terrier 0.00439374 0 70 327 421
dog-samoyed 0.004386212 238 0 358 116
dog-yorkshire_terrier 0.0042120703 0 0 128 115
cat-Bengal 0.0041315425 283 2 358 59
dog-havanese 0.004111278 0 24 292 317
cat-Egyptian_Mau 0.0039824005 0 0 55 32
dog-english_cocker_spaniel 0.003935114 331 59 358 199
cat-British_Shorthair 0.003897604 82 92 358 371
dog-english_cocker_spaniel 0.00387239 331 300 357 407
cat-Bombay 0.0038435115 139 0 212 27
cat-Bengal 0.0038257665 296 0 353 33
cat-Bombay 0.0038042502 108 0 232 54
cat-Bombay 0.0037736401 69 100 305 320
dog-yorkshire_terrier 0.003707445 238 0 358 116
cat-Siamese 0.0036980147 6 0 127 65
dog-yorkshire_terrier 0.0036775446 82 92 358 371
cat-Maine_Coon 0.003673275 82 92 358 371
cat-Bombay 0.003650138 165 0 238 27
cat-Bombay 0.0035422088 121 0 193 27
cat-Maine_Coon 0.0035403008 0 24 292 317
cat-Bombay 0.0035325815 1 0 102 36
dog-basset_hound 0.003499033 41 407 74 436
cat-Bombay 0.0034731915 32 0 161 53
cat-Bombay 0.0034585553 192 0 265 28
dog-english_cocker_spaniel 0.0033828588 0 10 292 341
cat-Bombay 0.0033716625 179 0 306 55
cat-Bombay 0.0033521976 210 0 284 28
cat-Bombay 0.003243254 229 0 302 28
dog-basset_hound 0.003227503 55 111 306 349
cat-Birman 0.0032158575 256 0 358 60
dog-basset_hound 0.0031842585 41 388 77 418
dog-yorkshire_terrier 0.0031696488 0 24 292 317
cat-Egyptian_Mau 0.0031528538 0 185 22 280
cat-Bombay 0.0030910275 71 0 197 55
dog-english_cocker_spaniel 0.0030722513 17 250 43 267
cat-Egyptian_Mau 0.0030661295 0 230 22 317
cat-Bombay 0.003036872 53 0 166 38
dog-english_cocker_spaniel 0.003036663 332 257 357 389
dog-havanese 0.0029977302 238 0 358 116
dog-havanese 0.0029859957 251 342 286 360
dog-yorkshire_terrier 0.0029353676 0 96 303 391
dog-chihuahua 0.0029119444 2 0 99 53
dog-yorkshire_terrier 0.0029072477 268 0 358 155
dog-english_cocker_spaniel 0.0028999862 334 100 358 215
cat-Siamese 0.0028896525 0 96 303 391
dog-english_cocker_spaniel 0.0028833118 39 227 62 245
cat-British_Shorthair 0.0028762466 80 98 210 282
cat-Bombay 0.0028610576 102 0 175 28
cat-Egyptian_Mau 0.0028577975 2 200 21 294
dog-english_cocker_spaniel 0.0028210322 336 316 358 402
cat-Abyssinian 0.0028079548 2 0 99 53
dog-yorkshire_terrier 0.002793011 14 0 192 129
dog-english_cocker_spaniel 0.00272473 82 92 358 371
dog-pomeranian 0.0026165023 238 0 358 116
cat-Bengal 0.0025955513 271 0 345 31
cat-Egyptian_Mau 0.0025937685 0 0 28 16
dog-english_cocker_spaniel 0.0025827657 327 207 358 337
dog-great_pyrenees 0.0025407618 238 0 358 116
cat-Bombay 0.0024979787 145 0 255 34
cat-Bengal 0.0024975236 80 102 294 308
cat-Birman 0.0024876597 0 96 303 391
cat-Birman 0.0024774757 140 425 242 500
cat-Bombay 0.0024725937 320 0 346 14
bella 0.0024708172 2 189 21 281
cat-Bombay 0.0024673995 237 0 353 58
