cat-Persian 0.89817387 18 70 320 369
cat-Ragdoll 0.45258805 18 70 320 369
cat-Maine_Coon 0.17586027 19 76 319 367
cat-Birman 0.07027208 19 81 328 370
dog-keeshond 0.06417704 18 75 323 367
cat-British_Shorthair 0.057137795 18 75 323 367
dog-japanese_chin 0.033868507 18 75 323 367
dog-havanese 0.032841653 18 75 323 367
dog-samoyed 0.021239795 18 75 323 367
dog-basset_hound 0.014925078 19 81 328 370
cat-Bombay 0.013852114 277 1 333 42
bella 0.013057481 19 81 328 370
dog-chihuahua 0.0106951855 0 0 107 75
cat-Egyptian_Mau 0.010652979 18 75 323 367
dog-wheaten_terrier 0.010552246 19 81 328 370
dog-american_bulldog 0.00968602 18 75 323 367
dog-yorkshire_terrier 0.00936884 18 75 323 367
dog-keeshond 0.009296274 165 86 326 339
dog-pomeranian 0.009160792 19 81 328 370
dog-wheaten_terrier 0.00854844 276 76 328 193
dog-keeshond 0.006976509 189 74 333 281
cat-Persian 0.0065396116 146 474 189 498
cat-Persian 0.0055011706 174 478 216 498
dog-yorkshire_terrier 0.0054961694 39 0 192 68
cat-Ragdoll 0.005319232 23 248 168 375
cat-Bombay 0.0050704586 216 0 324 41
cat-Bengal 0.0050073303 0 45 312 413
cat-Russian_Blue 0.005006266 25 47 333 403
dog-great_pyrenees 0.0049300883 253 0 333 179
dog-yorkshire_terrier 0.0047920775 0 0 150 71
dog-yorkshire_terrier 0.0047302945 253 0 333 179
dog-great_pyrenees 0.00470071 18 75 323 367
dog-american_pit_bull_terrier 0.0046925093 253 0 333 179
cat-Bombay 0.004603074 143 0 247 38
dog-pomeranian 0.004520964 53 0 333 330
dog-havanese 0.0043147635 253 0 333 179
dog-yorkshire_terrier 0.0041420874 288 10 333 128
cat-Persian 0.004102389 23 248 168 375
dog-wheaten_terrier 0.0039625163 240 389 273 403
cat-Bombay 0.0039114 167 0 274 39
dog-leonberger 0.0039104805 220 475 262 499
cat-Persian 0.003903407 206 478 251 499
dog-leonberger 0.0038970117 230 475 272 499
dog-yorkshire_terrier 0.003746613 189 74 333 281
cat-Egyptian_Mau 0.0037433216 240 389 273 403
cat-Persian 0.0037068813 53 0 333 330
cat-Ragdoll 0.0036433064 53 0 333 330
cat-Bombay 0.0036111749 117 0 221 38
dog-miniature_pinscher 0.0036060505 0 37 9 84
dog-yorkshire_terrier 0.0034485168 65 0 180 54
dog-pug 0.0034427256 6 77 327 500
dog-english_cocker_spaniel 0.003431712 25 47 333 403
bella 0.003396049 1 201 22 320
dog-chihuahua 0.0033786846 238 0 333 54
dog-samoyed 0.0033463703 81 0 333 300
dog-wheaten_terrier 0.0032712594 172 360 333 500
cat-Persian 0.0032424787 185 478 227 499
dog-staffordshire_bull_terrier 0.0032208518 230 432 251 454
dog-havanese 0.0031676018 53 0 333 330
dog-samoyed 0.0031667345 236 0 333 163
cat-Birman 0.0031474303 217 476 259 499
cat-Bengal 0.0031271162 2 1 60 33
dog-leonberger 0.0031019964 266 90 327 214
dog-yorkshire_terrier 0.0030829345 232 1 333 68
cat-Bombay 0.0030784416 184 0 301 53
cat-Persian 0.0030634606 205 310 254 345
cat-Maine_Coon 0.0030463545 53 0 333 330
dog-keeshond 0.0030269572 230 93 333 325
dog-staffordshire_bull_terrier 0.0030179492 217 432 238 452
dog-yorkshire_terrier 0.0030013595 195 0 333 80
dog-pomeranian 0.0029871983 253 0 333 179
cat-Persian 0.0029836104 132 471 183 497
cat-Bombay 0.0029735847 151 0 268 52
cat-Bombay 0.0029564619 99 0 211 53
dog-yorkshire_terrier 0.0029252977 219 0 326 53
dog-scottish_terrier 0.0028933864 0 0 24 92
dog-yorkshire_terrier 0.0028926793 142 98 179 132
dog-wheaten_terrier 0.0028699655 4 63 52 287
cat-Ragdoll 0.0028524133 59 227 118 269
dog-yorkshire_terrier 0.0028016546 99 0 211 53
dog-leonberger 0.0027995368 6 77 327 500
dog-english_setter 0.0027898373 240 389 273 403
dog-chihuahua 0.0027873511 27 44 42 61
cat-Maine_Coon 0.0027856405 189 74 333 281
dog-wheaten_terrier 0.0027648795 0 98 44 288
dog-pomeranian 0.002727111 116 263 255 363
dog-great_pyrenees 0.002725378 240 389 273 403
cat-Egyptian_Mau 0.0027223362 0 0 48 33
dog-japanese_chin 0.0027062125 25 370 38 415
dog-yorkshire_terrier 0.0027030485 91 0 247 68
dog-scottish_terrier 0.002699236 189 74 333 281
dog-american_pit_bull_terrier 0.002697701 189 74 333 281
dog-staffordshire_bull_terrier 0.0026975626 189 74 333 281
dog-leonberger 0.0026872887 29 223 47 238
cat-Bombay 0.0026800372 65 0 180 54
dog-wheaten_terrier 0.0026705386 239 385 274 398
cat-Russian_Blue 0.0026388452 189 74 333 281
dog-havanese 0.0026327707 216 0 332 206
dog-scottish_terrier 0.0026110278 0 19 19 101
dog-staffordshire_bull_terrier 0.0026107535 35 75 333 377
