cat-Persian 0.99212295 113 77 411 359
cat-British_Shorthair 0.09371491 113 77 412 362
dog-havanese 0.026092904 112 72 408 356
cat-Persian 0.02499489 0 38 416 428
dog-american_pit_bull_terrier 0.018046368 0 0 195 75
dog-japanese_chin 0.015647799 112 72 408 356
cat-Birman 0.013599685 111 78 409 358
cat-Maine_Coon 0.011970873 112 72 408 356
dog-keeshond 0.009821088 115 73 412 352
cat-Persian 0.008596727 54 64 435 500
cat-Ragdoll 0.008522448 112 72 408 356
dog-american_pit_bull_terrier 0.008315272 27 0 221 89
dog-havanese 0.007978157 0 38 416 428
dog-wheaten_terrier 0.0070757754 0 38 416 428
dog-leonberger 0.006865439 0 465 63 499
cat-Ragdoll 0.0066864253 123 80 193 206
dog-yorkshire_terrier 0.0065082884 111 78 409 358
cat-Ragdoll 0.006498784 49 181 94 199
cat-British_Shorthair 0.006286219 0 74 410 407
cat-Bengal 0.0060598827 0 38 416 428
dog-american_pit_bull_terrier 0.0060096597 208 0 461 90
dog-american_pit_bull_terrier 0.005920592 296 0 500 88
dog-english_cocker_spaniel 0.0054425388 0 38 416 428
dog-chihuahua 0.005081915 344 2 500 74
dog-miniature_pinscher 0.0048139426 184 0 443 85
cat-Egyptian_Mau 0.004792068 469 203 500 315
cat-Maine_Coon 0.0046914555 144 75 500 385
cat-Egyptian_Mau 0.004622428 0 202 34 295
bella 0.00460653 466 195 498 320
dog-german_shorthaired 0.00451284 342 40 419 188
cat-Bombay 0.004459188 0 38 416 428
cat-Bombay 0.004295603 186 0 283 28
dog-american_pit_bull_terrier 0.0042519514 4 0 174 59
cat-Birman 0.0042345906 138 18 500 348
dog-pug 0.0042126966 27 0 221 89
dog-havanese 0.004209387 54 64 435 500
dog-miniature_pinscher 0.004188347 344 2 500 74
dog-yorkshire_terrier 0.004163531 27 0 221 89
bella 0.0041599777 472 208 500 306
cat-Birman 0.004046713 284 89 404 231
dog-american_bulldog 0.0040228334 49 181 94 199
cat-Maine_Coon 0.003923308 461 31 497 66
cat-Bombay 0.0038995338 109 78 416 363
dog-great_pyrenees 0.0038669216 49 181 94 199
dog-pug 0.0037905336 80 0 240 57
cat-Persian 0.0037625048 138 18 500 348
dog-wheaten_terrier 0.0037552763 316 76 403 218
dog-miniature_pinscher 0.003699415 0 0 177 119
dog-chihuahua 0.00367556 0 0 203 80
dog-havanese 0.003630227 338 73 411 213
dog-havanese 0.0036086265 342 40 419 188
dog-american_pit_bull_terrier 0.0035686009 342 40 419 188
dog-miniature_pinscher 0.0034946098 0 0 180 79
dog-german_shorthaired 0.0034869933 338 73 411 213
cat-Bombay 0.0034717163 173 0 301 34
cat-British_Shorthair 0.0034434553 54 64 435 500
cat-Egyptian_Mau 0.0034173408 474 336 500 422
dog-yorkshire_terrier 0.0033956568 0 38 416 428
dog-american_pit_bull_terrier 0.003384066 50 0 212 57
cat-Ragdoll 0.003377904 0 74 410 407
dog-american_pit_bull_terrier 0.0033766604 176 0 360 59
cat-Egyptian_Mau 0.003357205 335 91 402 132
dog-miniature_pinscher 0.0032853787 342 40 419 188
cat-Ragdoll 0.003273933 138 18 500 348
dog-keeshond 0.0032618898 342 40 419 188
dog-english_setter 0.003231976 0 157 76 376
dog-american_pit_bull_terrier 0.0031848594 135 0 407 83
dog-miniature_pinscher 0.0031120204 200 0 383 60
dog-yorkshire_terrier 0.0030789168 342 40 419 188
cat-Persian 0.003068308 122 82 273 315
dog-american_pit_bull_terrier 0.003064075 326 0 500 122
cat-Maine_Coon 0.003036299 302 49 360 78
cat-Persian 0.0030256421 167 279 317 353
dog-chihuahua 0.0030252868 342 40 419 188
dog-english_cocker_spaniel 0.0030141196 81 251 109 269
dog-newfoundland 0.0029992699 0 38 416 428
dog-english_setter 0.0029498963 342 40 419 188
bella 0.002939264 472 160 500 256
bella 0.0029123086 0 208 29 289
dog-yorkshire_terrier 0.0028862113 144 75 500 385
dog-basset_hound 0.0028778731 465 201 500 344
dog-miniature_pinscher 0.0028391636 266 0 497 91
cat-Ragdoll 0.0027809222 54 64 435 500
dog-miniature_pinscher 0.0027501683 326 0 500 122
dog-beagle 0.002728233 0 202 34 295
cat-Maine_Coon 0.0027104097 0 38 416 428
dog-basset_hound 0.0027031202 0 195 29 279
dog-shiba_inu 0.0026817801 344 2 500 74
dog-english_setter 0.0026732627 467 139 500 251
dog-miniature_pinscher 0.002667208 298 6 500 175
dog-miniature_pinscher 0.0026547736 154 0 332 59
dog-yorkshire_terrier 0.0026530998 0 0 177 119
bella 0.0026068948 473 186 500 281
dog-wheaten_terrier 0.002605628 335 91 402 132
cat-Bombay 0.002605188 158 0 258 27
cat-Ragdoll 0.002575984 122 82 273 315
cat-Egyptian_Mau 0.0025737283 0 223 28 304
dog-yorkshire_terrier 0.0025085337 50 0 212 57
dog-english_cocker_spaniel 0.0024965664 241 73 276 87
dog-japanese_chin 0.00247975 0 74 410 407
