cat-Persian 0.88266045 203 110 278 187
cat-Maine_Coon 0.4173711 203 110 278 187
cat-Ragdoll 0.41324452 202 109 278 187
dog-keeshond 0.15550938 203 110 278 187
dog-japanese_chin 0.042942226 202 109 278 187
cat-Bombay 0.0338939 187 0 314 29
dog-samoyed 0.03353946 199 109 278 189
cat-British_Shorthair 0.032350466 203 110 278 187
dog-keeshond 0.031276576 199 0 313 28
dog-wheaten_terrier 0.024202041 203 110 277 185
dog-keeshond 0.023449738 154 0 310 32
dog-yorkshire_terrier 0.022828426 125 0 293 33
cat-Birman 0.020711174 199 108 277 187
dog-yorkshire_terrier 0.01977291 54 0 217 34
cat-Russian_Blue 0.019335354 171 0 313 34
dog-leonberger 0.01911071 187 0 314 29
dog-havanese 0.01891812 203 110 278 187
dog-keeshond 0.015642783 15 0 165 33
dog-scottish_terrier 0.013368808 154 0 310 32
cat-Bengal 0.012885182 187 0 314 29
dog-yorkshire_terrier 0.01276308 203 110 278 187
dog-keeshond 0.012759982 54 0 217 34
dog-yorkshire_terrier 0.012606596 184 0 325 32
dog-chihuahua 0.0124360705 154 0 310 32
cat-Egyptian_Mau 0.011995528 470 227 500 300
dog-havanese 0.011647305 124 0 427 159
cat-Persian 0.011178511 149 117 274 190
cat-Bengal 0.011167763 214 0 345 26
dog-leonberger 0.011021894 52 0 214 29
cat-Bombay 0.010874063 214 0 345 26
cat-Bombay 0.010816183 258 0 412 33
dog-keeshond 0.010685498 212 0 347 32
dog-keeshond 0.010590981 101 0 270 33
cat-Bombay 0.010323154 125 0 293 33
cat-Siamese 0.010048171 258 0 412 33
cat-Birman 0.009922838 154 0 310 32
dog-leonberger 0.009049301 15 0 165 33
dog-great_pyrenees 0.008794808 203 110 277 185
dog-shiba_inu 0.008734457 141 0 312 36
dog-pomeranian 0.008730953 15 0 165 33
dog-yorkshire_terrier 0.008719743 11 0 168 39
dog-newfoundland 0.008667004 188 0 311 34
cat-Bombay 0.008463447 348 164 500 333
dog-pug 0.0083546955 154 0 310 32
cat-Birman 0.008341295 258 0 412 33
cat-British_Shorthair 0.0083261505 171 0 313 34
cat-Birman 0.008242106 212 0 347 32
dog-basset_hound 0.008210322 199 109 278 189
dog-yorkshire_terrier 0.008160763 70 0 291 40
cat-Birman 0.008117457 1 0 141 34
cat-Siamese 0.007934671 187 0 314 29
cat-Bengal 0.007855554 217 0 308 22
cat-Bengal 0.007836212 310 0 451 30
dog-miniature_pinscher 0.007833298 141 0 312 36
dog-great_pyrenees 0.0075988076 168 0 465 132
cat-Persian 0.007549381 170 0 316 30
cat-Russian_Blue 0.0075076846 237 0 379 32
dog-yorkshire_terrier 0.0074442737 105 0 459 111
cat-Bengal 0.007400183 72 0 236 28
cat-Russian_Blue 0.007321933 205 0 323 27
dog-american_pit_bull_terrier 0.007307584 154 0 310 32
dog-scottish_terrier 0.0072317263 212 0 319 26
cat-Bombay 0.007159385 93 0 265 28
cat-Persian 0.0071123545 62 0 224 28
dog-chihuahua 0.006903403 212 0 347 32
cat-Egyptian_Mau 0.006870799 468 207 500 282
cat-Bombay 0.0068523167 366 0 500 36
dog-havanese 0.006848654 105 0 459 111
dog-chihuahua 0.0068208273 199 0 313 28
dog-leonberger 0.0065510687 214 0 345 26
cat-Bombay 0.0064342 309 0 462 33
cat-Siamese 0.0064307717 212 0 347 32
dog-havanese 0.0064080614 54 0 217 34
cat-Siamese 0.0063846866 1 0 141 34
dog-scottish_terrier 0.0062794704 212 0 347 32
cat-British_Shorthair 0.006237794 205 0 311 27
dog-scottish_terrier 0.006184796 101 0 270 33
dog-staffordshire_bull_terrier 0.0061630164 204 110 273 147
cat-Maine_Coon 0.006149471 200 144 277 190
dog-chihuahua 0.006125335 1 0 141 34
dog-pug 0.0060901283 297 143 356 167
dog-yorkshire_terrier 0.005972599 209 1 318 23
dog-shiba_inu 0.005922152 187 0 314 29
cat-Bombay 0.005890895 217 0 308 22
cat-Abyssinian 0.0058442703 170 0 316 30
cat-Bengal 0.0057724225 270 0 412 26
cat-Russian_Blue 0.0057723923 348 164 500 333
cat-Maine_Coon 0.005744908 214 0 345 26
cat-Egyptian_Mau 0.005696803 367 102 413 125
dog-pomeranian 0.0056625092 54 0 217 34
dog-pomeranian 0.005602989 203 110 278 187
dog-german_shorthaired 0.005597402 187 0 314 29
cat-Bengal 0.0055512856 125 0 293 33
cat-Siamese 0.005521519 367 0 500 44
cat-Abyssinian 0.005509167 72 0 236 28
dog-wheaten_terrier 0.005504808 375 28 406 36
dog-samoyed 0.005494361 168 0 465 132
cat-Birman 0.0053920373 204 110 273 147
dog-havanese 0.00535723 101 0 270 33
dog-american_pit_bull_terrier 0.0053569023 212 0 347 32
