cat-Persian 0.9403377 85 3 490 276
cat-Ragdoll 0.1183992 85 3 490 276
cat-British_Shorthair 0.084987216 85 3 490 276
cat-Birman 0.08438624 74 0 495 280
dog-keeshond 0.043143623 85 3 487 273
cat-Maine_Coon 0.03182282 85 3 490 276
dog-miniature_pinscher 0.015221143 329 20 365 32
dog-samoyed 0.013940745 88 0 491 256
cat-Persian 0.013459048 33 1 99 14
dog-pomeranian 0.013158649 74 0 495 280
dog-japanese_chin 0.012345352 85 3 487 273
dog-wheaten_terrier 0.012264308 38 0 153 27
cat-Maine_Coon 0.011666397 21 0 133 28
dog-samoyed 0.011656636 38 0 153 27
cat-Persian 0.011558999 94 0 500 236
dog-wheaten_terrier 0.0109567195 36 0 124 22
dog-american_pit_bull_terrier 0.010585155 329 20 365 32
dog-leonberger 0.010401225 0 0 52 84
dog-havanese 0.010061022 74 0 495 280
dog-great_pyrenees 0.009502466 32 0 158 39
dog-great_pyrenees 0.008870115 71 0 229 40
dog-keeshond 0.0088480115 335 22 500 224
dog-yorkshire_terrier 0.008202052 88 0 491 256
cat-Maine_Coon 0.007839738 70 0 195 28
dog-miniature_pinscher 0.007433018 330 25 363 37
cat-Abyssinian 0.0073581315 483 11 499 34
cat-Persian 0.0070594186 111 176 383 280
cat-Persian 0.00694086 75 0 208 29
dog-samoyed 0.0069020335 51 4 273 73
dog-keeshond 0.0068418398 239 9 500 244
dog-wheaten_terrier 0.0066078166 70 0 195 28
bella 0.0066070124 1 121 36 229
dog-samoyed 0.006543154 3 0 124 28
dog-great_pyrenees 0.0064870524 0 0 114 30
cat-Birman 0.006330112 378 0 475 21
dog-newfoundland 0.0062408745 335 22 500 224
dog-basset_hound 0.0062163034 74 0 495 280
cat-Persian 0.006063169 239 9 500 244
cat-Persian 0.0060488586 44 0 116 18
dog-wheaten_terrier 0.0059515066 74 0 495 280
dog-samoyed 0.0059102457 71 0 229 40
cat-Bombay 0.0057758195 335 22 500 224
dog-leonberger 0.005698075 8 0 123 39
dog-samoyed 0.005657566 36 0 124 22
dog-great_pyrenees 0.0056495806 419 2 492 27
dog-havanese 0.0056046844 86 0 259 40
dog-great_pyrenees 0.0055856006 17 3 124 55
cat-Persian 0.005572778 29 0 84 11
dog-leonberger 0.005542553 483 7 499 28
cat-Maine_Coon 0.005525001 429 0 482 21
cat-Egyptian_Mau 0.005509 29 0 126 26
dog-wheaten_terrier 0.0054422733 11 0 119 27
cat-Persian 0.0054381345 430 0 487 21
dog-keeshond 0.00541035 71 0 229 40
cat-British_Shorthair 0.0051738704 31 1 79 10
dog-pomeranian 0.005134793 71 0 229 40
dog-american_bulldog 0.005106599 74 0 495 280
cat-Egyptian_Mau 0.005086227 419 2 492 27
dog-wheaten_terrier 0.005071118 8 0 123 39
cat-Birman 0.0050246716 239 9 500 244
dog-great_pyrenees 0.0050200187 77 6 285 59
cat-Abyssinian 0.0050195823 486 17 500 41
dog-yorkshire_terrier 0.004999997 71 0 229 40
dog-chihuahua 0.0049435855 329 20 365 32
cat-Birman 0.0049142074 209 0 304 20
cat-Egyptian_Mau 0.0048909355 0 0 493 277
dog-samoyed 0.004885076 419 2 492 27
cat-Russian_Blue 0.004832959 335 22 500 224
cat-Birman 0.004829767 362 1 483 25
cat-Bombay 0.004805687 31 1 79 10
dog-havanese 0.0046909926 32 0 158 39
dog-wheaten_terrier 0.0046568424 441 1 497 29
cat-Persian 0.0046463953 335 22 500 224
cat-Siamese 0.0045970897 335 22 500 224
cat-Persian 0.0045528365 467 201 500 282
dog-staffordshire_bull_terrier 0.0045453715 125 35 162 45
cat-Maine_Coon 0.0045444868 419 2 492 27
dog-samoyed 0.004533419 70 0 195 28
dog-saint_bernard 0.004484293 0 1 57 78
cat-Ragdoll 0.0044754874 335 22 500 224
dog-chihuahua 0.004413917 486 17 500 41
dog-basset_hound 0.0044047213 0 119 31 209
dog-pomeranian 0.004364974 32 0 158 39
cat-Birman 0.00433251 94 0 500 236
cat-Egyptian_Mau 0.0043261503 0 0 106 37
dog-samoyed 0.00432584 11 0 104 21
cat-Bengal 0.004307976 0 6 483 320
dog-shiba_inu 0.004285318 419 2 492 27
cat-Bombay 0.004257909 320 0 422 21
dog-leonberger 0.004251124 74 0 495 280
cat-British_Shorthair 0.0042298576 35 0 97 14
dog-great_pyrenees 0.0042271074 101 0 285 41
bella 0.004201049 468 150 496 231
dog-yorkshire_terrier 0.0041968417 104 25 145 37
cat-Birman 0.0041842684 31 1 79 10
cat-Birman 0.004177992 342 0 446 21
cat-Birman 0.004159241 233 0 330 20
dog-miniature_pinscher 0.004058516 343 20 379 33
bella 0.0040550656 472 166 500 234
dog-great_pyrenees 0.004027863 29 0 126 26
