cat-Persian 0.97167575 94 109 325 343
cat-British_Shorthair 0.22974703 94 109 325 343
dog-havanese 0.03829794 81 113 332 344
dog-yorkshire_terrier 0.02769419 77 101 334 354
cat-Birman 0.023636427 94 109 325 343
dog-keeshond 0.019735837 89 110 324 344
dog-japanese_chin 0.019006234 77 101 334 354
dog-yorkshire_terrier 0.013116605 191 1 334 108
cat-Bombay 0.012482526 77 101 334 354
cat-Ragdoll 0.010823338 77 101 334 354
dog-keeshond 0.010009369 181 114 334 323
dog-yorkshire_terrier 0.009689126 181 114 334 323
dog-yorkshire_terrier 0.009614022 8 0 175 114
cat-Bengal 0.008580486 34 292 101 354
cat-Persian 0.008483887 98 0 334 340
cat-Siamese 0.007990546 2 0 95 56
dog-basset_hound 0.0076570767 62 344 101 384
dog-newfoundland 0.0072517195 77 101 334 354
dog-pug 0.0072293235 77 101 334 354
cat-Maine_Coon 0.006839996 77 101 334 354
dog-yorkshire_terrier 0.0068326895 228 1 334 69
cat-British_Shorthair 0.006828409 0 87 319 403
dog-american_bulldog 0.006793187 77 101 334 354
dog-keeshond 0.006455747 226 73 334 295
dog-yorkshire_terrier 0.006296817 24 0 232 157
dog-yorkshire_terrier 0.0058777104 7 0 166 76
dog-great_pyrenees 0.0054375986 131 107 184 135
dog-basset_hound 0.005380664 191 397 232 435
cat-Persian 0.005134367 0 60 334 422
cat-Bombay 0.005086215 212 0 282 28
cat-Persian 0.0049179327 99 116 203 331
dog-basset_hound 0.0048912927 160 389 195 424
dog-havanese 0.004852996 131 107 184 135
dog-staffordshire_bull_terrier 0.004716274 141 108 192 134
cat-Persian 0.004607424 284 1 334 40
cat-Egyptian_Mau 0.0045872633 0 0 24 16
dog-chihuahua 0.00458473 2 0 95 56
cat-Bombay 0.004543907 237 0 307 28
cat-Bombay 0.0044952077 297 1 318 18
dog-yorkshire_terrier 0.004476945 229 28 334 261
cat-Birman 0.0043776683 9 0 114 54
cat-Bombay 0.0043136207 181 114 334 323
dog-basset_hound 0.004300243 172 393 220 429
bella 0.004235286 315 255 334 349
cat-Bombay 0.0042190743 303 1 324 18
cat-Russian_Blue 0.004193459 77 101 334 354
dog-yorkshire_terrier 0.0041671563 141 108 192 134
dog-basset_hound 0.00415161 165 397 199 428
cat-Bombay 0.0041462258 187 0 257 27
dog-yorkshire_terrier 0.0041446257 77 0 300 173
cat-Bombay 0.004079314 0 87 319 403
cat-Bombay 0.0040245936 9 0 114 54
cat-Persian 0.004002889 56 100 334 500
dog-english_cocker_spaniel 0.0039996095 77 101 334 354
bella 0.0039045836 1 61 21 156
dog-havanese 0.0039016157 181 114 334 323
dog-havanese 0.0039009543 251 0 334 171
cat-Bengal 0.003879636 0 60 334 422
cat-Persian 0.0038402886 181 114 334 323
cat-Egyptian_Mau 0.0037820623 77 101 334 354
dog-basset_hound 0.0037730918 56 341 96 373
cat-Persian 0.0037602372 0 13 323 326
cat-Bombay 0.0037421356 284 1 334 40
dog-yorkshire_terrier 0.0036941567 251 0 334 171
dog-pomeranian 0.0036813552 6 0 95 108
cat-British_Shorthair 0.003660071 228 0 299 28
dog-pug 0.0035966123 8 0 175 114
cat-Siamese 0.0035150042 77 101 334 354
dog-pomeranian 0.003470567 181 114 334 323
dog-havanese 0.0034564855 229 28 334 261
dog-pomeranian 0.0034430923 53 0 269 164
cat-Birman 0.0034255919 181 114 334 323
dog-basset_hound 0.003422595 77 101 334 354
cat-Bombay 0.0034124565 289 1 314 18
cat-Bombay 0.003379897 129 0 198 28
dog-miniature_pinscher 0.003337305 0 239 10 286
dog-scottish_terrier 0.003335924 84 109 330 343
dog-wheaten_terrier 0.003311442 283 88 331 236
dog-yorkshire_terrier 0.0032920262 274 0 334 54
cat-British_Shorthair 0.0032616854 0 13 323 326
dog-pug 0.0032499125 151 108 199 134
dog-staffordshire_bull_terrier 0.0032360617 77 101 334 354
dog-staffordshire_bull_terrier 0.003231093 120 107 177 136
dog-japanese_chin 0.0032149255 98 0 334 340
cat-Bombay 0.0032129928 0 13 323 326
cat-Bengal 0.0031867826 0 13 323 326
dog-yorkshire_terrier 0.0031867796 0 13 323 326
cat-British_Shorthair 0.0031801397 253 0 322 29
cat-Bengal 0.0031727264 49 112 322 364
cat-Bombay 0.0031701354 69 0 138 28
dog-havanese 0.0031650146 191 1 334 108
cat-Bombay 0.0031618632 217 0 330 57
dog-great_pyrenees 0.0031581216 298 324 334 468
bella 0.003135128 313 239 332 357
cat-Bombay 0.0030607122 161 0 231 28
dog-havanese 0.0030372199 228 1 334 69
dog-havanese 0.0030113698 0 87 319 403
dog-yorkshire_terrier 0.0030038203 0 0 117 116
dog-newfoundland 0.002993021 237 0 334 57
dog-wheaten_terrier 0.002989544 94 107 323 342
