dog-pomeranian 0.89674294 58 40 195 190
dog-great_pyrenees 0.121925004 52 17 204 196
dog-keeshond 0.07780934 41 8 193 194
dog-samoyed 0.07607191 41 8 193 194
dog-pomeranian 0.034775894 29 0 242 199
dog-havanese 0.030217305 57 38 193 189
dog-japanese_chin 0.029778246 58 40 195 190
dog-pomeranian 0.026987918 73 84 188 188
dog-chihuahua 0.02652816 41 8 193 194
dog-pomeranian 0.025174811 0 22 198 188
dog-yorkshire_terrier 0.021179672 57 38 193 189
dog-samoyed 0.018901039 65 61 193 190
dog-pomeranian 0.01579624 68 130 176 188
dog-american_pit_bull_terrier 0.015081904 52 17 204 196
dog-japanese_chin 0.013935809 3 0 211 198
dog-havanese 0.013865395 3 0 211 198
dog-shiba_inu 0.013826715 41 8 193 194
dog-leonberger 0.013118894 44 16 198 190
cat-Ragdoll 0.013019227 41 8 193 194
dog-american_bulldog 0.011916538 41 8 193 194
dog-miniature_pinscher 0.0108302785 0 0 94 31
cat-Ragdoll 0.01019028 0 0 178 184
dog-leonberger 0.008615279 0 0 178 184
dog-keeshond 0.008464367 0 0 178 184
dog-great_pyrenees 0.008451715 0 0 178 184
dog-pomeranian 0.008086425 48 45 229 225
dog-japanese_chin 0.007877273 0 0 178 184
dog-samoyed 0.007793899 0 0 200 218
dog-wheaten_terrier 0.007730478 0 0 178 184
cat-Siamese 0.007650883 67 0 153 25
dog-shiba_inu 0.006574344 0 0 200 218
dog-keeshond 0.0064873537 0 0 200 218
dog-chihuahua 0.0064772717 0 0 200 218
cat-Siamese 0.006418465 45 1 143 32
dog-american_pit_bull_terrier 0.006346558 0 3 137 170
dog-boxer 0.0063267034 1 27 48 83
dog-havanese 0.006274337 0 0 178 184
dog-havanese 0.006227416 72 0 255 54
dog-english_setter 0.006191573 0 0 178 184
dog-shiba_inu 0.006152071 0 0 120 34
dog-samoyed 0.00614255 48 45 229 225
dog-yorkshire_terrier 0.0060186107 24 9 174 177
dog-pug 0.0059725028 58 40 195 190
dog-pomeranian 0.0056789345 0 0 178 184
dog-great_pyrenees 0.0055764182 0 9 180 199
dog-samoyed 0.0053613503 0 0 178 184
cat-Persian 0.005307979 0 0 178 184
dog-staffordshire_bull_terrier 0.0052842656 134 141 150 150
dog-samoyed 0.005271403 0 36 193 225
dog-saint_bernard 0.0051602866 167 41 200 55
dog-havanese 0.005140143 40 4 269 100
dog-american_pit_bull_terrier 0.0051050247 255 100 300 186
dog-wheaten_terrier 0.0050574155 191 77 222 94
bella 0.0050377143 2 91 25 142
dog-american_bulldog 0.0050270995 0 18 147 192
dog-german_shorthaired 0.004936776 0 0 94 31
cat-British_Shorthair 0.0048958273 149 151 168 156
dog-wheaten_terrier 0.004839217 39 28 179 189
dog-leonberger 0.0048171855 3 0 211 198
dog-boxer 0.0047565293 145 29 174 45
dog-staffordshire_bull_terrier 0.00473332 124 141 145 152
dog-miniature_pinscher 0.00470201 0 0 59 26
dog-american_bulldog 0.0045193634 0 0 178 184
cat-Siamese 0.0045173597 151 0 244 18
dog-havanese 0.004509555 24 9 174 177
dog-great_pyrenees 0.0045037917 49 0 221 50
dog-wheaten_terrier 0.004476996 3 0 211 198
cat-Bombay 0.004455129 64 0 110 12
dog-miniature_pinscher 0.004448297 12 1 157 69
dog-american_pit_bull_terrier 0.0043912004 242 110 300 220
dog-keeshond 0.004373931 65 61 193 190
dog-miniature_pinscher 0.004333403 0 4 102 160
dog-great_pyrenees 0.0043216585 29 0 242 199
cat-Persian 0.004276864 81 0 121 11
dog-saint_bernard 0.004242449 0 0 178 184
dog-chihuahua 0.0042284 40 14 300 205
dog-great_pyrenees 0.0041298475 28 4 194 71
dog-american_pit_bull_terrier 0.0041260803 24 9 174 177
dog-american_pit_bull_terrier 0.004124542 5 0 150 51
dog-pomeranian 0.004116561 40 14 300 205
dog-english_setter 0.004111915 242 110 300 220
dog-american_pit_bull_terrier 0.0040996936 0 45 53 161
dog-staffordshire_bull_terrier 0.0040547787 12 1 157 69
cat-Bengal 0.0039898427 64 0 110 12
dog-pug 0.0039817877 0 0 178 184
cat-Birman 0.0039697443 0 0 178 184
cat-Birman 0.0039172024 165 0 260 18
dog-american_bulldog 0.003902255 204 72 221 78
cat-Egyptian_Mau 0.0038807953 1 168 41 224
dog-yorkshire_terrier 0.0038689903 217 19 300 133
dog-basset_hound 0.0038677314 0 82 19 133
dog-yorkshire_terrier 0.0038259537 0 0 178 184
dog-shiba_inu 0.0037962913 63 0 123 16
dog-american_bulldog 0.0037810295 0 0 200 218
cat-Birman 0.0037658538 41 8 193 194
dog-yorkshire_terrier 0.0037626638 49 0 221 50
dog-yorkshire_terrier 0.003723866 70 0 110 10
dog-leonberger 0.0037207645 259 89 300 156
dog-pug 0.0036955522 5 0 150 51
dog-boxer 0.0036896053 153 30 182 46
