dog-pomeranian 0.98976314 26 9 104 103
cat-Birman 0.1030148 26 9 104 103
dog-keeshond 0.09709691 27 11 103 104
dog-yorkshire_terrier 0.057463195 27 11 103 104
dog-japanese_chin 0.04733537 26 9 104 103
dog-american_pit_bull_terrier 0.026463723 27 12 102 103
dog-samoyed 0.023542583 26 12 102 103
cat-Ragdoll 0.02165985 26 9 104 103
dog-pug 0.02077129 27 12 102 103
dog-chihuahua 0.020250272 26 9 104 103
dog-great_pyrenees 0.01926337 27 12 102 103
dog-wheaten_terrier 0.017259503 110 29 258 231
dog-american_pit_bull_terrier 0.016447043 256 58 300 152
dog-havanese 0.014665782 131 44 252 110
cat-Egyptian_Mau 0.013204138 12 19 279 248
cat-Egyptian_Mau 0.012747385 0 157 18 208
dog-havanese 0.011076124 27 12 102 103
cat-Siamese 0.010430551 26 9 104 103
cat-Egyptian_Mau 0.0103913145 280 152 300 206
dog-havanese 0.009121826 169 107 234 202
dog-havanese 0.008725961 136 39 252 81
dog-leonberger 0.007770136 27 12 102 103
cat-Persian 0.007469572 25 12 105 105
dog-english_setter 0.0074530244 256 44 300 139
dog-american_pit_bull_terrier 0.0074516516 249 40 300 143
dog-pomeranian 0.0070191897 0 6 109 113
cat-Egyptian_Mau 0.006970001 0 137 18 191
cat-Persian 0.006950901 169 107 234 202
dog-havanese 0.006887452 205 41 240 49
dog-english_setter 0.0068602776 248 54 300 156
dog-shiba_inu 0.0059686685 27 11 103 104
cat-Bombay 0.005686303 119 0 227 27
dog-leonberger 0.0056777876 292 144 300 162
dog-american_bulldog 0.005657652 27 12 102 103
dog-pug 0.005467031 0 0 91 103
cat-Abyssinian 0.005232725 0 95 11 111
dog-yorkshire_terrier 0.0050603556 212 2 300 38
dog-great_pyrenees 0.0049403287 169 107 234 202
cat-Egyptian_Mau 0.004753002 0 170 19 224
dog-staffordshire_bull_terrier 0.004715309 27 12 102 103
dog-yorkshire_terrier 0.004690216 0 12 102 139
dog-wheaten_terrier 0.004667703 168 95 237 169
dog-pomeranian 0.004625699 19 56 85 102
cat-Egyptian_Mau 0.0046117757 278 148 299 221
dog-yorkshire_terrier 0.0044852537 98 0 250 34
dog-basset_hound 0.004432833 278 148 299 221
cat-Bombay 0.0040852325 148 0 256 27
cat-Maine_Coon 0.00404511 0 15 105 106
cat-Persian 0.0039515393 2 195 42 248
cat-Maine_Coon 0.003922313 2 195 42 248
dog-samoyed 0.003899945 12 19 279 248
cat-Egyptian_Mau 0.0038642057 85 101 297 248
cat-Bengal 0.003819335 4 37 300 248
dog-wheaten_terrier 0.0037585318 143 27 263 174
dog-japanese_chin 0.003724788 19 56 85 102
cat-Bombay 0.003700626 88 0 148 15
dog-basset_hound 0.003666965 0 162 19 216
dog-leonberger 0.003628821 292 137 300 157
dog-leonberger 0.0035951822 0 0 91 103
cat-Bombay 0.0035565675 180 0 275 19
dog-keeshond 0.0035158677 0 6 109 113
cat-Egyptian_Mau 0.0034793268 1 137 25 201
cat-Egyptian_Mau 0.0034190235 283 149 300 189
cat-Birman 0.0033812402 37 82 77 99
dog-japanese_chin 0.0033778115 20 74 74 102
dog-pomeranian 0.003343911 20 74 74 102
dog-keeshond 0.003296415 0 0 91 103
cat-Egyptian_Mau 0.0032693194 19 11 188 223
cat-Egyptian_Mau 0.0032316165 0 122 19 174
dog-great_pyrenees 0.003202692 4 0 106 108
dog-english_setter 0.0031819178 0 0 91 103
cat-Bengal 0.0031777977 0 162 19 216
dog-shiba_inu 0.0031687056 269 139 300 208
cat-Maine_Coon 0.0030756565 4 37 300 248
dog-yorkshire_terrier 0.003072576 194 0 300 64
dog-pug 0.0030712585 4 0 106 108
cat-Egyptian_Mau 0.003057167 0 11 199 248
cat-British_Shorthair 0.003055207 4 37 300 248
dog-great_pyrenees 0.0030499178 0 0 91 103
dog-yorkshire_terrier 0.0030352974 224 0 300 88
bella 0.003028785 1 155 18 209
cat-Abyssinian 0.0030026524 291 147 300 166
dog-miniature_pinscher 0.0029693819 212 2 300 38
cat-Bombay 0.002963581 182 0 283 27
cat-Birman 0.0029404322 19 56 85 102
dog-american_pit_bull_terrier 0.0029340393 226 46 300 178
cat-Bombay 0.0029305678 205 0 267 14
cat-Bombay 0.0029295648 85 0 167 18
dog-pomeranian 0.0029201687 268 126 300 188
cat-Bombay 0.0029192136 90 0 198 27
dog-havanese 0.0029148378 207 38 238 47
cat-Bengal 0.0029139414 220 0 282 14
dog-yorkshire_terrier 0.0028725471 243 0 300 29
dog-pomeranian 0.0028612618 23 43 101 105
dog-samoyed 0.002841557 0 6 109 113
cat-Persian 0.0028142652 154 37 171 44
cat-Persian 0.0028128615 0 12 102 139
cat-Egyptian_Mau 0.002807151 279 166 300 225
dog-basset_hound 0.0027309186 0 137 18 191
cat-Russian_Blue 0.0027301046 0 131 18 185
