dog-pomeranian 0.9937826 84 21 229 173
dog-japanese_chin 0.048378047 82 22 230 174
dog-keeshond 0.046945583 85 21 230 172
dog-yorkshire_terrier 0.045985762 82 22 230 174
cat-Birman 0.037094027 82 22 230 174
dog-samoyed 0.029666416 85 21 230 172
dog-pomeranian 0.022657719 107 106 228 174
dog-great_pyrenees 0.021001365 82 22 230 174
cat-Ragdoll 0.016486336 83 18 229 174
cat-Birman 0.013637207 99 1 300 176
cat-Ragdoll 0.012805514 99 1 300 176
dog-pomeranian 0.012276415 99 1 300 176
cat-Siamese 0.01108909 2 0 81 27
cat-Birman 0.010062814 219 0 300 28
dog-yorkshire_terrier 0.010000137 99 1 300 176
dog-havanese 0.009229235 85 17 230 168
cat-Ragdoll 0.009215298 0 0 235 183
cat-Birman 0.008881024 9 0 98 26
cat-Siamese 0.008321085 201 3 294 35
cat-Bombay 0.00824529 20 0 114 26
cat-Siamese 0.008148796 99 1 300 176
dog-shiba_inu 0.0079231225 99 1 300 176
cat-Siamese 0.0075745704 20 0 114 26
cat-Siamese 0.007574151 0 226 46 267
cat-Persian 0.00748925 85 17 230 168
dog-pug 0.0074232207 218 1 300 34
dog-american_bulldog 0.0073319627 99 1 300 176
dog-chihuahua 0.0072203763 99 1 300 176
dog-american_bulldog 0.006855907 75 4 231 180
cat-Birman 0.006727356 0 226 54 267
dog-staffordshire_bull_terrier 0.006190191 75 4 231 180
dog-great_pyrenees 0.00616351 99 1 300 176
dog-yorkshire_terrier 0.0060488405 0 0 235 183
cat-Persian 0.005993653 0 0 235 183
dog-samoyed 0.00587712 99 1 300 176
dog-leonberger 0.005782238 87 18 229 178
cat-Maine_Coon 0.005767687 99 1 300 176
cat-Birman 0.005665117 36 0 129 26
cat-Siamese 0.005359576 195 0 286 22
dog-staffordshire_bull_terrier 0.005322889 99 1 300 176
dog-japanese_chin 0.0053037736 0 0 235 183
dog-yorkshire_terrier 0.00524506 36 0 129 26
cat-Birman 0.005053264 0 0 235 183
dog-pug 0.004972264 85 21 230 172
cat-Bombay 0.0049384087 219 0 300 28
cat-Bengal 0.004931724 0 0 235 183
cat-Siamese 0.00488186 219 0 300 28
cat-Bombay 0.004813052 106 0 200 21
dog-boxer 0.004720645 99 1 300 176
dog-pomeranian 0.004629314 0 0 235 183
dog-american_pit_bull_terrier 0.004580147 99 1 300 176
dog-great_pyrenees 0.004560272 0 0 236 194
dog-american_pit_bull_terrier 0.004510334 75 4 231 180
cat-British_Shorthair 0.0044522057 0 0 235 183
bella 0.0044406885 99 1 300 176
cat-Sphynx 0.004433759 0 0 235 183
dog-pug 0.0043268404 0 0 235 183
dog-japanese_chin 0.0043012174 99 1 300 176
cat-Siamese 0.004203439 0 0 235 183
dog-staffordshire_bull_terrier 0.00416076 145 118 169 138
dog-yorkshire_terrier 0.004063127 0 0 111 68
dog-great_pyrenees 0.0040164725 205 0 292 27
dog-pug 0.0040063984 99 1 300 176
cat-Ragdoll 0.0039865295 0 0 212 144
cat-Persian 0.0039842715 250 1 300 24
cat-Birman 0.003976942 201 3 294 35
dog-keeshond 0.0039707627 99 1 300 176
cat-Bombay 0.003969895 55 0 144 27
cat-Bombay 0.0039018015 2 0 81 27
dog-chihuahua 0.0038459655 83 18 229 174
cat-Bombay 0.0038296063 0 0 235 183
dog-keeshond 0.003821066 219 0 300 28
dog-miniature_pinscher 0.003801517 0 0 111 68
dog-leonberger 0.003765276 205 0 292 27
cat-Maine_Coon 0.0036421693 0 0 235 183
dog-yorkshire_terrier 0.0035735196 72 0 160 27
dog-shiba_inu 0.0035667315 201 3 294 35
bella 0.0035574145 279 80 299 152
cat-Siamese 0.00354315 55 0 144 27
dog-pug 0.0035356847 205 0 292 27
dog-yorkshire_terrier 0.0034796426 219 0 300 28
dog-great_pyrenees 0.0034364539 201 3 294 35
dog-american_bulldog 0.0032827987 0 0 236 194
cat-Abyssinian 0.00314325 99 1 300 176
dog-pomeranian 0.0031326269 102 126 204 173
dog-yorkshire_terrier 0.0031167457 0 22 142 122
dog-english_cocker_spaniel 0.0031098877 6 230 25 236
cat-Siamese 0.0031084705 81 0 170 20
dog-american_pit_bull_terrier 0.0030431803 205 0 292 27
dog-shiba_inu 0.0030411396 0 0 235 183
cat-Birman 0.0030376823 250 1 300 24
dog-boxer 0.003023218 201 3 294 35
dog-american_pit_bull_terrier 0.0030231462 201 3 294 35
bella 0.0030011924 282 89 300 144
dog-keeshond 0.0029960861 0 0 235 183
dog-yorkshire_terrier 0.0029832416 35 2 137 35
dog-beagle 0.0029775216 99 1 300 176
cat-Siamese 0.0029524248 208 0 270 17
dog-staffordshire_bull_terrier 0.002920903 158 117 178 132
cat-Russian_Blue 0.0029185084 199 0 294 22
