dog-pug 0.994303 66 34 238 186
dog-boxer 0.36630014 65 33 236 206
dog-newfoundland 0.2605833 65 33 236 206
dog-staffordshire_bull_terrier 0.21818905 65 33 236 206
dog-american_pit_bull_terrier 0.12062847 65 33 236 206
dog-german_shorthaired 0.03828312 65 33 236 206
dog-pug 0.03744067 43 29 253 225
cat-Bombay 0.030643135 65 33 236 206
cat-British_Shorthair 0.02738736 65 33 236 206
dog-newfoundland 0.020218868 178 44 234 111
dog-yorkshire_terrier 0.020105083 67 35 235 194
dog-boxer 0.01860486 0 20 253 209
cat-Bombay 0.017114604 179 49 234 118
cat-Siamese 0.013577839 67 35 235 194
dog-havanese 0.0132788345 67 35 235 194
bella 0.01162101 1 55 19 97
dog-boxer 0.011380005 185 55 234 130
cat-Birman 0.011081149 67 35 235 194
dog-scottish_terrier 0.010450879 65 33 236 206
dog-miniature_pinscher 0.010352727 60 40 241 225
dog-newfoundland 0.009496373 0 20 253 209
cat-Egyptian_Mau 0.009105067 277 160 300 219
dog-german_shorthaired 0.009085265 178 44 234 111
cat-Bombay 0.008972203 0 20 253 209
dog-american_bulldog 0.008675825 65 33 236 206
dog-pug 0.008123674 45 0 70 8
dog-leonberger 0.007911471 65 33 236 206
cat-Sphynx 0.007333039 0 39 243 199
dog-staffordshire_bull_terrier 0.0071449806 178 44 234 111
dog-american_pit_bull_terrier 0.0070433063 0 20 253 209
cat-Birman 0.0070241634 43 29 253 225
dog-yorkshire_terrier 0.0069096503 178 44 234 111
dog-american_bulldog 0.006730983 0 20 253 209
dog-basset_hound 0.006433514 60 40 241 225
dog-havanese 0.00631739 178 44 234 111
dog-english_cocker_spaniel 0.0062898016 60 40 241 225
bella 0.00626891 1 68 18 119
dog-staffordshire_bull_terrier 0.0062396983 0 20 253 209
cat-Russian_Blue 0.006135864 60 40 241 225
dog-miniature_pinscher 0.006108617 0 20 253 209
dog-wheaten_terrier 0.0060961116 178 44 234 111
dog-boxer 0.0060859537 35 0 76 12
cat-British_Shorthair 0.0060761687 0 20 253 209
cat-Siamese 0.0059946077 42 0 65 8
dog-boxer 0.0059225676 192 24 210 32
dog-boxer 0.0058947694 178 44 234 111
dog-boxer 0.005859733 42 0 65 8
dog-boxer 0.0057537807 22 3 67 16
dog-american_pit_bull_terrier 0.005661092 178 44 234 111
dog-english_cocker_spaniel 0.005571954 0 20 253 209
dog-saint_bernard 0.00539058 0 20 253 209
dog-german_shorthaired 0.005357446 0 20 253 209
cat-Egyptian_Mau 0.0052186945 279 157 300 197
dog-boxer 0.0049619977 33 2 78 15
cat-Siamese 0.0049363286 0 20 253 209
dog-pug 0.0049265996 0 13 240 216
dog-keeshond 0.0048406664 178 44 234 111
cat-Bengal 0.0047507407 0 20 253 209
cat-Bombay 0.0046799495 140 0 225 17
dog-shiba_inu 0.004607991 0 20 253 209
dog-yorkshire_terrier 0.0045912084 0 20 253 209
dog-leonberger 0.0045511858 0 20 253 209
dog-boxer 0.004416346 26 0 66 13
cat-Sphynx 0.004415994 179 49 234 118
dog-scottish_terrier 0.0043928763 178 44 234 111
dog-boxer 0.0043660286 51 0 96 11
bella 0.004364238 60 40 241 225
dog-english_setter 0.0043567545 60 40 241 225
dog-japanese_chin 0.004086303 60 40 241 225
dog-great_pyrenees 0.0040096403 0 20 253 209
dog-havanese 0.003987452 43 29 253 225
cat-Egyptian_Mau 0.0038957794 282 165 300 206
cat-Siamese 0.0038558105 179 49 234 118
cat-Egyptian_Mau 0.0037996215 238 136 300 225
dog-miniature_pinscher 0.0037872111 178 44 234 111
dog-boxer 0.0037378308 33 36 67 54
dog-staffordshire_bull_terrier 0.00368043 168 99 192 108
cat-Egyptian_Mau 0.0036660852 0 54 20 102
cat-Siamese 0.0035954847 51 0 96 11
cat-Maine_Coon 0.0035803092 280 170 300 219
dog-yorkshire_terrier 0.003576565 0 0 105 56
cat-Persian 0.003568243 178 44 234 111
cat-Siamese 0.0035513665 22 3 67 16
cat-Bengal 0.0034947393 67 33 186 86
cat-Persian 0.0034889271 0 20 253 209
cat-Siamese 0.0034870529 35 0 76 12
bella 0.0033828602 1 48 20 85
cat-Siamese 0.0033820728 69 0 130 15
cat-Siamese 0.0033591588 33 2 78 15
cat-Persian 0.0033543077 60 40 241 225
cat-Bombay 0.00331165 160 0 221 13
cat-Russian_Blue 0.003288411 179 49 234 118
dog-american_pit_bull_terrier 0.0032405744 63 39 286 225
cat-Birman 0.0032404067 42 0 65 8
cat-Egyptian_Mau 0.003221694 0 20 253 209
dog-english_cocker_spaniel 0.0032060368 178 44 234 111
cat-Siamese 0.0031354483 26 0 66 13
cat-Bombay 0.003133869 83 0 138 13
dog-yorkshire_terrier 0.0031286567 0 19 129 101
dog-boxer 0.0031055682 44 38 74 79
