dog-pug 0.9944582 85 21 206 125
dog-boxer 0.039606083 85 21 206 125
cat-Bombay 0.028147247 85 21 206 125
cat-Birman 0.02543719 85 21 206 125
dog-newfoundland 0.022012489 85 21 207 125
cat-Siamese 0.021403337 85 21 206 125
dog-yorkshire_terrier 0.019390063 85 21 207 125
cat-British_Shorthair 0.014475702 0 4 217 135
dog-boxer 0.013983639 234 59 264 72
dog-japanese_chin 0.013807111 85 21 206 125
cat-Sphynx 0.012986415 0 4 217 135
dog-pug 0.011253398 0 4 217 135
cat-Egyptian_Mau 0.010280458 279 9 300 58
dog-american_pit_bull_terrier 0.00975318 85 21 207 125
dog-american_pit_bull_terrier 0.009660732 234 59 264 72
dog-boxer 0.009359329 0 4 217 135
cat-Bombay 0.00915509 0 4 217 135
dog-boxer 0.00912361 227 58 255 72
dog-staffordshire_bull_terrier 0.008121792 227 58 255 72
dog-german_shorthaired 0.0077892696 150 21 202 79
dog-boxer 0.0075569698 96 6 300 145
dog-english_cocker_spaniel 0.0070314375 278 62 299 121
cat-British_Shorthair 0.0069794795 0 0 200 109
dog-staffordshire_bull_terrier 0.006749959 234 59 264 72
dog-american_pit_bull_terrier 0.0063015246 227 58 255 72
cat-Bombay 0.0060886387 141 28 202 100
cat-Russian_Blue 0.006069491 234 59 264 72
cat-Bengal 0.006048523 0 4 217 135
cat-Siamese 0.005730915 96 6 300 145
cat-Siamese 0.005583774 0 4 217 135
cat-Bombay 0.0055750804 0 0 200 109
dog-american_bulldog 0.0055194153 227 58 255 72
cat-Egyptian_Mau 0.005396865 277 26 298 74
cat-British_Shorthair 0.005306126 84 20 208 124
dog-english_cocker_spaniel 0.0052381833 275 89 300 153
dog-boxer 0.005162953 236 62 264 76
cat-Russian_Blue 0.005113513 0 4 217 135
cat-Bombay 0.00502507 187 0 269 18
cat-Sphynx 0.0049277665 0 0 200 109
dog-pug 0.0047446773 0 0 200 109
dog-staffordshire_bull_terrier 0.004717966 96 6 300 145
cat-Bengal 0.004655908 277 26 298 74
dog-leonberger 0.004629784 37 27 258 227
cat-Egyptian_Mau 0.0046144053 280 35 300 80
cat-Bengal 0.004530625 266 12 300 67
cat-Persian 0.0043690847 0 4 217 135
cat-Siamese 0.0043676808 185 0 281 25
dog-german_shorthaired 0.0042762896 0 4 217 135
cat-Sphynx 0.004247355 234 59 264 72
dog-miniature_pinscher 0.004241478 0 4 217 135
dog-boxer 0.0042369775 240 59 281 73
cat-Egyptian_Mau 0.0042204927 274 0 300 53
dog-english_cocker_spaniel 0.004205481 278 132 299 186
cat-British_Shorthair 0.0042030797 162 0 186 5
cat-Russian_Blue 0.0041339425 0 0 200 109
cat-Abyssinian 0.004127279 0 4 217 135
cat-Birman 0.004077375 0 4 217 135
dog-leonberger 0.003998166 189 106 239 151
dog-miniature_pinscher 0.003994998 77 0 100 6
dog-pug 0.003967351 96 6 300 145
dog-basset_hound 0.003935428 206 1 229 6
dog-newfoundland 0.0039211246 141 28 202 100
dog-basset_hound 0.0038475338 37 27 258 227
dog-newfoundland 0.0037640831 71 21 224 203
dog-staffordshire_bull_terrier 0.003749713 146 71 167 83
cat-Birman 0.0037268733 101 0 300 122
dog-american_bulldog 0.0036975613 234 59 264 72
dog-staffordshire_bull_terrier 0.0036937634 145 25 202 90
dog-miniature_pinscher 0.0036871382 0 0 107 61
dog-yorkshire_terrier 0.0036393846 44 0 121 25
dog-leonberger 0.003562629 232 114 255 138
dog-havanese 0.0035474168 145 25 202 90
dog-japanese_chin 0.0035335063 0 4 217 135
cat-Siamese 0.0034855767 101 0 300 122
dog-keeshond 0.0034145925 145 25 202 90
cat-Russian_Blue 0.0033845762 233 54 263 68
dog-newfoundland 0.0033805012 0 4 217 135
dog-english_cocker_spaniel 0.0033556658 265 106 300 173
cat-British_Shorthair 0.0033444925 0 31 220 175
dog-staffordshire_bull_terrier 0.0033438602 85 22 204 125
dog-boxer 0.0033275369 145 25 202 90
dog-beagle 0.0033227957 70 0 83 9
cat-Sphynx 0.0033153314 96 6 300 145
dog-havanese 0.0032971795 85 21 207 125
dog-staffordshire_bull_terrier 0.0032887287 146 77 166 87
dog-american_bulldog 0.0032785484 0 4 217 135
dog-american_bulldog 0.0032760033 0 0 200 109
dog-wheaten_terrier 0.0032725467 96 0 118 5
dog-boxer 0.0032643 233 54 263 68
cat-Bengal 0.0032391516 280 35 300 80
dog-staffordshire_bull_terrier 0.0032118768 143 74 163 86
cat-Egyptian_Mau 0.003193383 269 0 300 23
dog-miniature_pinscher 0.0031924404 234 59 264 72
dog-basset_hound 0.0031525001 277 26 298 74
dog-leonberger 0.0031461646 234 59 264 72
cat-Russian_Blue 0.0031338006 227 58 255 72
dog-boxer 0.0031134542 0 31 220 175
dog-scottish_terrier 0.0031096675 84 23 200 96
dog-miniature_pinscher 0.0030923649 270 40 300 104
dog-boxer 0.003090594 0 0 200 109
