dog-pug 0.984903 54 54 176 152
cat-Birman 0.15600191 54 54 176 152
dog-japanese_chin 0.08620441 54 54 176 152
dog-boxer 0.0820544 54 54 176 152
cat-British_Shorthair 0.0625689 54 54 176 152
cat-Bombay 0.060892362 54 54 176 152
dog-yorkshire_terrier 0.05191496 55 53 174 153
dog-newfoundland 0.048741862 55 53 174 153
cat-Siamese 0.04370471 54 54 176 152
dog-boxer 0.025625126 129 59 173 137
dog-american_pit_bull_terrier 0.021797616 55 53 174 153
dog-chihuahua 0.021683633 55 53 174 153
dog-shiba_inu 0.015265973 55 53 174 153
dog-keeshond 0.01350624 0 250 47 300
cat-Egyptian_Mau 0.011258735 1 178 20 230
dog-american_bulldog 0.011047357 55 53 174 153
cat-Siamese 0.010393893 146 0 208 28
cat-Egyptian_Mau 0.010010627 205 228 225 300
cat-Abyssinian 0.009145856 217 50 224 73
cat-Persian 0.008790369 55 53 174 153
dog-great_pyrenees 0.008631377 55 53 174 153
cat-Siamese 0.008553638 128 63 173 145
dog-leonberger 0.008357615 55 53 174 153
cat-Birman 0.008182684 150 0 210 28
cat-Bengal 0.00805065 0 175 18 231
dog-keeshond 0.008026365 59 54 176 146
dog-pomeranian 0.008017233 55 53 174 153
dog-scottish_terrier 0.007844127 59 54 176 146
cat-Egyptian_Mau 0.0076412447 209 178 224 226
cat-Siamese 0.0075423177 144 0 220 35
cat-Egyptian_Mau 0.0071083824 0 172 30 230
dog-keeshond 0.00675593 0 226 103 300
cat-Egyptian_Mau 0.006586732 0 184 14 231
cat-Sphynx 0.0063479263 129 59 173 137
dog-german_shorthaired 0.0062306304 154 60 174 103
dog-american_pit_bull_terrier 0.0062117158 174 0 225 44
dog-boxer 0.005881779 147 0 225 41
cat-Bengal 0.0055459416 0 173 30 229
dog-staffordshire_bull_terrier 0.0054159155 54 54 176 152
cat-Egyptian_Mau 0.0051838104 212 176 225 219
cat-Abyssinian 0.0051786415 217 55 224 83
dog-havanese 0.00513237 53 53 160 149
dog-pug 0.0050755898 52 55 124 144
dog-boxer 0.0050236187 28 52 57 78
cat-British_Shorthair 0.005020785 0 21 173 191
dog-american_pit_bull_terrier 0.0048027504 181 0 225 35
cat-Ragdoll 0.0047781486 129 59 173 137
cat-Sphynx 0.004689321 55 53 174 153
cat-Persian 0.004675685 168 0 200 12
cat-Birman 0.0044939085 144 0 220 35
cat-Russian_Blue 0.004360701 55 53 174 153
dog-boxer 0.004326187 0 40 195 267
dog-boxer 0.004274712 149 62 174 109
dog-american_pit_bull_terrier 0.00415729 129 59 173 137
cat-Sphynx 0.004123167 0 21 173 191
dog-staffordshire_bull_terrier 0.004048306 129 59 173 137
dog-newfoundland 0.0039834753 129 59 173 137
dog-chihuahua 0.003969818 213 7 225 57
cat-Egyptian_Mau 0.003936437 0 45 11 89
dog-basset_hound 0.003904545 17 40 193 300
dog-basset_hound 0.003901173 193 47 206 54
dog-shiba_inu 0.0037602638 0 227 111 300
dog-pug 0.0037446215 55 77 142 150
cat-Birman 0.0037405875 77 57 173 129
dog-keeshond 0.0036778832 1 239 31 300
dog-boxer 0.0036562695 71 17 225 186
cat-Siamese 0.0036282043 71 17 225 186
dog-pomeranian 0.0036172832 1 239 31 300
dog-miniature_pinscher 0.003572929 55 53 174 153
dog-american_pit_bull_terrier 0.0035437224 125 54 225 161
dog-pomeranian 0.003538113 144 0 225 77
dog-american_bulldog 0.0034835006 0 40 195 267
dog-pug 0.0034718125 0 21 173 191
cat-British_Shorthair 0.003456988 0 0 154 146
dog-staffordshire_bull_terrier 0.0034430972 118 105 134 121
dog-german_shorthaired 0.0034328732 54 54 176 152
cat-Russian_Blue 0.003426082 129 59 173 137
dog-beagle 0.003408084 149 62 174 109
dog-basset_hound 0.0033788278 189 46 202 54
dog-pug 0.003373403 129 59 173 137
dog-miniature_pinscher 0.0033286358 52 64 69 113
dog-basset_hound 0.0033095994 59 54 176 146
dog-american_pit_bull_terrier 0.0033025527 144 0 225 77
cat-Bengal 0.0032950838 0 21 173 191
dog-yorkshire_terrier 0.0032429225 0 0 83 72
dog-american_bulldog 0.003237691 17 40 193 300
dog-american_bulldog 0.0032209165 71 17 225 186
cat-Birman 0.0032202413 77 0 225 154
dog-staffordshire_bull_terrier 0.0032093585 117 57 131 69
dog-english_cocker_spaniel 0.0031953175 55 53 174 153
cat-Bengal 0.0031737927 149 62 174 109
dog-leonberger 0.0031706959 129 59 173 137
dog-english_cocker_spaniel 0.003156052 156 203 174 213
cat-Siamese 0.0031547307 65 0 108 17
cat-Bombay 0.0031491946 0 0 154 146
cat-Birman 0.0031381932 160 0 203 20
dog-english_cocker_spaniel 0.0031351114 151 202 169 213
cat-Egyptian_Mau 0.0031150247 0 194 15 249
dog-boxer 0.0031102723 44 41 173 282
dog-boxer 0.0030944839 168 41 199 61
