dog-pug 0.9871638 96 2 457 313
cat-Birman 0.30726534 95 5 459 313
dog-japanese_chin 0.19300419 95 5 459 313
dog-boxer 0.074341945 95 5 459 313
cat-Siamese 0.041154433 95 5 459 313
dog-yorkshire_terrier 0.0363206 98 6 460 311
dog-leonberger 0.030500785 71 5 456 333
dog-newfoundland 0.025787115 98 6 460 311
dog-pug 0.02239704 386 2 500 49
cat-Bombay 0.018803764 405 131 434 182
cat-Bengal 0.017865857 405 131 434 182
cat-Bombay 0.015309998 71 5 456 333
dog-havanese 0.01273543 98 6 460 311
dog-pomeranian 0.012044055 98 6 460 311
cat-Siamese 0.010944128 0 0 137 35
cat-British_Shorthair 0.0099361 71 5 456 333
cat-Abyssinian 0.009473874 405 131 434 182
cat-Russian_Blue 0.00878938 405 131 434 182
dog-pomeranian 0.008527757 293 159 412 194
dog-german_shorthaired 0.008448586 405 131 434 182
cat-Birman 0.00810653 11 0 165 35
dog-american_bulldog 0.008046045 71 5 456 333
cat-Persian 0.007990606 71 5 456 333
dog-leonberger 0.00781285 406 132 434 185
cat-Persian 0.007634783 222 1 264 11
cat-Siamese 0.0072861286 7 2 178 43
dog-american_pit_bull_terrier 0.007195174 98 6 460 311
dog-keeshond 0.007061732 98 5 459 310
dog-miniature_pinscher 0.0065641217 405 131 434 182
dog-american_pit_bull_terrier 0.0063350424 386 2 500 49
cat-Siamese 0.0062776767 296 2 381 22
dog-saint_bernard 0.0060383165 71 5 456 333
cat-Egyptian_Mau 0.0059041968 405 131 434 182
cat-Persian 0.0058964496 251 1 280 11
dog-keeshond 0.0058094794 133 199 355 302
dog-staffordshire_bull_terrier 0.00572815 71 5 456 333
cat-Persian 0.0054006055 242 1 273 11
dog-basset_hound 0.005390692 405 131 434 182
dog-yorkshire_terrier 0.005362477 66 0 222 38
dog-staffordshire_bull_terrier 0.0053204736 406 132 434 185
dog-yorkshire_terrier 0.005235863 0 0 187 85
dog-leonberger 0.005224996 133 199 355 302
dog-yorkshire_terrier 0.005139126 29 4 217 47
dog-japanese_chin 0.005135054 32 233 51 265
cat-Bombay 0.0049843243 11 0 165 35
dog-miniature_pinscher 0.0049424227 1 283 16 313
dog-american_bulldog 0.0049046166 318 2 393 22
cat-Birman 0.0048568132 208 1 245 9
dog-boxer 0.0047957245 405 131 434 182
cat-Bombay 0.0045985756 424 1 500 31
dog-chihuahua 0.0045470246 386 2 500 49
dog-shiba_inu 0.004485718 0 8 448 313
dog-havanese 0.0044167656 348 2 375 15
cat-Bombay 0.004415099 383 0 468 19
cat-Siamese 0.0042957556 386 2 500 49
cat-Ragdoll 0.0042939633 71 5 456 333
cat-Persian 0.0042555486 86 5 441 210
dog-pug 0.0041984823 7 2 178 43
dog-wheaten_terrier 0.004189242 405 131 434 182
dog-japanese_chin 0.0040877513 38 234 56 265
dog-english_cocker_spaniel 0.004011187 405 131 434 182
dog-chihuahua 0.0040022507 0 8 448 313
cat-Siamese 0.0039964877 487 123 500 148
dog-pug 0.0039138603 346 0 494 39
dog-wheaten_terrier 0.0038693321 313 0 340 8
bella 0.0038462875 464 184 499 273
dog-yorkshire_terrier 0.003831861 0 24 231 151
dog-havanese 0.003799477 342 1 368 12
dog-beagle 0.0037688802 405 131 434 182
cat-Siamese 0.0037324387 31 0 197 35
dog-wheaten_terrier 0.0037311139 320 0 347 8
dog-english_setter 0.0037179408 405 131 434 182
dog-american_bulldog 0.0036216734 303 0 380 18
dog-basset_hound 0.0036137688 71 5 456 333
dog-scottish_terrier 0.0035790352 405 131 434 182
dog-chihuahua 0.0035581717 7 2 178 43
dog-basset_hound 0.0035440505 110 194 158 211
dog-wheaten_terrier 0.0035414095 362 0 392 8
cat-Bengal 0.003486584 0 8 448 313
dog-wheaten_terrier 0.0034862093 307 0 333 8
cat-Persian 0.0034649363 208 0 253 10
dog-great_pyrenees 0.0034467017 303 0 380 18
cat-Sphynx 0.0034416083 405 131 434 182
dog-leonberger 0.0033439775 159 249 354 305
dog-shiba_inu 0.0032920607 296 2 381 22
dog-staffordshire_bull_terrier 0.0032668842 172 117 205 135
dog-wheaten_terrier 0.0031570902 326 0 354 8
cat-Siamese 0.0031463653 303 0 380 18
dog-american_pit_bull_terrier 0.0031316709 319 0 500 77
cat-British_Shorthair 0.0031253493 376 65 406 73
cat-Egyptian_Mau 0.0031223926 318 2 393 22
dog-wheaten_terrier 0.0031208775 351 0 381 9
cat-Birman 0.003120731 214 1 260 10
dog-pug 0.003096326 0 0 137 35
cat-Bombay 0.003043432 362 0 443 18
dog-miniature_pinscher 0.0030165266 1 287 18 323
dog-japanese_chin 0.00297912 31 246 51 273
dog-miniature_pinscher 0.0029705272 0 0 187 85
cat-Siamese 0.0029294477 487 131 500 157
cat-Bombay 0.0029224618 208 1 245 9
