cat-Ragdoll 0.8950004 214 2 395 196
cat-Birman 0.72347766 214 2 395 196
dog-pomeranian 0.22925808 215 1 392 196
cat-Persian 0.048325457 214 2 395 196
dog-japanese_chin 0.039373785 215 1 392 196
dog-keeshond 0.021794628 214 2 395 196
dog-samoyed 0.017539376 215 1 392 196
dog-japanese_chin 0.013058661 275 171 328 197
cat-Bombay 0.012874871 433 1 500 39
dog-japanese_chin 0.011303421 41 19 414 237
dog-american_bulldog 0.009728407 186 0 500 225
cat-Siamese 0.008900495 214 2 395 196
cat-Siamese 0.008890696 186 0 500 225
cat-Ragdoll 0.008853437 41 19 414 237
cat-British_Shorthair 0.008736138 0 2 419 248
dog-basset_hound 0.008396303 457 144 500 250
dog-american_bulldog 0.008029271 217 0 405 191
cat-Maine_Coon 0.007712036 214 2 395 196
cat-Abyssinian 0.0076020584 214 2 395 196
cat-Birman 0.0072611417 80 17 379 201
dog-great_pyrenees 0.0072549745 217 0 405 191
dog-basset_hound 0.007122616 460 182 500 296
dog-german_shorthaired 0.0070380727 0 165 89 307
dog-boxer 0.006936841 186 0 500 225
cat-Bengal 0.006847383 0 2 419 248
dog-japanese_chin 0.006579077 143 14 419 203
bella 0.0065321564 275 94 325 123
cat-Persian 0.0064629996 0 0 364 180
cat-Ragdoll 0.0064251735 186 0 500 225
dog-basset_hound 0.006097929 461 220 499 328
dog-miniature_pinscher 0.006034692 400 2 499 60
dog-saint_bernard 0.0059413365 41 19 414 237
dog-havanese 0.0059360648 372 1 404 17
dog-japanese_chin 0.0057036593 0 0 364 180
cat-Ragdoll 0.0056629013 0 0 364 180
cat-Ragdoll 0.0053503616 0 0 402 181
dog-shiba_inu 0.005313473 211 4 393 150
cat-Persian 0.005256821 0 2 419 248
cat-Bengal 0.005131236 231 2 315 26
cat-Birman 0.0051283324 194 0 500 179
cat-Bengal 0.00506609 0 0 364 180
dog-american_bulldog 0.0050270758 0 0 443 278
dog-english_setter 0.0049782027 0 178 89 350
dog-staffordshire_bull_terrier 0.0049231504 269 93 319 123
dog-english_cocker_spaniel 0.0049097417 0 178 89 350
dog-pug 0.0047991737 186 0 500 225
cat-British_Shorthair 0.0047335173 0 0 364 180
dog-saint_bernard 0.004630184 0 226 98 386
dog-american_pit_bull_terrier 0.0043663434 0 81 87 239
cat-Egyptian_Mau 0.0043022446 320 4 411 30
dog-newfoundland 0.0042858613 0 51 151 328
dog-pug 0.004241551 465 1 500 13
dog-basset_hound 0.004120846 0 192 90 382
dog-havanese 0.0041180155 217 0 405 191
cat-Maine_Coon 0.0041142507 210 1 264 20
cat-Egyptian_Mau 0.004101193 219 4 375 87
dog-scottish_terrier 0.004088662 219 4 375 87
dog-leonberger 0.004063409 0 2 419 248
bella 0.0040416536 460 182 500 296
cat-Bengal 0.004029078 221 2 313 39
dog-basset_hound 0.0040091276 464 175 500 266
dog-pug 0.0039584143 0 2 419 248
dog-basset_hound 0.003943147 0 0 443 278
cat-Bengal 0.0039422303 236 4 355 36
dog-german_shorthaired 0.0038908029 1 191 47 263
dog-shiba_inu 0.0038372765 186 0 500 225
dog-boxer 0.003829503 0 2 419 248
cat-Egyptian_Mau 0.0038051377 0 2 419 248
cat-Bombay 0.0037307541 146 0 238 22
cat-Russian_Blue 0.0037258638 211 4 393 150
dog-havanese 0.0037007087 0 0 364 180
cat-Bengal 0.0036898735 428 1 500 50
dog-american_bulldog 0.0036753085 0 160 112 386
dog-pug 0.003666355 217 0 405 191
dog-basset_hound 0.0036657369 41 19 414 237
dog-pomeranian 0.0036561063 194 0 500 179
cat-Egyptian_Mau 0.003647789 223 1 300 25
dog-saint_bernard 0.0035713508 217 0 405 191
dog-japanese_chin 0.0035696747 186 0 500 225
dog-american_bulldog 0.0035014662 0 0 364 180
dog-wheaten_terrier 0.0034961712 226 1 269 11
cat-Egyptian_Mau 0.0034393459 0 0 364 180
dog-basset_hound 0.0034304254 456 118 500 220
dog-samoyed 0.0034159299 233 6 397 82
dog-miniature_pinscher 0.0034065181 320 4 411 30
dog-havanese 0.0033440157 408 37 423 68
dog-saint_bernard 0.003327165 0 0 364 180
dog-miniature_pinscher 0.003306213 0 171 83 298
dog-shiba_inu 0.0032656793 320 4 411 30
cat-Egyptian_Mau 0.0032611955 0 205 135 386
dog-english_setter 0.003227032 0 2 419 248
cat-Maine_Coon 0.003216313 221 2 313 39
dog-shiba_inu 0.0032123076 400 2 499 60
dog-scottish_terrier 0.0031895223 211 4 393 150
dog-american_pit_bull_terrier 0.003184982 0 51 151 328
cat-Bengal 0.003178112 320 4 411 30
cat-Bombay 0.0031531847 0 0 364 180
dog-staffordshire_bull_terrier 0.0031132028 186 0 500 225
dog-chihuahua 0.003101358 186 0 500 225
cat-Egyptian_Mau 0.0030947807 0 160 112 386
