cat-Ragdoll 0.963914 193 41 370 190
cat-Maine_Coon 0.15122905 194 42 370 189
dog-samoyed 0.12928599 193 41 370 190
cat-Persian 0.06288203 193 41 370 190
dog-great_pyrenees 0.05760028 193 41 370 190
dog-japanese_chin 0.035539217 193 41 370 190
dog-american_bulldog 0.031104648 193 41 370 190
dog-pomeranian 0.030766891 193 41 370 190
dog-keeshond 0.02391917 193 41 370 190
dog-american_pit_bull_terrier 0.013207296 3 69 89 223
cat-Birman 0.011642905 193 41 370 190
cat-Siamese 0.0113050155 4 0 138 51
cat-Egyptian_Mau 0.0111564 0 231 266 380
cat-Ragdoll 0.0110807475 171 0 380 198
cat-British_Shorthair 0.010886256 0 12 406 237
cat-British_Shorthair 0.010807661 95 83 131 92
bella 0.010201926 193 39 368 188
cat-Egyptian_Mau 0.009921264 193 41 370 190
cat-Bengal 0.009270653 0 12 406 237
dog-leonberger 0.008887562 66 140 99 184
cat-Russian_Blue 0.008813894 308 43 363 102
cat-Maine_Coon 0.008610312 0 231 266 380
cat-Ragdoll 0.0072631114 196 47 276 132
dog-basset_hound 0.0070799273 194 39 368 187
cat-Egyptian_Mau 0.007024001 0 12 406 237
cat-British_Shorthair 0.006938286 94 79 133 89
cat-Sphynx 0.0068255155 4 0 138 51
dog-great_pyrenees 0.0064682136 171 0 380 198
cat-Ragdoll 0.006402905 118 31 357 193
dog-wheaten_terrier 0.0061139087 105 251 182 269
dog-american_pit_bull_terrier 0.0060325814 0 57 71 200
dog-american_bulldog 0.0059872475 158 12 500 220
dog-scottish_terrier 0.005919837 0 64 30 148
cat-Ragdoll 0.0057892445 3 295 67 380
cat-Ragdoll 0.005739793 182 0 500 178
dog-chihuahua 0.0056518763 4 0 138 51
cat-British_Shorthair 0.005404646 0 231 266 380
dog-keeshond 0.0052958853 0 231 266 380
cat-British_Shorthair 0.005288899 83 74 113 85
dog-boxer 0.0050645107 158 12 500 220
dog-basset_hound 0.0050120316 0 231 266 380
cat-Bombay 0.004938597 8 0 170 49
dog-beagle 0.0049102125 0 186 69 279
dog-newfoundland 0.0048163487 427 134 500 248
cat-Ragdoll 0.004625036 158 12 500 220
cat-Persian 0.004603988 171 0 380 198
cat-Ragdoll 0.004561654 252 39 368 159
dog-newfoundland 0.0045253225 66 138 98 181
dog-japanese_chin 0.0045113447 66 138 98 181
cat-British_Shorthair 0.004492151 76 74 104 85
dog-samoyed 0.004474272 0 231 266 380
dog-miniature_pinscher 0.004457251 0 177 14 212
cat-Maine_Coon 0.0044538374 171 0 380 198
cat-Birman 0.0044057607 308 43 363 102
cat-Bengal 0.0043479805 0 0 354 174
dog-english_cocker_spaniel 0.0042716907 462 176 500 273
cat-Siamese 0.0041475217 158 12 500 220
cat-British_Shorthair 0.004134885 308 43 363 102
cat-Egyptian_Mau 0.0041057216 0 32 31 111
cat-Egyptian_Mau 0.004053252 308 43 363 102
cat-Persian 0.004025905 0 12 406 237
cat-Abyssinian 0.0039995904 158 12 500 220
dog-staffordshire_bull_terrier 0.003959633 299 43 361 79
cat-Russian_Blue 0.0039355587 94 79 133 89
cat-British_Shorthair 0.0039053818 0 0 354 174
cat-Persian 0.0038585365 0 0 354 174
cat-Ragdoll 0.0038460244 0 12 406 237
dog-leonberger 0.0038040695 0 118 30 190
dog-shiba_inu 0.0037956545 0 231 266 380
dog-newfoundland 0.0037671474 0 57 71 200
dog-yorkshire_terrier 0.0037669935 0 118 30 190
dog-miniature_pinscher 0.003700519 0 184 14 222
dog-boxer 0.003695101 308 43 363 102
dog-great_pyrenees 0.0036885308 158 12 500 220
bella 0.0036184418 4 268 43 334
dog-samoyed 0.0036150238 171 0 380 198
dog-american_pit_bull_terrier 0.003593008 1 116 88 255
dog-beagle 0.0035529125 158 12 500 220
cat-Bombay 0.0035497283 24 1 130 31
cat-Bombay 0.0035472347 0 142 26 198
dog-basset_hound 0.0035430542 407 312 500 378
dog-havanese 0.003527333 171 0 380 198
dog-staffordshire_bull_terrier 0.0035266127 473 36 500 99
cat-Bombay 0.0035026828 0 118 30 190
dog-boxer 0.0034783895 65 145 98 190
cat-Russian_Blue 0.003453407 0 12 406 237
dog-japanese_chin 0.00343721 171 0 380 198
cat-Persian 0.0034151003 0 231 266 380
dog-english_cocker_spaniel 0.003404516 473 36 500 99
dog-keeshond 0.003395663 252 39 368 159
dog-shiba_inu 0.003371975 193 41 370 190
cat-Egyptian_Mau 0.0033613287 0 0 76 24
dog-shiba_inu 0.0033611467 308 43 363 102
dog-american_bulldog 0.0033290822 0 231 266 380
dog-samoyed 0.0033162346 202 41 354 136
dog-great_pyrenees 0.0033115537 182 0 500 178
cat-Ragdoll 0.003309853 0 0 354 174
dog-miniature_pinscher 0.0032573831 0 173 13 204
dog-staffordshire_bull_terrier 0.0032368093 308 43 363 102
cat-Sphynx 0.003215908 158 12 500 220
