cat-Ragdoll 0.9135389 305 38 440 187
cat-Persian 0.73089916 307 36 438 187
cat-Maine_Coon 0.626481 307 36 440 186
dog-keeshond 0.22222434 307 36 438 187
dog-samoyed 0.2065536 305 38 440 187
dog-japanese_chin 0.07467457 307 36 438 187
dog-great_pyrenees 0.07029814 307 36 438 187
cat-British_Shorthair 0.06738595 307 36 438 187
dog-havanese 0.054164156 307 36 438 187
cat-Birman 0.04760366 306 38 440 186
cat-Bombay 0.04121216 0 0 227 71
dog-wheaten_terrier 0.03985085 307 36 438 187
dog-basset_hound 0.034672063 307 36 438 187
dog-american_bulldog 0.029477846 307 36 438 187
dog-yorkshire_terrier 0.029383693 307 36 438 187
cat-Bombay 0.02702094 0 0 331 85
dog-miniature_pinscher 0.026313074 0 0 331 85
dog-pomeranian 0.02529144 307 36 438 187
cat-Bombay 0.020040281 163 0 266 22
cat-Egyptian_Mau 0.01939583 307 36 438 187
dog-american_bulldog 0.018669328 144 227 244 328
dog-staffordshire_bull_terrier 0.014744323 0 0 331 85
bella 0.014375774 307 36 438 187
bella 0.012775066 469 191 498 277
cat-Maine_Coon 0.012711801 451 264 500 332
dog-staffordshire_bull_terrier 0.010425533 0 5 336 133
dog-german_shorthaired 0.009340973 0 0 331 85
dog-english_setter 0.0088861585 307 36 438 187
cat-Maine_Coon 0.008765227 432 276 500 332
cat-Russian_Blue 0.008583947 10 3 381 95
dog-saint_bernard 0.008336866 307 36 438 187
dog-yorkshire_terrier 0.008238533 157 228 189 236
cat-Russian_Blue 0.008079941 307 36 438 187
dog-miniature_pinscher 0.008015618 0 0 198 72
cat-Bombay 0.007924596 153 227 184 235
cat-Egyptian_Mau 0.007913833 2 195 33 243
dog-miniature_pinscher 0.0078205895 165 0 291 23
cat-Egyptian_Mau 0.0077269413 457 267 500 332
cat-Bengal 0.007645273 0 5 435 216
cat-Egyptian_Mau 0.0075657936 0 198 31 258
dog-leonberger 0.007424236 0 64 31 132
cat-Bombay 0.007338396 0 0 198 72
dog-newfoundland 0.0071858466 0 77 135 309
cat-Bombay 0.006907962 58 7 414 109
cat-Bombay 0.006734523 0 5 336 133
cat-Egyptian_Mau 0.0066603413 1 186 35 226
dog-pug 0.0066462546 153 227 184 235
bella 0.006640059 473 217 500 285
cat-Russian_Blue 0.006617947 22 0 340 76
dog-english_cocker_spaniel 0.0065883263 307 36 438 187
dog-english_cocker_spaniel 0.006547259 0 13 443 219
cat-Bombay 0.0063848626 67 0 379 83
dog-beagle 0.0061261714 307 36 438 187
dog-miniature_pinscher 0.0058206078 0 5 336 133
cat-Bombay 0.0057790703 144 0 230 17
dog-wheaten_terrier 0.0054532555 56 196 107 216
cat-Bengal 0.00543887 0 203 30 268
dog-english_cocker_spaniel 0.00542356 56 196 107 216
cat-Russian_Blue 0.005266767 0 5 336 133
cat-Egyptian_Mau 0.0050362786 469 233 500 312
dog-boxer 0.004880174 96 235 147 259
cat-British_Shorthair 0.004875337 0 13 443 219
dog-miniature_pinscher 0.0048383647 0 0 224 95
cat-Bengal 0.004811992 7 0 88 21
cat-British_Shorthair 0.0048074047 0 0 291 72
dog-beagle 0.004688869 192 185 262 204
dog-newfoundland 0.0045826305 0 0 198 72
cat-Bengal 0.0045816624 0 0 368 163
dog-leonberger 0.0045460123 307 36 438 187
cat-Egyptian_Mau 0.0044672433 238 67 500 333
bella 0.0044502635 466 176 498 254
cat-Birman 0.0044488627 149 227 179 235
dog-wheaten_terrier 0.004416701 68 196 120 215
dog-newfoundland 0.004342951 0 165 52 250
dog-shiba_inu 0.00432413 278 94 500 333
cat-Egyptian_Mau 0.0043153064 0 5 435 216
dog-yorkshire_terrier 0.004300772 154 223 190 234
cat-Egyptian_Mau 0.004293601 10 193 65 216
dog-basset_hound 0.0041787997 0 13 443 219
dog-newfoundland 0.0041621868 0 64 31 132
cat-Ragdoll 0.004086979 318 29 500 160
dog-english_cocker_spaniel 0.004086061 0 0 368 163
dog-leonberger 0.00401374 0 56 33 112
cat-Bengal 0.0040113064 67 0 379 83
cat-Egyptian_Mau 0.0038958776 468 187 500 258
dog-german_shorthaired 0.0038653438 0 0 198 72
cat-Egyptian_Mau 0.0037949604 473 227 500 294
cat-Bengal 0.0037934897 0 0 27 29
cat-Ragdoll 0.0037906293 184 210 247 235
dog-american_pit_bull_terrier 0.0037864055 0 77 135 309
dog-miniature_pinscher 0.0037754388 67 0 379 83
bella 0.0037566114 155 235 189 277
cat-Ragdoll 0.0037323586 310 44 386 126
bella 0.0036763477 0 172 38 210
cat-Egyptian_Mau 0.0036179088 409 1 457 17
cat-Siamese 0.0036018211 154 223 190 234
cat-Bengal 0.0036016651 2 195 33 243
cat-Abyssinian 0.003588424 302 42 318 68
cat-Russian_Blue 0.0035759793 278 94 500 333
cat-Bengal 0.0035641612 1 186 35 226
