cat-Ragdoll 0.97893953 186 34 335 172
cat-Persian 0.19426362 187 35 337 172
cat-Maine_Coon 0.10484381 187 35 337 172
dog-samoyed 0.057049472 186 34 334 172
cat-Birman 0.03524209 189 35 339 172
dog-pomeranian 0.03358035 187 35 337 172
dog-japanese_chin 0.033188574 187 35 337 172
dog-keeshond 0.032434005 189 35 339 172
dog-american_bulldog 0.019494368 189 35 339 172
cat-Egyptian_Mau 0.016898373 185 35 337 175
dog-pomeranian 0.015904108 1 18 33 116
dog-saint_bernard 0.013170091 363 139 460 288
dog-yorkshire_terrier 0.013169683 0 28 31 120
dog-english_cocker_spaniel 0.012367064 370 158 459 216
bella 0.011293897 475 147 500 213
dog-great_pyrenees 0.01127836 185 35 337 175
cat-British_Shorthair 0.011075429 185 35 337 175
cat-Abyssinian 0.009878779 323 150 476 397
dog-basset_hound 0.00966729 0 43 441 409
cat-Siamese 0.009148855 0 0 70 22
dog-leonberger 0.008686265 0 28 31 120
cat-Egyptian_Mau 0.008211657 0 43 441 409
cat-Egyptian_Mau 0.007819587 0 95 31 170
cat-Siamese 0.0070532947 2 3 152 105
dog-beagle 0.006898286 0 43 441 409
dog-chihuahua 0.0065866318 0 28 31 120
cat-Abyssinian 0.0064597977 273 0 311 10
cat-Sphynx 0.0060405494 0 2 97 30
bella 0.006000961 474 127 500 197
cat-Abyssinian 0.0059692743 183 37 341 171
bella 0.0059399824 2 86 30 158
cat-Egyptian_Mau 0.005740204 0 114 30 197
dog-leonberger 0.005680693 160 0 199 10
dog-american_pit_bull_terrier 0.0055666165 0 40 31 131
cat-Abyssinian 0.005538541 0 0 70 22
cat-Persian 0.0053779907 290 39 334 108
cat-Egyptian_Mau 0.0052018245 273 0 311 10
dog-american_bulldog 0.005182023 0 0 417 409
cat-Siamese 0.0050915508 168 0 243 45
cat-Siamese 0.005024996 6 7 96 122
cat-Ragdoll 0.005023938 306 0 356 26
dog-keeshond 0.0049458193 0 28 31 120
dog-basset_hound 0.004913104 465 61 499 172
cat-Abyssinian 0.0048503876 289 0 321 10
dog-pomeranian 0.004845361 311 0 343 10
cat-Abyssinian 0.004801618 234 0 285 15
bella 0.004730026 472 98 500 179
dog-basset_hound 0.004630597 363 139 460 288
cat-Abyssinian 0.0045744027 373 177 500 398
dog-shiba_inu 0.004534967 183 37 341 171
bella 0.0045065745 183 37 341 171
cat-Persian 0.0044721975 206 267 242 277
cat-Egyptian_Mau 0.00446429 297 0 326 10
bella 0.004446342 475 162 500 231
cat-Ragdoll 0.0044231527 170 0 364 182
cat-Egyptian_Mau 0.0043755965 474 291 500 357
dog-leonberger 0.004372824 311 0 343 10
cat-Siamese 0.0043545957 0 2 97 30
dog-scottish_terrier 0.0043475553 0 28 31 120
dog-american_bulldog 0.0043371217 302 0 362 22
dog-samoyed 0.00433579 0 241 33 325
cat-Siamese 0.0042830883 0 0 42 22
dog-german_shorthaired 0.0042256583 459 41 497 144
dog-samoyed 0.0042106826 0 21 31 108
cat-Egyptian_Mau 0.004202581 260 0 297 10
cat-Ragdoll 0.0041195117 282 1 347 35
cat-Ragdoll 0.004059789 3 318 75 409
dog-beagle 0.0039802147 183 37 341 171
cat-Ragdoll 0.003968159 315 0 378 21
dog-saint_bernard 0.0039604562 0 0 417 409
dog-pomeranian 0.003926244 168 0 243 45
cat-Ragdoll 0.00391635 292 38 334 97
cat-Sphynx 0.0038948802 366 3 500 63
bella 0.003890439 2 236 38 324
cat-Bengal 0.0038648536 234 0 285 15
dog-chihuahua 0.003829934 487 64 500 94
cat-Abyssinian 0.0038217667 252 201 477 409
bella 0.003794589 475 245 500 310
dog-basset_hound 0.0037496397 343 107 480 375
cat-Ragdoll 0.0037318142 283 0 349 23
cat-Abyssinian 0.0036444576 303 0 331 10
bella 0.0036377064 4 207 28 287
cat-Egyptian_Mau 0.0036210148 315 0 378 21
dog-leonberger 0.0036027692 260 0 297 10
dog-shiba_inu 0.0035867894 303 0 331 10
cat-Egyptian_Mau 0.0035849737 0 0 42 22
dog-american_bulldog 0.0035734246 0 0 42 22
dog-beagle 0.0035647016 273 0 311 10
dog-leonberger 0.003527806 174 0 209 10
dog-great_pyrenees 0.0035195148 303 0 361 33
bella 0.00350037 474 261 500 327
dog-pomeranian 0.0034911598 164 0 500 191
cat-Abyssinian 0.0034807704 260 0 297 10
cat-Bengal 0.0034704332 234 0 276 11
dog-american_bulldog 0.003459412 0 0 342 210
cat-Siamese 0.0034550384 273 0 311 10
cat-Ragdoll 0.0034434702 164 0 500 191
dog-beagle 0.003412573 122 8 500 267
dog-basset_hound 0.003382177 469 94 500 184
dog-wheaten_terrier 0.0033649057 0 28 31 120
