cat-Ragdoll 0.92498136 108 3 234 146
cat-Persian 0.45994493 109 0 235 145
cat-Maine_Coon 0.34560862 109 0 235 145
cat-Birman 0.24037278 108 0 234 147
dog-keeshond 0.17143591 109 0 235 145
dog-pomeranian 0.116337545 108 0 234 147
dog-japanese_chin 0.09171733 108 0 234 147
cat-British_Shorthair 0.081689306 108 0 236 150
dog-samoyed 0.05016971 108 0 234 147
dog-great_pyrenees 0.038227823 108 0 234 147
cat-Abyssinian 0.02959987 108 0 234 147
dog-american_bulldog 0.025030863 108 0 234 147
dog-yorkshire_terrier 0.021489326 108 0 234 147
cat-Egyptian_Mau 0.019454187 108 0 234 147
cat-Russian_Blue 0.018779615 108 0 234 147
cat-Siamese 0.017299982 107 0 239 142
dog-basset_hound 0.013572725 108 0 234 147
dog-wheaten_terrier 0.012479065 108 0 234 147
dog-havanese 0.010395827 108 0 234 147
dog-american_pit_bull_terrier 0.010183165 347 52 500 255
cat-Egyptian_Mau 0.009912729 0 0 30 11
dog-saint_bernard 0.0086871805 108 0 234 147
cat-Maine_Coon 0.0075336597 0 254 88 309
dog-yorkshire_terrier 0.0072140554 326 0 500 70
dog-shiba_inu 0.0072011473 107 0 239 142
dog-yorkshire_terrier 0.007117906 324 0 500 180
dog-basset_hound 0.0070167836 0 47 63 170
bella 0.006463055 108 0 236 150
dog-havanese 0.00619449 72 8 500 216
dog-english_setter 0.0061908276 102 0 241 139
cat-Abyssinian 0.0061720302 486 139 500 164
dog-leonberger 0.0059531424 465 168 496 222
dog-boxer 0.0059246346 108 0 234 147
dog-havanese 0.005858383 130 0 500 159
cat-Ragdoll 0.005686193 0 254 88 309
cat-Abyssinian 0.0056519355 487 234 500 256
cat-Birman 0.005562677 350 0 499 34
dog-basset_hound 0.0055512358 12 15 312 309
dog-yorkshire_terrier 0.005234284 307 22 500 240
dog-basset_hound 0.0052230484 0 89 47 160
dog-yorkshire_terrier 0.005167459 276 2 495 64
cat-Egyptian_Mau 0.005150939 1 254 72 309
cat-Bombay 0.0047128727 184 0 286 18
dog-yorkshire_terrier 0.0046409606 290 0 500 87
cat-Bombay 0.004619426 108 0 234 147
dog-yorkshire_terrier 0.004578047 309 0 500 97
dog-beagle 0.004474894 108 0 234 147
cat-Abyssinian 0.0044526937 486 226 499 249
dog-havanese 0.004325548 339 19 500 225
cat-Bombay 0.004175513 181 0 335 22
dog-havanese 0.004147632 359 4 500 160
cat-Bombay 0.0040942887 264 0 423 22
dog-havanese 0.0040574525 366 58 476 111
cat-Persian 0.0040228735 18 12 232 171
cat-Persian 0.004011821 0 0 252 165
cat-Maine_Coon 0.0039601987 174 0 235 11
cat-Abyssinian 0.0038967582 486 131 500 157
dog-wheaten_terrier 0.0037470525 451 166 500 252
dog-basset_hound 0.0036869172 85 152 131 201
cat-Birman 0.0036868139 221 0 408 34
dog-leonberger 0.0036853992 108 0 234 147
cat-Persian 0.0036565894 460 0 499 62
dog-shiba_inu 0.0036384854 350 25 393 44
dog-yorkshire_terrier 0.0035840045 451 166 500 252
dog-newfoundland 0.0035552632 0 189 32 245
dog-great_pyrenees 0.0035192135 130 0 500 159
dog-basset_hound 0.0035187488 2 79 34 143
dog-chihuahua 0.0034802 451 166 500 252
cat-Bombay 0.0034521648 417 2 494 26
dog-german_shorthaired 0.0034385337 0 189 32 245
dog-yorkshire_terrier 0.0033811564 364 27 500 209
cat-Maine_Coon 0.0033483126 0 253 55 308
cat-Abyssinian 0.0033312691 486 147 500 171
dog-havanese 0.003319486 349 63 443 116
dog-basset_hound 0.0032589952 77 154 119 201
dog-yorkshire_terrier 0.0032436734 130 0 500 159
dog-pomeranian 0.0032434235 468 178 500 238
dog-havanese 0.0031982681 326 0 500 70
dog-pug 0.0031763723 108 0 236 150
dog-yorkshire_terrier 0.003157518 206 0 500 77
dog-yorkshire_terrier 0.00315405 218 0 500 118
dog-basset_hound 0.003111155 0 103 37 157
cat-Egyptian_Mau 0.0030847667 0 258 46 304
dog-yorkshire_terrier 0.0030679787 236 0 487 44
dog-basset_hound 0.0030611865 0 211 26 257
dog-leonberger 0.0030533036 426 37 498 119
dog-basset_hound 0.00304957 0 84 57 187
dog-yorkshire_terrier 0.0030142013 372 0 500 93
cat-Bengal 0.003014088 108 0 234 147
dog-great_pyrenees 0.0029954438 89 0 500 155
cat-Bombay 0.0029842544 279 0 385 18
cat-Ragdoll 0.0029297043 122 4 349 116
dog-english_cocker_spaniel 0.00289653 2 79 34 143
dog-yorkshire_terrier 0.0028865817 72 8 500 216
dog-leonberger 0.0028835668 449 40 500 121
dog-english_cocker_spaniel 0.002827114 0 189 32 245
dog-german_shorthaired 0.0028154522 102 0 241 139
cat-Egyptian_Mau 0.0028080053 417 0 492 19
dog-american_pit_bull_terrier 0.0028042067 0 13 102 126
dog-german_shorthaired 0.0027668863 0 222 39 254
