cat-Birman 0.8509949 27 73 248 324
cat-Siamese 0.80265 25 74 250 325
dog-pug 0.32060787 28 72 249 325
cat-Bombay 0.14006981 24 62 260 331
cat-British_Shorthair 0.098614186 25 74 247 325
cat-Russian_Blue 0.09500042 28 74 249 325
cat-Abyssinian 0.035744358 0 29 247 318
dog-boxer 0.023668515 28 74 249 325
dog-yorkshire_terrier 0.018747177 238 3 334 63
cat-Sphynx 0.012610994 0 77 247 354
cat-Siamese 0.011571842 52 7 334 327
cat-Ragdoll 0.011404788 28 71 248 324
cat-Persian 0.01021025 22 61 259 326
dog-yorkshire_terrier 0.010103183 22 61 259 326
dog-leonberger 0.0099471295 306 135 334 205
dog-chihuahua 0.0097947335 0 29 247 318
dog-yorkshire_terrier 0.009662786 271 0 334 54
dog-pomeranian 0.009078604 0 29 247 318
cat-Egyptian_Mau 0.008948287 257 173 278 188
dog-japanese_chin 0.008202161 30 46 258 330
dog-leonberger 0.007963717 303 155 333 232
dog-leonberger 0.007883555 307 173 333 258
cat-Abyssinian 0.0077359155 1 96 26 184
dog-keeshond 0.0076958765 26 73 250 325
cat-Egyptian_Mau 0.0071199825 258 178 277 192
dog-leonberger 0.0069503547 295 123 334 205
cat-Birman 0.006866083 225 0 329 52
cat-Bengal 0.0066592065 0 29 247 318
dog-basset_hound 0.006395486 0 77 247 354
dog-leonberger 0.0061657242 0 29 247 318
bella 0.006019689 0 41 24 116
cat-Russian_Blue 0.0059477864 1 407 53 500
dog-yorkshire_terrier 0.0059182043 33 77 125 300
cat-Birman 0.00578588 52 7 334 327
dog-leonberger 0.0057808408 310 163 334 234
dog-wheaten_terrier 0.0057324776 31 93 70 125
cat-Bombay 0.0056592105 33 77 125 300
cat-Ragdoll 0.0054746824 1 407 53 500
dog-american_bulldog 0.005398539 30 46 258 330
dog-basset_hound 0.005377784 259 172 286 187
cat-Bombay 0.005355284 113 0 206 38
dog-wheaten_terrier 0.00529529 29 75 70 111
dog-samoyed 0.005094266 0 207 20 320
dog-pug 0.0049671945 52 7 334 327
cat-Egyptian_Mau 0.0049424106 259 172 286 187
dog-boxer 0.004909788 52 7 334 327
cat-Bombay 0.004899418 195 0 301 38
dog-shiba_inu 0.004865766 0 29 247 318
cat-Bombay 0.0047598374 225 0 329 52
cat-Egyptian_Mau 0.0046687755 0 157 21 263
dog-newfoundland 0.0045810337 0 29 247 318
dog-basset_hound 0.0045495485 257 173 278 188
dog-staffordshire_bull_terrier 0.004481378 30 46 258 330
dog-leonberger 0.004465674 288 138 334 250
cat-Egyptian_Mau 0.004142473 258 184 275 197
dog-miniature_pinscher 0.0041021593 35 74 88 114
cat-Persian 0.004059679 242 0 334 54
dog-chihuahua 0.00398203 325 217 334 251
cat-Birman 0.003971166 96 213 242 320
dog-leonberger 0.0039642993 307 108 334 189
cat-Birman 0.0039052332 32 86 126 309
dog-wheaten_terrier 0.0038830745 0 207 20 320
dog-yorkshire_terrier 0.003845495 288 0 334 68
dog-yorkshire_terrier 0.0038406919 225 0 329 52
cat-Egyptian_Mau 0.003839074 260 176 284 192
dog-yorkshire_terrier 0.003830804 249 0 334 82
bella 0.0038246475 296 310 334 470
cat-Birman 0.0037846575 1 407 53 500
cat-Birman 0.0037559525 86 0 334 285
cat-Bombay 0.003751188 143 0 237 37
dog-scottish_terrier 0.0037408809 0 77 247 354
dog-miniature_pinscher 0.0037199531 0 53 9 99
cat-Bombay 0.0036286302 103 0 171 29
bella 0.0035997154 0 29 247 318
dog-leonberger 0.0035956756 274 118 334 208
dog-newfoundland 0.0035494992 303 17 334 146
cat-Egyptian_Mau 0.0035193479 0 29 247 318
dog-yorkshire_terrier 0.0035045124 284 4 334 113
cat-Siamese 0.0034775843 206 0 316 52
dog-keeshond 0.0034546182 242 0 334 54
dog-staffordshire_bull_terrier 0.0034372008 52 7 334 327
cat-Bombay 0.0034257062 47 74 334 381
cat-Egyptian_Mau 0.0033848719 0 207 20 320
dog-leonberger 0.003382915 284 152 334 209
cat-British_Shorthair 0.003370405 47 74 334 381
cat-Abyssinian 0.003360142 2 107 27 228
dog-leonberger 0.0033285918 284 104 334 223
dog-miniature_pinscher 0.003327744 0 29 247 318
dog-havanese 0.0033121281 281 126 334 257
dog-leonberger 0.0033000577 309 198 332 298
bella 0.003269217 1 197 19 326
cat-Maine_Coon 0.0032246478 238 3 334 63
dog-havanese 0.0032033254 0 77 247 354
cat-Siamese 0.0031963594 0 409 48 498
cat-Egyptian_Mau 0.0031375801 261 183 281 196
cat-Siamese 0.0031336723 0 49 271 381
cat-Bombay 0.0031221344 37 0 106 29
cat-Egyptian_Mau 0.003102673 0 135 22 238
dog-yorkshire_terrier 0.0030916575 246 0 334 165
cat-Maine_Coon 0.0030787077 26 73 250 325
