cat-British_Shorthair 0.942485 84 91 246 258
cat-Russian_Blue 0.32890227 84 91 246 258
cat-Bombay 0.189667 84 91 246 258
dog-newfoundland 0.038343154 84 91 246 258
cat-Siamese 0.026972473 87 90 245 258
cat-Birman 0.020835295 84 91 246 258
dog-yorkshire_terrier 0.017894335 296 1 500 70
dog-pug 0.015464773 75 80 479 266
dog-yorkshire_terrier 0.014867952 329 0 500 75
dog-yorkshire_terrier 0.013780718 320 0 500 99
dog-yorkshire_terrier 0.013538044 375 6 500 157
dog-yorkshire_terrier 0.013174988 228 0 500 78
dog-yorkshire_terrier 0.0128118275 330 2 500 53
dog-keeshond 0.011816244 87 89 247 258
cat-Egyptian_Mau 0.011323028 87 90 245 258
cat-British_Shorthair 0.011098029 78 175 236 256
cat-British_Shorthair 0.010954926 1 72 294 264
cat-Ragdoll 0.010048422 2 261 77 332
cat-Persian 0.00997018 87 89 247 258
dog-boxer 0.009774761 87 90 245 258
dog-staffordshire_bull_terrier 0.009605065 87 90 245 258
dog-american_pit_bull_terrier 0.008819508 374 71 500 286
dog-american_bulldog 0.008173552 292 128 345 150
cat-Ragdoll 0.00802533 87 90 245 258
cat-Bengal 0.0074873 1 72 294 264
cat-Maine_Coon 0.007357891 87 90 245 258
dog-german_shorthaired 0.0073318896 84 91 246 258
cat-Bombay 0.007080199 92 92 137 149
cat-Bombay 0.00680426 424 1 500 32
cat-Abyssinian 0.006800285 87 90 245 258
dog-american_bulldog 0.00663937 303 128 358 149
cat-Abyssinian 0.006560326 92 92 137 149
dog-basset_hound 0.006400142 87 90 245 258
dog-american_bulldog 0.006160786 279 128 330 150
cat-British_Shorthair 0.0060629016 75 80 479 266
dog-chihuahua 0.006051588 5 1 163 77
dog-yorkshire_terrier 0.0057932194 75 80 479 266
cat-Sphynx 0.005780619 92 95 233 179
cat-Russian_Blue 0.0057463683 92 95 233 179
cat-Maine_Coon 0.005697662 95 91 165 128
dog-boxer 0.0056775883 279 128 330 150
cat-Bengal 0.0056416146 87 90 245 258
dog-pug 0.0053580357 84 91 246 258
dog-boxer 0.0053167143 292 128 345 150
dog-scottish_terrier 0.0052566193 87 90 245 258
cat-Egyptian_Mau 0.005107401 91 94 142 158
cat-Egyptian_Mau 0.0050984295 92 95 233 179
cat-Bombay 0.005042703 115 0 276 25
dog-american_bulldog 0.00501574 289 122 345 142
dog-leonberger 0.0049710516 0 212 32 268
dog-pomeranian 0.0048661567 13 0 338 116
cat-Bombay 0.0047519743 91 91 155 165
cat-Egyptian_Mau 0.004635184 0 0 280 276
dog-shiba_inu 0.0045753536 92 95 233 179
dog-saint_bernard 0.0045406534 303 128 358 149
dog-leonberger 0.0045154905 1 210 37 249
dog-american_pit_bull_terrier 0.0043909852 366 16 500 220
cat-British_Shorthair 0.004357536 0 0 280 276
cat-Egyptian_Mau 0.004352611 0 63 257 332
cat-Russian_Blue 0.0043522664 1 72 294 264
cat-Ragdoll 0.004266417 93 91 162 163
cat-Ragdoll 0.004247363 92 92 137 149
dog-american_bulldog 0.00423995 275 122 329 143
dog-english_cocker_spaniel 0.0041078166 87 89 247 258
dog-havanese 0.0040226253 75 80 479 266
cat-Ragdoll 0.0040040226 0 0 280 276
cat-Bengal 0.0039591007 91 91 155 165
dog-american_pit_bull_terrier 0.003958258 75 80 479 266
bella 0.003955422 486 244 500 267
cat-Bengal 0.0038899512 95 91 165 128
dog-basset_hound 0.0038827686 0 63 257 332
dog-english_cocker_spaniel 0.0038811106 462 67 500 160
cat-Siamese 0.003859246 75 80 479 266
cat-Egyptian_Mau 0.003856675 95 91 165 128
dog-american_bulldog 0.003847965 0 0 280 276
dog-saint_bernard 0.003752851 292 128 345 150
dog-wheaten_terrier 0.0037347265 0 0 280 276
cat-Bombay 0.003664692 75 80 479 266
cat-British_Shorthair 0.0036607976 0 22 258 251
dog-yorkshire_terrier 0.00364009 366 16 500 220
cat-Maine_Coon 0.0036184965 261 230 296 249
cat-Abyssinian 0.0034889688 91 91 155 165
dog-american_bulldog 0.0034279062 0 63 257 332
dog-leonberger 0.0033924372 0 63 257 332
cat-Egyptian_Mau 0.0033720965 1 72 294 264
dog-havanese 0.0033603017 304 71 401 124
cat-Bombay 0.0033460539 187 0 352 24
dog-yorkshire_terrier 0.003340058 400 0 500 39
dog-yorkshire_terrier 0.0033365043 181 0 500 114
cat-British_Shorthair 0.003323189 92 92 137 149
cat-Bombay 0.0033138397 1 72 294 264
dog-chihuahua 0.0032478233 1 0 145 39
dog-pug 0.0032407672 292 128 345 150
dog-shiba_inu 0.0032018793 87 90 245 258
cat-Bengal 0.003196203 393 0 493 20
cat-Persian 0.003186639 0 0 233 240
cat-British_Shorthair 0.0031127897 0 63 257 332
dog-leonberger 0.003075273 0 222 31 289
dog-american_bulldog 0.0030730215 300 121 358 141
dog-boxer 0.0030680045 261 127 314 151
