cat-Russian_Blue 0.9881783 206 60 300 164
cat-British_Shorthair 0.09784789 205 60 300 164
cat-Bombay 0.07891837 205 60 300 164
cat-Egyptian_Mau 0.048444808 205 60 300 164
dog-staffordshire_bull_terrier 0.03758059 204 61 300 163
dog-german_shorthaired 0.034214456 205 60 300 164
cat-Bengal 0.034097273 206 60 300 163
cat-Abyssinian 0.017032636 205 59 300 164
dog-basset_hound 0.015886832 205 61 300 164
dog-boxer 0.013767153 204 61 300 163
dog-keeshond 0.013675064 205 60 300 164
dog-american_pit_bull_terrier 0.013315883 175 16 500 220
cat-Sphynx 0.012950293 205 60 300 164
cat-Siamese 0.01143051 204 61 300 163
dog-shiba_inu 0.010689874 204 62 296 126
cat-Abyssinian 0.009858664 473 1 500 43
cat-Sphynx 0.009528972 210 65 291 109
cat-Bombay 0.008447136 433 1 497 29
cat-British_Shorthair 0.007595137 125 61 302 168
cat-Russian_Blue 0.0075617456 204 62 296 126
dog-keeshond 0.0075599994 204 62 296 126
cat-Bombay 0.0074822274 398 0 473 17
dog-pug 0.007461198 175 16 500 220
bella 0.007311726 4 196 76 327
cat-Siamese 0.007038512 204 62 296 126
dog-scottish_terrier 0.006755431 205 60 301 164
dog-american_pit_bull_terrier 0.006681363 0 152 80 322
bella 0.006482592 216 165 296 207
dog-shiba_inu 0.0064687068 355 202 425 222
dog-miniature_pinscher 0.006214415 0 10 316 210
dog-beagle 0.0059201177 204 62 296 126
cat-Sphynx 0.0058458885 238 63 297 122
cat-Egyptian_Mau 0.0057707857 209 65 289 108
dog-shiba_inu 0.0057422617 206 58 301 162
dog-boxer 0.005673213 346 0 418 17
cat-British_Shorthair 0.0054398626 0 10 316 210
cat-Bombay 0.005422564 428 0 493 21
cat-Russian_Blue 0.0053061037 207 61 368 170
cat-Siamese 0.0050633075 385 0 460 17
dog-boxer 0.0048706955 263 61 326 88
cat-Russian_Blue 0.0048546977 125 61 302 168
dog-chihuahua 0.0048440117 485 216 500 246
dog-beagle 0.0047734124 201 0 229 8
dog-shiba_inu 0.00477026 0 15 287 157
dog-miniature_pinscher 0.004700491 175 16 500 220
cat-Egyptian_Mau 0.0046857167 328 210 381 229
dog-samoyed 0.0046764635 204 62 296 126
cat-Ragdoll 0.0046602516 0 15 287 157
dog-boxer 0.0046585537 319 0 390 16
dog-leonberger 0.0046393103 184 62 500 333
cat-Siamese 0.004606488 360 0 433 17
dog-shiba_inu 0.004554159 0 2 198 74
cat-Birman 0.004405305 0 27 281 142
dog-scottish_terrier 0.0043850443 204 62 296 126
dog-american_pit_bull_terrier 0.004379666 211 0 500 192
cat-Bengal 0.0043593203 204 62 296 126
dog-staffordshire_bull_terrier 0.0042282273 204 62 296 126
dog-boxer 0.0041694343 279 62 341 89
bella 0.0041494365 0 0 32 19
dog-beagle 0.0041125203 206 58 301 162
cat-Birman 0.0040999935 206 58 301 162
cat-Bombay 0.004044899 374 0 447 17
cat-Bombay 0.0040399227 424 0 454 7
dog-boxer 0.00394512 333 2 405 21
cat-Russian_Blue 0.00394444 360 0 433 17
cat-Siamese 0.003932836 399 0 482 22
dog-samoyed 0.0038693284 469 109 500 179
cat-Abyssinian 0.003807132 204 62 296 126
cat-British_Shorthair 0.0037872812 0 0 300 157
cat-Bombay 0.0037562526 468 0 500 60
cat-Siamese 0.0037314224 333 0 404 16
dog-samoyed 0.0037126339 0 3 244 160
dog-chihuahua 0.003663999 486 225 500 255
cat-Bombay 0.0036635762 432 0 463 8
cat-Bengal 0.0036608237 0 10 316 210
bella 0.003656372 206 58 301 162
dog-boxer 0.0036027043 204 62 296 126
cat-Egyptian_Mau 0.0035767744 322 202 385 220
cat-Bombay 0.0035624905 220 0 299 17
cat-Abyssinian 0.003555505 428 0 493 21
dog-beagle 0.0035219605 355 202 425 222
dog-staffordshire_bull_terrier 0.003452657 175 16 500 220
dog-basset_hound 0.0034469704 204 62 296 126
dog-american_bulldog 0.0034278492 359 209 425 228
cat-Birman 0.0034140456 209 0 285 17
dog-leonberger 0.0034091705 204 62 296 126
cat-Bombay 0.003406128 0 0 300 157
dog-american_bulldog 0.003393066 204 62 296 126
cat-Siamese 0.0033791857 209 0 285 17
dog-shiba_inu 0.0033589464 0 0 241 129
cat-Bombay 0.0033524018 0 10 316 210
dog-german_shorthaired 0.0033301297 0 10 316 210
dog-shiba_inu 0.0033129924 238 63 297 122
dog-miniature_pinscher 0.003300558 0 0 300 157
cat-Bombay 0.0032726948 412 0 442 7
dog-basset_hound 0.0032605755 0 63 307 333
cat-Russian_Blue 0.0032600006 333 0 404 16
dog-american_pit_bull_terrier 0.0032202657 204 62 296 126
dog-american_pit_bull_terrier 0.0032055075 0 142 74 283
cat-Birman 0.0032055064 125 61 302 168
