cat-Russian_Blue 0.98247194 174 36 335 243
dog-staffordshire_bull_terrier 0.3446631 174 36 335 243
cat-Egyptian_Mau 0.20031731 174 36 335 243
cat-Siamese 0.09609934 173 35 334 245
dog-keeshond 0.0907633 174 36 335 243
dog-shiba_inu 0.0672386 174 36 335 243
cat-Sphynx 0.05858532 174 36 335 243
cat-British_Shorthair 0.046571575 174 36 335 243
dog-basset_hound 0.03885826 174 36 335 243
dog-scottish_terrier 0.027004993 174 36 335 243
dog-havanese 0.025090452 4 67 60 180
dog-wheaten_terrier 0.02355154 1 66 48 169
dog-german_shorthaired 0.021055074 174 36 335 243
dog-boxer 0.020255268 174 36 335 243
cat-Bengal 0.020107018 174 36 335 243
dog-leonberger 0.015775202 1 66 47 160
cat-British_Shorthair 0.015511496 0 7 345 223
dog-newfoundland 0.012751334 1 66 47 160
dog-english_setter 0.01187067 1 66 48 169
cat-Ragdoll 0.011063069 174 36 335 243
dog-great_pyrenees 0.010647506 1 66 47 160
dog-wheaten_terrier 0.010641507 0 68 35 145
dog-wheaten_terrier 0.00982864 0 87 33 167
cat-Abyssinian 0.009538951 175 35 334 242
dog-japanese_chin 0.009284311 1 66 47 160
dog-great_pyrenees 0.009022325 4 68 59 193
dog-wheaten_terrier 0.008876203 1 65 63 202
dog-american_pit_bull_terrier 0.008051614 0 83 62 226
cat-Maine_Coon 0.0079243565 173 35 334 245
cat-Birman 0.0076809353 361 0 500 39
dog-american_bulldog 0.0074165864 2 65 42 160
cat-Persian 0.0071214396 1 66 47 160
cat-Bengal 0.00693898 0 7 345 223
dog-english_cocker_spaniel 0.0068300683 0 87 33 167
cat-Bombay 0.006797751 174 36 335 243
dog-english_cocker_spaniel 0.006792064 2 69 41 175
bella 0.006669696 464 104 499 176
dog-great_pyrenees 0.006531735 2 59 68 81
dog-newfoundland 0.0063064503 0 68 35 145
cat-Sphynx 0.0062475 180 45 322 129
cat-Birman 0.0061796485 268 0 351 18
dog-yorkshire_terrier 0.00616656 0 68 35 145
dog-leonberger 0.0058977935 0 68 35 145
cat-Siamese 0.005869488 268 0 351 18
dog-yorkshire_terrier 0.005751574 355 1 500 46
cat-Egyptian_Mau 0.005622771 123 0 371 251
dog-american_pit_bull_terrier 0.005573795 2 66 41 169
cat-Birman 0.0055633183 174 36 335 243
cat-British_Shorthair 0.005367576 1 66 47 160
cat-Bombay 0.0053139287 361 0 500 39
cat-Bombay 0.0053038993 321 0 407 20
dog-english_setter 0.0051931213 0 83 62 226
dog-miniature_pinscher 0.0051848115 174 36 335 243
bella 0.005158884 466 171 498 256
dog-scottish_terrier 0.005104795 0 68 35 145
dog-keeshond 0.005100704 2 65 42 160
bella 0.005084121 0 149 69 278
dog-boxer 0.0050809137 176 9 500 235
dog-staffordshire_bull_terrier 0.0050766687 179 45 500 276
cat-Egyptian_Mau 0.0050649936 0 68 35 145
cat-Bombay 0.005045737 230 0 264 8
cat-British_Shorthair 0.0047734915 179 45 500 276
dog-english_cocker_spaniel 0.004708987 0 68 35 145
dog-havanese 0.0046399715 2 65 42 160
dog-shiba_inu 0.0046191607 180 45 322 129
dog-american_pit_bull_terrier 0.0046163723 179 45 500 276
cat-Ragdoll 0.0046070567 268 0 351 18
dog-leonberger 0.0045187906 417 35 500 117
dog-beagle 0.0044956985 175 36 339 245
dog-basset_hound 0.0044621713 466 169 500 260
dog-newfoundland 0.0044216327 0 73 60 209
dog-american_pit_bull_terrier 0.0043955967 0 68 35 145
cat-Siamese 0.0043951403 317 0 480 36
bella 0.004335164 1 104 36 188
dog-american_pit_bull_terrier 0.004269181 0 87 33 167
cat-Abyssinian 0.0041806474 268 0 351 18
cat-Ragdoll 0.0040451465 176 9 500 235
dog-scottish_terrier 0.004025509 0 87 33 167
cat-Birman 0.0039270814 246 0 322 16
dog-scottish_terrier 0.0038780796 2 69 41 175
dog-newfoundland 0.0038358313 0 87 33 167
dog-basset_hound 0.0037995528 466 226 500 299
dog-yorkshire_terrier 0.0037940373 402 0 500 38
dog-english_setter 0.0036617732 0 68 35 145
bella 0.0036467337 2 69 41 175
cat-Bengal 0.003602158 0 78 34 162
cat-British_Shorthair 0.0035626953 217 1 250 8
dog-shiba_inu 0.0035540403 176 9 500 235
dog-beagle 0.0035163956 297 36 329 77
cat-Egyptian_Mau 0.0034670113 0 7 345 223
cat-Sphynx 0.003449823 0 7 345 223
dog-english_cocker_spaniel 0.0034477566 0 119 31 196
cat-Russian_Blue 0.0034447303 0 7 345 223
dog-staffordshire_bull_terrier 0.0034206274 0 68 35 145
cat-Siamese 0.0034193955 169 42 328 157
cat-Bombay 0.0034169008 217 1 250 8
cat-Maine_Coon 0.0034103845 176 9 500 235
cat-Bombay 0.003393608 0 68 35 145
cat-Siamese 0.0033929646 176 9 500 235
cat-British_Shorthair 0.003391006 0 0 320 174
