cat-Russian_Blue 0.85392106 246 66 437 266
cat-Bombay 0.58358234 245 66 439 266
cat-British_Shorthair 0.17151903 245 66 439 266
cat-Bengal 0.06653286 245 66 439 266
dog-german_shorthaired 0.06394445 245 66 439 266
dog-scottish_terrier 0.055153027 245 66 439 266
dog-american_pit_bull_terrier 0.039318778 0 39 181 202
dog-staffordshire_bull_terrier 0.018348662 245 66 439 266
dog-newfoundland 0.0118137505 245 67 439 267
cat-British_Shorthair 0.010563778 0 61 429 265
dog-keeshond 0.009853815 248 68 438 266
cat-Sphynx 0.009033728 245 66 439 266
dog-miniature_pinscher 0.008929452 341 0 500 52
cat-Abyssinian 0.0085878605 251 70 304 155
dog-leonberger 0.008456467 463 61 499 148
cat-Egyptian_Mau 0.008407231 240 57 446 266
cat-Bengal 0.008391957 243 72 430 194
dog-shiba_inu 0.008068954 243 72 430 194
dog-miniature_pinscher 0.0077919783 245 66 439 266
cat-Bombay 0.007513724 152 0 306 27
cat-Russian_Blue 0.007483332 205 78 481 333
cat-Bengal 0.0074689286 249 70 291 146
cat-Abyssinian 0.007316428 245 66 439 266
dog-english_cocker_spaniel 0.0070880502 245 67 439 267
cat-Bengal 0.006584302 0 8 421 230
dog-boxer 0.0065489835 245 66 439 266
dog-staffordshire_bull_terrier 0.006539965 205 78 481 333
dog-staffordshire_bull_terrier 0.006419407 268 104 500 333
dog-yorkshire_terrier 0.006216292 282 0 500 60
dog-american_pit_bull_terrier 0.0060963742 0 59 160 254
cat-Bombay 0.00583724 41 0 186 34
cat-Bombay 0.0058050966 249 70 291 146
cat-Russian_Blue 0.005693911 268 104 500 333
dog-basset_hound 0.0056742085 205 78 481 333
dog-leonberger 0.0051523075 0 189 110 239
dog-german_shorthaired 0.005138526 347 74 438 169
cat-Bombay 0.005021357 339 91 436 201
dog-english_setter 0.0049685165 0 39 181 202
cat-Egyptian_Mau 0.004919092 213 0 471 269
dog-miniature_pinscher 0.004902378 249 70 291 146
cat-Bombay 0.004859289 296 0 394 19
dog-scottish_terrier 0.004843207 243 72 430 194
dog-american_pit_bull_terrier 0.0048170118 341 0 500 52
cat-Bombay 0.0047821933 77 0 246 35
dog-chihuahua 0.004754577 430 15 500 89
dog-leonberger 0.0047082873 0 197 82 231
cat-Bombay 0.0046326616 125 0 300 35
dog-chihuahua 0.0045267986 251 70 304 155
cat-Abyssinian 0.004497355 252 72 291 139
dog-staffordshire_bull_terrier 0.004407949 14 0 155 44
dog-keeshond 0.0042803665 243 72 430 194
dog-newfoundland 0.0041704522 0 0 184 172
dog-american_pit_bull_terrier 0.004140451 0 9 146 175
dog-staffordshire_bull_terrier 0.004132341 0 27 185 188
cat-Bombay 0.004115425 105 0 265 26
dog-english_cocker_spaniel 0.004003473 0 37 467 295
dog-basset_hound 0.003949888 245 67 439 267
dog-leonberger 0.0038883085 0 234 33 298
dog-american_pit_bull_terrier 0.0038830468 439 37 500 117
cat-British_Shorthair 0.0037630768 0 37 467 295
dog-chihuahua 0.0037211056 252 72 291 139
cat-Siamese 0.0037210688 205 78 481 333
cat-Russian_Blue 0.0036889955 243 72 430 194
dog-japanese_chin 0.0036367297 3 235 32 286
dog-leonberger 0.0036304665 468 82 500 155
cat-Egyptian_Mau 0.003617785 473 161 500 218
cat-Sphynx 0.0035799812 343 83 436 185
cat-Maine_Coon 0.0035682668 213 0 471 269
dog-samoyed 0.0035460333 4 260 70 333
dog-miniature_pinscher 0.0035107692 0 16 189 181
cat-British_Shorthair 0.0034822293 26 0 165 34
cat-Russian_Blue 0.0034687682 259 78 500 313
dog-leonberger 0.0034614492 0 219 33 275
dog-miniature_pinscher 0.003436761 243 72 430 194
dog-basset_hound 0.0034280089 213 0 471 269
dog-american_pit_bull_terrier 0.0034238298 0 0 228 185
dog-keeshond 0.0033858274 261 0 500 248
cat-Abyssinian 0.00336889 243 72 430 194
dog-yorkshire_terrier 0.0033460509 245 67 439 267
dog-leonberger 0.0033423668 0 52 204 240
dog-yorkshire_terrier 0.00333594 354 0 500 41
dog-wheaten_terrier 0.0032926227 245 66 439 266
dog-miniature_pinscher 0.0032918795 409 0 446 9
cat-Siamese 0.0032837286 245 66 439 266
dog-english_cocker_spaniel 0.0032634437 85 223 127 244
dog-miniature_pinscher 0.003249432 472 111 500 173
dog-chihuahua 0.0032486492 439 37 500 117
dog-american_pit_bull_terrier 0.0032170485 469 119 500 188
cat-Birman 0.0032060668 26 0 165 34
cat-Bengal 0.0031854862 0 37 467 295
dog-basset_hound 0.0031727734 0 37 467 295
cat-Bengal 0.0031595042 0 0 364 177
cat-Bengal 0.003154017 306 0 406 19
dog-leonberger 0.0031410004 1 211 39 255
dog-great_pyrenees 0.003115968 261 0 500 248
dog-leonberger 0.0030962997 1 182 56 231
dog-basset_hound 0.0030915048 190 60 223 70
cat-Ragdoll 0.003081065 347 74 438 169
cat-Bombay 0.0030778416 10 0 144 34
cat-British_Shorthair 0.0030730083 0 8 421 230
