cat-Russian_Blue 0.9642478 45 22 184 172
cat-Bombay 0.2998331 46 23 184 171
cat-Sphynx 0.17394562 45 22 184 172
cat-Siamese 0.09681913 47 22 183 172
cat-Abyssinian 0.095082305 43 22 185 170
dog-boxer 0.07600354 46 23 184 171
cat-British_Shorthair 0.07003667 46 23 184 171
dog-german_shorthaired 0.06857412 46 23 184 171
cat-Bengal 0.059627105 46 23 184 171
dog-staffordshire_bull_terrier 0.05621213 47 20 184 166
cat-Egyptian_Mau 0.052511662 45 22 184 172
cat-Birman 0.026271274 47 22 183 172
cat-Russian_Blue 0.025201606 90 21 181 159
dog-shiba_inu 0.023824591 47 20 184 166
dog-keeshond 0.023154944 47 20 184 166
cat-Maine_Coon 0.018836813 46 19 185 168
cat-British_Shorthair 0.017078409 0 0 200 193
dog-basset_hound 0.015921753 45 22 184 172
dog-scottish_terrier 0.013783127 46 19 185 168
dog-yorkshire_terrier 0.011990143 211 0 325 110
cat-Russian_Blue 0.011854316 0 0 200 193
dog-yorkshire_terrier 0.011439107 193 13 325 127
dog-basset_hound 0.009879931 299 203 324 343
cat-Bengal 0.009729849 0 0 200 193
bella 0.009439824 303 123 323 236
cat-Bombay 0.009057027 0 0 200 193
dog-basset_hound 0.008898148 24 22 226 500
dog-miniature_pinscher 0.008686113 48 18 183 168
dog-pug 0.008571271 47 22 183 172
dog-yorkshire_terrier 0.00850352 199 2 325 147
cat-Egyptian_Mau 0.008275875 0 0 200 193
cat-Bombay 0.007931361 193 0 249 29
dog-leonberger 0.007388945 47 22 183 172
dog-german_shorthaired 0.006136304 0 0 200 193
cat-Russian_Blue 0.0061053904 0 0 225 180
dog-boxer 0.0060524573 79 133 272 485
cat-Bombay 0.0057623684 192 0 269 35
dog-english_cocker_spaniel 0.005641531 220 287 258 323
dog-miniature_pinscher 0.005569795 0 0 200 193
dog-chihuahua 0.0054488378 47 20 184 166
cat-Russian_Blue 0.005031516 0 391 46 500
dog-american_pit_bull_terrier 0.004993051 47 20 184 166
dog-beagle 0.0048763086 47 20 184 166
dog-boxer 0.0048098643 0 0 200 193
bella 0.0048003877 306 109 325 207
dog-basset_hound 0.0047976165 80 374 187 470
cat-Abyssinian 0.0047421693 0 0 200 193
dog-german_shorthaired 0.004741821 53 20 273 500
bella 0.0043150913 47 20 184 166
dog-staffordshire_bull_terrier 0.0042895256 36 22 318 312
cat-Russian_Blue 0.004238694 0 11 225 259
dog-basset_hound 0.0041751205 0 61 260 500
bella 0.0039415783 302 80 324 207
cat-Bombay 0.0039088335 199 1 222 13
cat-Egyptian_Mau 0.0038800382 90 21 181 159
dog-english_cocker_spaniel 0.003776542 214 285 245 318
dog-scottish_terrier 0.0037480246 0 70 35 156
dog-yorkshire_terrier 0.003702246 237 15 325 249
cat-Bengal 0.0036913094 0 11 225 259
cat-Bombay 0.0036799475 0 0 225 180
dog-staffordshire_bull_terrier 0.0036644586 0 0 200 193
dog-yorkshire_terrier 0.003606134 239 0 325 142
dog-basset_hound 0.0035419466 0 177 226 500
dog-american_bulldog 0.0034992842 257 225 289 267
cat-British_Shorthair 0.0034674087 0 0 225 180
cat-Siamese 0.0034638087 183 0 300 60
cat-Bengal 0.0034607782 90 21 181 159
cat-Siamese 0.0034496523 164 1 182 22
dog-basset_hound 0.0034274189 84 110 325 500
cat-British_Shorthair 0.003398078 0 11 225 259
dog-leonberger 0.0033438476 60 61 214 458
dog-boxer 0.003340531 0 0 224 445
dog-leonberger 0.0032899992 154 169 178 220
cat-Siamese 0.0032510695 156 4 306 81
dog-boxer 0.0032234434 60 61 214 458
dog-newfoundland 0.0032225319 0 0 200 193
cat-Bengal 0.0032075807 0 0 137 124
cat-Siamese 0.0031429643 316 1 325 36
dog-german_shorthaired 0.003139063 34 2 218 386
cat-Siamese 0.003120385 159 1 179 20
dog-american_bulldog 0.0031187956 242 225 277 266
dog-leonberger 0.003117069 280 36 325 165
cat-Sphynx 0.0031029992 90 21 181 159
cat-Siamese 0.0030797923 172 1 189 21
dog-beagle 0.003077916 83 0 108 13
cat-Sphynx 0.0030725715 0 0 200 193
dog-american_pit_bull_terrier 0.0030707899 85 0 325 234
dog-miniature_pinscher 0.0030651533 0 11 225 259
cat-Bengal 0.0030574184 268 0 320 32
dog-great_pyrenees 0.003048542 195 169 231 215
dog-yorkshire_terrier 0.0030302457 47 20 184 166
dog-beagle 0.0030143962 89 0 113 14
dog-beagle 0.0029955464 94 0 122 15
dog-staffordshire_bull_terrier 0.002995085 51 0 321 216
cat-Persian 0.002971414 0 0 200 193
dog-english_cocker_spaniel 0.0029669872 219 299 263 339
dog-english_cocker_spaniel 0.0029662764 221 278 256 310
dog-beagle 0.0029456792 119 0 136 14
dog-english_cocker_spaniel 0.0029398017 205 313 238 351
dog-staffordshire_bull_terrier 0.0029370287 316 133 325 176
