dog-saint_bernard 0.9848225 152 149 271 257
dog-japanese_chin 0.106300116 151 140 269 260
dog-leonberger 0.06829843 152 150 271 256
dog-english_setter 0.06320819 152 150 271 256
dog-boxer 0.045972306 151 140 269 260
cat-Ragdoll 0.04030696 148 149 270 260
dog-beagle 0.030794488 152 150 271 256
cat-Abyssinian 0.028898835 152 149 271 257
dog-basset_hound 0.0230456 150 149 270 257
dog-saint_bernard 0.021316763 151 154 233 242
cat-British_Shorthair 0.019069523 153 142 269 258
dog-american_bulldog 0.017502988 151 140 269 260
cat-Bengal 0.01658372 1 177 22 239
cat-Persian 0.015805911 0 0 259 304
cat-Egyptian_Mau 0.014077254 2 182 23 267
cat-Bengal 0.011808846 0 379 144 498
dog-great_pyrenees 0.011602195 152 150 271 256
cat-Egyptian_Mau 0.010789813 0 186 21 289
bella 0.010749593 148 149 270 260
dog-leonberger 0.01003461 152 152 236 240
cat-Siamese 0.0093011195 148 149 270 260
cat-Bengal 0.00891397 0 28 301 500
cat-Egyptian_Mau 0.008529732 1 189 26 303
dog-basset_hound 0.008179507 0 28 301 500
cat-Egyptian_Mau 0.007945703 2 215 23 328
cat-Egyptian_Mau 0.007822781 154 148 278 266
cat-Egyptian_Mau 0.0078157475 324 101 333 139
cat-Persian 0.0071621514 0 0 291 411
cat-Persian 0.006755434 42 0 272 184
cat-Birman 0.0066958596 16 0 135 55
cat-Egyptian_Mau 0.0064929835 315 264 333 354
cat-Egyptian_Mau 0.0063601313 0 234 20 342
cat-Bombay 0.006357953 106 0 215 38
dog-english_cocker_spaniel 0.006260503 151 151 271 256
cat-Maine_Coon 0.005901222 0 385 154 500
cat-Abyssinian 0.005643321 324 107 333 146
cat-Bengal 0.0056143417 0 179 22 274
cat-Egyptian_Mau 0.005576191 0 262 19 371
cat-Birman 0.005575149 45 0 165 53
cat-Russian_Blue 0.0055684117 65 0 175 38
cat-Egyptian_Mau 0.0055271336 0 177 19 245
cat-Bombay 0.0051440555 73 0 184 39
dog-american_bulldog 0.0050527416 152 152 236 240
dog-great_pyrenees 0.0048639933 86 190 132 236
cat-Siamese 0.0048241625 0 0 97 60
cat-Persian 0.004798675 131 0 299 253
dog-japanese_chin 0.0047928486 132 0 298 286
cat-Bengal 0.0047848807 0 158 22 229
cat-Persian 0.0047654356 153 142 269 258
cat-Maine_Coon 0.004712859 315 264 333 354
cat-Egyptian_Mau 0.004476248 86 190 132 236
cat-Bengal 0.004461476 0 300 19 405
cat-Abyssinian 0.0044391947 315 109 333 201
dog-great_pyrenees 0.00439174 154 157 216 239
cat-Bombay 0.004352208 133 0 242 39
cat-Bombay 0.004309246 288 1 332 48
cat-Abyssinian 0.0042716525 324 122 333 159
dog-saint_bernard 0.0042505404 151 161 194 234
dog-wheaten_terrier 0.0041518114 0 0 305 396
cat-Egyptian_Mau 0.0041479864 0 215 17 311
dog-havanese 0.004142032 0 0 245 254
dog-english_setter 0.0038360318 154 161 216 243
dog-english_cocker_spaniel 0.0037640545 0 0 305 396
cat-Abyssinian 0.0037533003 316 137 333 220
dog-wheaten_terrier 0.0036910167 152 150 271 256
cat-Egyptian_Mau 0.0036831254 316 239 333 328
cat-Bengal 0.0035784862 0 262 19 371
cat-Birman 0.0035704635 0 0 97 60
dog-havanese 0.00350586 132 0 298 286
dog-basset_hound 0.0035000772 0 187 43 226
cat-Maine_Coon 0.003447098 303 399 333 500
cat-Abyssinian 0.003323039 315 264 333 354
dog-japanese_chin 0.0033230216 147 74 277 260
dog-havanese 0.0033139044 151 140 269 260
cat-Russian_Blue 0.0031976479 98 0 207 39
cat-Birman 0.003156268 151 140 269 260
cat-Bengal 0.0031342115 0 0 305 396
cat-Bengal 0.0031269467 315 95 333 188
dog-shiba_inu 0.0030751708 186 23 211 48
dog-great_pyrenees 0.0030704674 130 0 333 245
cat-Birman 0.0030644306 80 0 197 52
cat-Egyptian_Mau 0.0030582647 0 112 287 500
dog-havanese 0.0030563038 0 0 305 396
dog-english_setter 0.0030556559 151 161 194 234
dog-scottish_terrier 0.0030493916 0 307 17 400
dog-saint_bernard 0.0030449906 114 157 258 290
cat-Egyptian_Mau 0.0030411787 324 115 333 152
bella 0.0030372185 151 161 194 234
cat-Bombay 0.0030364431 211 0 327 59
cat-British_Shorthair 0.0030362802 0 0 305 396
cat-Bombay 0.0029770588 163 0 287 55
dog-american_bulldog 0.002961833 151 161 194 234
cat-Egyptian_Mau 0.0029401262 1 180 36 264
dog-wheaten_terrier 0.0029384117 80 329 125 358
cat-Bengal 0.0028760226 324 101 333 139
cat-Maine_Coon 0.0028605952 324 101 333 139
cat-Egyptian_Mau 0.0028571088 315 291 333 381
cat-Egyptian_Mau 0.0028482731 2 192 40 294
cat-Sphynx 0.0028453965 151 140 269 260
dog-japanese_chin 0.0028368318 152 152 236 240
