dog-saint_bernard 0.98595434 209 130 351 248
dog-leonberger 0.22031921 209 120 352 250
dog-basset_hound 0.18847257 208 130 351 248
dog-japanese_chin 0.112970166 209 120 352 250
dog-english_setter 0.08386483 209 120 352 250
cat-British_Shorthair 0.0676328 209 120 352 250
dog-boxer 0.055660404 210 122 351 247
cat-Abyssinian 0.048584543 209 120 352 250
cat-Ragdoll 0.034830663 209 120 352 250
dog-wheaten_terrier 0.026859308 209 120 352 250
dog-great_pyrenees 0.023212835 209 120 352 250
dog-newfoundland 0.022986721 209 120 352 250
dog-beagle 0.022660222 209 120 352 250
cat-Bengal 0.017482057 209 120 352 250
dog-american_bulldog 0.015121074 209 120 352 250
dog-havanese 0.014354918 209 120 352 250
cat-Maine_Coon 0.01241682 305 0 442 30
cat-Abyssinian 0.0104165245 472 194 500 250
dog-pug 0.010415311 209 120 352 250
cat-Egyptian_Mau 0.0103207575 467 182 497 247
cat-Egyptian_Mau 0.010001831 209 120 352 250
dog-english_cocker_spaniel 0.008621186 209 120 352 250
cat-Maine_Coon 0.008296352 348 0 467 33
cat-Birman 0.008276571 16 0 166 34
cat-Bombay 0.007940112 101 0 267 34
dog-boxer 0.00782445 186 243 249 267
cat-Siamese 0.007724153 3 0 135 34
dog-samoyed 0.0073304805 207 0 500 165
cat-Bengal 0.007229885 222 0 354 23
cat-Maine_Coon 0.0071742483 209 120 352 250
cat-Birman 0.007155386 343 0 478 32
bella 0.0071305786 209 120 352 250
cat-Bombay 0.006879668 54 0 220 34
dog-german_shorthaired 0.0067323125 210 122 351 247
cat-Siamese 0.0067017167 209 120 352 250
cat-Bombay 0.006606625 126 0 282 27
cat-Persian 0.0065631894 0 0 331 166
dog-yorkshire_terrier 0.0064496943 366 4 500 169
cat-Abyssinian 0.006443766 467 182 497 247
cat-Birman 0.006351124 54 0 220 34
cat-Birman 0.0061577964 209 120 352 250
cat-Persian 0.0060063163 0 0 359 227
cat-Persian 0.0059730946 448 0 500 54
cat-Persian 0.0058502103 209 120 352 250
dog-samoyed 0.005775335 347 9 500 165
cat-Maine_Coon 0.0056418334 368 2 500 44
cat-Birman 0.0056351875 288 0 432 33
cat-Persian 0.0055878265 328 0 461 34
dog-yorkshire_terrier 0.005468953 48 0 400 161
cat-Egyptian_Mau 0.0053031095 472 194 500 250
dog-havanese 0.005251062 81 126 113 140
cat-Bombay 0.005159393 343 0 478 32
dog-staffordshire_bull_terrier 0.005154173 483 225 500 263
cat-Bombay 0.0050993245 16 0 166 34
cat-Birman 0.005015783 101 0 267 34
dog-keeshond 0.004851322 202 83 353 245
cat-Russian_Blue 0.0048418147 317 0 456 33
dog-havanese 0.004806403 69 128 100 141
cat-Maine_Coon 0.004790052 261 0 398 26
dog-american_pit_bull_terrier 0.004706556 0 97 94 214
dog-japanese_chin 0.004652263 185 76 370 253
dog-staffordshire_bull_terrier 0.0044893585 276 132 317 149
cat-Sphynx 0.004474873 209 120 352 250
dog-yorkshire_terrier 0.004470436 340 0 500 138
cat-Maine_Coon 0.0043441243 426 0 500 34
cat-Siamese 0.0043358332 274 135 320 151
cat-Maine_Coon 0.0042473814 207 0 500 165
dog-yorkshire_terrier 0.0042116903 0 0 331 166
cat-Russian_Blue 0.0042012744 209 120 352 250
cat-Persian 0.0041009593 0 0 357 278
dog-basset_hound 0.00406179 0 55 354 274
cat-Siamese 0.004016253 33 0 194 34
cat-Persian 0.0039827637 469 165 500 225
cat-Abyssinian 0.0039040346 317 0 456 33
cat-Bengal 0.0038458067 343 0 478 32
cat-Bengal 0.003819393 180 0 328 24
cat-Bombay 0.0038145883 149 0 317 34
dog-japanese_chin 0.003773936 183 82 500 279
cat-Persian 0.0037465685 426 0 500 34
dog-havanese 0.003662887 223 99 330 154
cat-Siamese 0.0036122303 77 0 243 34
cat-Siamese 0.003600796 317 0 456 33
dog-saint_bernard 0.0035969403 100 117 342 262
dog-great_pyrenees 0.0035740938 182 0 500 177
cat-Russian_Blue 0.003567365 472 194 500 250
dog-yorkshire_terrier 0.0035500624 54 0 220 34
dog-wheaten_terrier 0.003536281 290 0 500 96
dog-samoyed 0.0035317389 334 0 500 91
cat-Egyptian_Mau 0.0035103855 472 177 500 231
dog-staffordshire_bull_terrier 0.0034930692 269 135 313 152
dog-havanese 0.003456725 185 76 370 253
cat-Bombay 0.0034439121 209 120 352 250
cat-Abyssinian 0.0033564349 473 209 500 267
dog-yorkshire_terrier 0.003341007 156 73 295 122
cat-Maine_Coon 0.0033288673 321 0 499 53
dog-yorkshire_terrier 0.0033174355 207 0 500 165
dog-samoyed 0.0033163524 232 0 500 93
cat-Bombay 0.0033161493 288 0 432 33
dog-yorkshire_terrier 0.0033073917 368 0 499 34
dog-boxer 0.0032779379 157 136 209 186
