dog-saint_bernard 0.95209616 189 43 279 137
dog-japanese_chin 0.09538443 189 43 279 136
dog-basset_hound 0.09356699 189 43 279 136
cat-Ragdoll 0.080167666 189 43 279 137
dog-boxer 0.068315774 189 43 279 137
dog-leonberger 0.05553494 190 42 281 138
cat-Abyssinian 0.051967517 189 43 279 137
cat-British_Shorthair 0.02350706 189 44 279 136
dog-english_setter 0.019015172 190 42 281 138
dog-beagle 0.018325284 190 42 281 138
cat-Birman 0.017872151 15 0 167 35
dog-saint_bernard 0.015744513 188 46 274 105
dog-american_bulldog 0.0142259225 190 42 281 138
cat-Birman 0.0132808285 108 0 263 34
bella 0.013015374 189 42 278 140
cat-Siamese 0.011896387 190 42 281 138
cat-Birman 0.009593555 190 42 281 138
cat-Birman 0.00953478 49 0 221 34
cat-Birman 0.009297548 20 0 123 19
dog-leonberger 0.009112822 188 46 274 105
cat-Siamese 0.00888662 108 0 263 34
bella 0.008003714 0 0 33 24
dog-boxer 0.0077982266 199 42 400 136
dog-great_pyrenees 0.0075914324 190 42 281 138
cat-Persian 0.007455158 1 0 33 57
cat-Egyptian_Mau 0.0074413004 189 42 278 140
dog-japanese_chin 0.007186517 160 0 298 130
cat-Birman 0.0071430556 1 0 144 25
dog-wheaten_terrier 0.006892392 190 42 281 138
cat-Persian 0.006694379 0 0 129 27
bella 0.0065397513 467 49 498 131
bella 0.0064329654 474 61 500 124
dog-japanese_chin 0.006232981 188 46 274 105
dog-newfoundland 0.006117146 190 42 281 138
dog-yorkshire_terrier 0.005874925 320 0 500 72
dog-staffordshire_bull_terrier 0.005872577 59 300 98 320
bella 0.0058617895 214 94 252 132
cat-Egyptian_Mau 0.0058615133 270 0 316 8
cat-Bombay 0.0056723226 49 0 221 34
cat-Birman 0.005634939 0 295 100 328
cat-Egyptian_Mau 0.005610467 0 0 33 16
cat-Bombay 0.005481923 108 0 263 34
dog-wheaten_terrier 0.0054626544 0 0 289 164
dog-boxer 0.0054511796 97 152 162 170
dog-beagle 0.005404759 97 152 162 170
cat-Persian 0.0053080968 101 314 161 327
dog-pomeranian 0.005261027 4 0 134 36
dog-yorkshire_terrier 0.00521052 302 0 500 57
dog-japanese_chin 0.0049927644 0 64 337 330
dog-pug 0.004915075 190 42 281 138
cat-Ragdoll 0.004855279 10 0 109 19
dog-leonberger 0.004770862 428 11 500 89
dog-pomeranian 0.0047421986 0 0 149 49
cat-Siamese 0.0047245403 37 0 80 16
cat-Persian 0.004659916 2 298 52 329
cat-Ragdoll 0.004590812 0 0 103 31
cat-Egyptian_Mau 0.0045439973 474 179 500 238
dog-american_bulldog 0.004485147 32 153 120 200
cat-Siamese 0.004481576 486 6 500 32
cat-Persian 0.0044557555 15 0 167 35
cat-Persian 0.004381242 119 312 171 328
bella 0.004337569 469 161 497 235
cat-Abyssinian 0.004325688 196 95 265 136
cat-Sphynx 0.0042722244 185 11 210 23
cat-Siamese 0.0042654285 199 42 400 136
dog-basset_hound 0.0042425077 188 46 274 105
cat-Birman 0.0042285104 203 13 423 114
cat-Persian 0.004225889 160 0 298 130
cat-Ragdoll 0.0041894666 199 42 400 136
cat-Birman 0.00411642 9 1 138 45
dog-great_pyrenees 0.004073431 193 47 270 91
dog-staffordshire_bull_terrier 0.004048456 59 297 94 315
cat-Siamese 0.0039991634 49 0 221 34
cat-Persian 0.0039690654 20 0 123 19
cat-British_Shorthair 0.003960692 280 1 324 8
cat-Birman 0.0039454387 199 42 400 136
cat-Egyptian_Mau 0.003906927 257 249 326 269
cat-Persian 0.0038895279 190 42 281 138
bella 0.0038759136 474 179 500 238
dog-havanese 0.0038420162 160 0 298 130
cat-British_Shorthair 0.0038358767 32 0 135 19
cat-Bombay 0.003834824 78 0 201 25
cat-Birman 0.0038154614 107 2 271 49
cat-Sphynx 0.0037979868 190 42 281 138
cat-Siamese 0.0037770742 46 0 96 15
dog-saint_bernard 0.0037592656 124 38 282 140
dog-yorkshire_terrier 0.0037078392 383 0 500 53
dog-samoyed 0.0036754813 197 45 274 79
dog-havanese 0.0036315948 190 42 281 138
dog-wheaten_terrier 0.0036253144 188 46 274 105
cat-Birman 0.0035526613 183 59 500 330
cat-Siamese 0.003538609 15 0 167 35
dog-pug 0.0035209097 183 59 500 330
dog-great_pyrenees 0.0034967512 160 0 298 130
dog-wheaten_terrier 0.0034940785 0 21 29 98
dog-pomeranian 0.0034529981 143 0 284 36
cat-Bengal 0.0034502626 428 236 500 327
dog-havanese 0.0034440428 0 0 289 164
cat-Sphynx 0.0034239062 191 3 439 60
cat-Bombay 0.0034183818 44 0 146 19
