dog-saint_bernard 0.89239115 137 158 251 257
dog-boxer 0.60074604 136 157 250 255
dog-beagle 0.3138646 136 157 250 255
dog-german_shorthaired 0.1490437 136 157 250 255
dog-basset_hound 0.09657699 137 158 251 257
dog-american_bulldog 0.067447945 136 157 250 255
dog-leonberger 0.04254335 137 158 249 258
dog-english_setter 0.039221983 137 157 251 256
cat-Sphynx 0.0380016 136 156 252 258
dog-american_pit_bull_terrier 0.03263015 136 156 252 258
cat-Abyssinian 0.025677871 136 156 252 258
cat-British_Shorthair 0.01770179 137 158 249 258
cat-Egyptian_Mau 0.015725188 136 156 252 258
dog-boxer 0.01564 106 154 244 291
cat-Russian_Blue 0.014714318 136 156 252 258
cat-Siamese 0.014523466 136 156 252 258
dog-american_pit_bull_terrier 0.0139706535 1 98 59 259
dog-yorkshire_terrier 0.013150268 3 0 160 80
cat-Bengal 0.012022458 136 156 252 258
bella 0.011939759 136 156 252 258
dog-staffordshire_bull_terrier 0.011846237 136 156 252 258
dog-american_pit_bull_terrier 0.011774852 0 58 70 235
dog-yorkshire_terrier 0.010443568 13 0 130 57
dog-boxer 0.009982062 142 144 262 330
dog-pug 0.009981784 136 156 252 258
dog-english_cocker_spaniel 0.00997308 137 158 249 258
dog-beagle 0.008551208 83 328 109 367
dog-shiba_inu 0.007602459 136 156 252 258
cat-Bombay 0.007591084 136 156 252 258
dog-beagle 0.0075846314 87 329 121 367
cat-Ragdoll 0.0075209388 137 158 249 258
dog-japanese_chin 0.007398023 137 158 249 258
cat-British_Shorthair 0.0068060583 142 144 262 330
dog-miniature_pinscher 0.006482312 13 0 130 57
cat-Abyssinian 0.0063801873 348 74 372 195
dog-chihuahua 0.0061774584 136 156 252 258
dog-american_pit_bull_terrier 0.0060943756 230 0 375 122
dog-staffordshire_bull_terrier 0.0059310636 166 150 194 179
cat-British_Shorthair 0.005925528 138 135 291 432
bella 0.005873078 0 273 25 364
cat-Sphynx 0.0058175405 97 126 243 266
cat-Birman 0.0057832557 136 152 253 256
dog-newfoundland 0.005618291 13 0 130 57
dog-miniature_pinscher 0.0054720766 3 0 160 80
cat-Egyptian_Mau 0.005465515 0 286 23 383
dog-basset_hound 0.005452609 106 154 244 291
dog-beagle 0.005204522 139 163 206 247
cat-Bombay 0.0050485455 133 123 164 208
dog-newfoundland 0.00492523 137 158 249 258
cat-Birman 0.004809118 0 0 54 27
bella 0.0047954605 1 340 23 436
dog-pug 0.0047881156 125 96 375 459
dog-beagle 0.0047460063 94 342 135 373
dog-beagle 0.004671051 79 314 102 362
cat-Bombay 0.0046480917 332 73 375 218
dog-basset_hound 0.004636823 0 0 259 338
dog-havanese 0.0046254597 13 0 130 57
cat-Abyssinian 0.0045882193 354 102 375 200
dog-japanese_chin 0.0044072564 133 74 256 270
dog-saint_bernard 0.004334135 139 163 206 247
dog-staffordshire_bull_terrier 0.004286598 185 151 212 178
dog-basset_hound 0.0041661435 142 144 262 330
dog-yorkshire_terrier 0.004044718 0 0 213 140
cat-Maine_Coon 0.004039796 136 156 252 258
dog-yorkshire_terrier 0.004035798 22 0 178 62
dog-great_pyrenees 0.0039904867 137 0 326 149
dog-boxer 0.0039895754 139 163 206 247
dog-boxer 0.0039300667 104 96 146 197
dog-american_pit_bull_terrier 0.0038118912 138 122 375 500
dog-yorkshire_terrier 0.0037973695 133 105 206 239
dog-scottish_terrier 0.00375763 13 0 130 57
dog-american_pit_bull_terrier 0.0037458672 2 168 53 305
dog-yorkshire_terrier 0.003686229 34 0 253 215
cat-Egyptian_Mau 0.0036679688 0 217 22 326
dog-yorkshire_terrier 0.003606227 149 1 359 120
dog-havanese 0.0035927352 117 0 289 249
dog-yorkshire_terrier 0.0035806969 230 0 375 122
cat-Persian 0.0034835334 86 0 266 239
dog-american_pit_bull_terrier 0.003466392 202 0 375 167
dog-american_bulldog 0.0034599113 85 338 123 370
dog-beagle 0.0034426553 208 167 250 236
cat-Persian 0.003429428 133 74 256 270
dog-great_pyrenees 0.0034173408 130 0 375 266
dog-havanese 0.003396901 133 74 256 270
dog-yorkshire_terrier 0.0033828763 0 6 23 114
dog-miniature_pinscher 0.0033690487 136 156 252 258
dog-keeshond 0.0033600624 136 156 252 258
cat-British_Shorthair 0.003340745 146 111 173 126
cat-Egyptian_Mau 0.0033201866 0 353 23 451
dog-basset_hound 0.0033155284 82 325 99 382
cat-Egyptian_Mau 0.003313914 85 338 123 370
dog-miniature_pinscher 0.0032935305 334 197 375 324
dog-great_pyrenees 0.0032928027 137 158 249 258
dog-yorkshire_terrier 0.0032892912 133 123 164 208
dog-beagle 0.003285515 91 330 135 363
cat-Abyssinian 0.003269085 97 126 243 266
cat-Bombay 0.0032302497 135 149 166 219
dog-american_bulldog 0.0032081811 40 192 79 225
dog-pomeranian 0.0032001447 130 0 375 266
dog-miniature_pinscher 0.00319384 133 123 164 208
