dog-saint_bernard 0.84163076 147 15 353 182
dog-leonberger 0.50285363 146 15 353 182
dog-japanese_chin 0.3809726 146 15 353 181
dog-great_pyrenees 0.039919183 146 15 353 181
dog-american_bulldog 0.036014978 146 15 353 181
dog-boxer 0.03450782 147 13 353 181
cat-British_Shorthair 0.027552364 128 11 398 312
cat-British_Shorthair 0.02590846 146 15 353 181
cat-Ragdoll 0.024392284 146 15 353 181
dog-basset_hound 0.014547038 149 11 353 181
cat-Siamese 0.013477561 164 5 500 215
cat-Siamese 0.013428614 350 1 500 48
dog-pug 0.013347183 147 13 353 181
cat-British_Shorthair 0.012569317 164 5 500 215
dog-boxer 0.011796666 164 5 500 215
dog-pug 0.011327513 164 5 500 215
cat-Russian_Blue 0.009121921 197 120 500 334
cat-British_Shorthair 0.008932714 0 0 362 208
cat-British_Shorthair 0.008748022 126 17 500 334
dog-basset_hound 0.00812084 0 88 31 167
cat-Ragdoll 0.007967589 133 4 215 24
dog-english_cocker_spaniel 0.007743569 0 204 31 279
bella 0.007480492 2 220 32 289
dog-american_bulldog 0.0074524344 164 5 500 215
dog-japanese_chin 0.007424907 133 4 215 24
dog-newfoundland 0.0073648426 147 13 353 181
dog-basset_hound 0.007358968 5 61 72 168
dog-boxer 0.007335062 350 1 500 48
cat-Bombay 0.0071751904 164 5 500 215
dog-japanese_chin 0.0070202965 0 0 362 208
cat-Abyssinian 0.0069998764 164 5 500 215
dog-japanese_chin 0.006880231 164 5 500 215
cat-Persian 0.006709161 133 4 215 24
dog-english_setter 0.006637817 149 12 353 181
cat-Persian 0.006534725 164 5 500 215
dog-havanese 0.006480034 130 0 343 177
dog-keeshond 0.006456506 126 17 500 334
cat-Birman 0.00632798 164 5 500 215
dog-great_pyrenees 0.0062770015 133 4 215 24
dog-basset_hound 0.0062478995 0 196 31 274
cat-Ragdoll 0.006081807 126 17 500 334
dog-wheaten_terrier 0.0060237674 147 13 353 181
dog-havanese 0.0060223797 136 17 345 117
cat-Russian_Blue 0.0059756692 128 11 398 312
cat-Egyptian_Mau 0.0059392955 126 17 500 334
cat-Birman 0.0058827163 126 17 500 334
cat-Ragdoll 0.0058126748 164 5 500 215
cat-Birman 0.0057470035 149 12 353 181
cat-British_Shorthair 0.00570068 0 0 332 162
cat-Bengal 0.005698632 0 0 362 208
dog-newfoundland 0.0056886924 136 17 345 117
cat-Persian 0.005682096 126 17 500 334
cat-Abyssinian 0.0056714644 146 15 353 182
cat-Siamese 0.00566241 11 2 150 45
cat-Bombay 0.005596094 39 3 183 50
cat-Bombay 0.005582977 128 11 398 312
cat-Bombay 0.005495372 343 154 500 334
cat-Birman 0.005493254 128 11 398 312
cat-Birman 0.005474324 277 0 315 8
dog-japanese_chin 0.005410247 0 0 332 162
dog-boxer 0.0053699366 326 0 492 37
cat-Birman 0.005195693 173 0 500 178
cat-Sphynx 0.005183385 350 1 500 48
cat-Siamese 0.0051183966 326 0 492 37
cat-Birman 0.005109289 264 0 299 8
cat-Sphynx 0.0050864927 164 5 500 215
dog-boxer 0.005033992 12 1 142 36
cat-Persian 0.0050136535 146 16 351 182
cat-Russian_Blue 0.0049923807 345 127 500 328
dog-havanese 0.0049664853 133 4 215 24
dog-american_bulldog 0.00486029 133 4 215 24
cat-Egyptian_Mau 0.0048512165 471 209 500 282
cat-Birman 0.004817615 133 4 215 24
dog-samoyed 0.0047477186 136 17 345 117
bella 0.004738138 473 88 500 153
dog-leonberger 0.004669575 105 175 149 219
bella 0.004667561 474 105 500 169
bella 0.0046487027 468 2 496 79
cat-Sphynx 0.00458702 0 0 362 208
dog-basset_hound 0.0045465324 0 64 31 142
dog-great_pyrenees 0.0045260186 121 4 171 25
dog-english_cocker_spaniel 0.0044957753 0 96 31 175
cat-Egyptian_Mau 0.0044293893 0 88 31 167
dog-scottish_terrier 0.0044113654 136 17 345 117
dog-japanese_chin 0.00438129 144 17 345 118
dog-keeshond 0.004367816 128 11 398 312
cat-Egyptian_Mau 0.004337855 146 15 353 182
cat-Russian_Blue 0.0043112086 126 17 500 334
dog-keeshond 0.004289179 136 17 345 117
cat-Ragdoll 0.004286618 0 0 332 162
cat-Ragdoll 0.004248769 173 0 500 178
dog-yorkshire_terrier 0.004236935 146 4 249 25
bella 0.004235252 146 16 351 182
dog-basset_hound 0.004208891 0 22 34 99
dog-english_cocker_spaniel 0.0041623646 0 148 31 226
dog-yorkshire_terrier 0.004139722 164 5 500 215
dog-pug 0.004133593 146 4 249 25
dog-american_bulldog 0.0041319896 172 50 500 334
cat-Siamese 0.004121241 298 8 495 79
cat-Birman 0.0041119927 252 1 286 9
