dog-samoyed 0.9655906 178 3 343 266
dog-pomeranian 0.049403038 177 2 344 268
dog-shiba_inu 0.043761224 179 4 343 265
cat-Maine_Coon 0.038020886 178 3 345 267
dog-newfoundland 0.033355024 445 0 500 93
dog-leonberger 0.031881616 430 1 500 94
dog-wheaten_terrier 0.031162078 179 3 345 265
dog-keeshond 0.019862274 177 2 344 268
cat-Ragdoll 0.016787639 179 3 344 267
dog-wheaten_terrier 0.01668465 445 0 500 93
cat-Ragdoll 0.016493782 181 0 500 265
dog-great_pyrenees 0.014369155 179 3 345 265
cat-British_Shorthair 0.011376127 0 0 348 257
bella 0.009780536 471 136 497 230
dog-great_pyrenees 0.009695295 181 0 500 265
dog-american_bulldog 0.0093582105 181 0 500 265
cat-Siamese 0.009191661 181 0 500 265
cat-Birman 0.008800603 181 0 500 265
dog-scottish_terrier 0.008691152 179 3 345 265
dog-english_cocker_spaniel 0.008539585 445 0 500 93
bella 0.008268981 177 4 344 264
dog-pomeranian 0.008116259 181 0 500 265
bella 0.008093653 0 242 30 315
dog-boxer 0.008002397 313 3 499 90
dog-leonberger 0.00769801 440 23 500 125
dog-samoyed 0.0074633416 184 11 328 116
dog-shiba_inu 0.0073180934 181 0 500 265
dog-shiba_inu 0.0070383553 300 0 500 69
dog-havanese 0.0065799896 175 0 356 246
cat-Bombay 0.006539764 12 0 171 43
dog-boxer 0.006279628 181 0 500 265
bella 0.0062096347 0 188 26 260
cat-Bengal 0.006178442 0 0 348 257
cat-Bombay 0.006137644 18 4 205 54
dog-american_bulldog 0.0060399314 370 0 500 49
bella 0.006015185 474 131 500 204
dog-newfoundland 0.0058163186 429 16 500 121
dog-boxer 0.0057813395 326 0 491 45
dog-yorkshire_terrier 0.005770644 179 3 345 265
dog-chihuahua 0.0057465537 181 0 500 265
dog-english_setter 0.0057163127 445 0 500 93
cat-British_Shorthair 0.005682328 0 0 325 204
bella 0.0056185042 181 0 500 265
dog-leonberger 0.0056084753 455 41 499 111
cat-Siamese 0.005582429 1 0 144 43
dog-english_setter 0.0055075577 188 0 347 211
dog-american_bulldog 0.005322051 175 0 356 246
dog-yorkshire_terrier 0.005261316 47 5 226 61
dog-pug 0.005254882 181 0 500 265
dog-english_cocker_spaniel 0.005252432 0 196 30 293
cat-Siamese 0.0050295377 326 0 491 45
cat-Ragdoll 0.0049109836 0 0 348 257
dog-german_shorthaired 0.004906127 188 0 347 211
cat-Birman 0.004827275 326 0 491 45
cat-Persian 0.004739791 0 0 348 257
cat-Persian 0.0046761553 443 1 500 41
dog-samoyed 0.004653979 181 0 500 265
cat-Bombay 0.0045053484 54 0 213 46
cat-Ragdoll 0.004499537 0 0 325 204
cat-Persian 0.0044824486 446 0 500 81
dog-american_pit_bull_terrier 0.0044058193 181 0 500 265
dog-english_setter 0.004400399 452 27 499 108
dog-keeshond 0.004361237 170 8 334 152
cat-Persian 0.0043543247 0 0 325 204
dog-shiba_inu 0.0042892094 4 0 154 54
dog-yorkshire_terrier 0.0042752745 181 0 500 265
cat-Egyptian_Mau 0.004268131 474 120 500 196
dog-chihuahua 0.0042439746 484 90 500 124
dog-chihuahua 0.0041950066 485 215 500 250
dog-american_bulldog 0.004074338 0 0 325 204
dog-beagle 0.0040385686 181 0 500 265
dog-japanese_chin 0.0039528566 181 0 500 265
dog-basset_hound 0.003911814 0 0 348 257
dog-yorkshire_terrier 0.0038958034 54 0 213 46
dog-beagle 0.003890367 88 168 122 200
cat-Bombay 0.0038167196 429 3 495 36
cat-Abyssinian 0.0037716364 181 0 500 265
dog-leonberger 0.0037168392 435 35 500 157
dog-newfoundland 0.0035670856 453 29 499 107
bella 0.003564134 0 223 28 297
dog-leonberger 0.0035590609 443 0 500 68
cat-Egyptian_Mau 0.003500302 0 189 30 281
dog-scottish_terrier 0.0034939423 187 7 329 90
cat-Persian 0.0034864233 199 1 263 16
cat-Birman 0.0034578587 299 1 337 10
cat-Bengal 0.0034566494 187 7 329 90
cat-Birman 0.003439073 0 0 348 257
dog-american_bulldog 0.0034283183 0 0 348 257
cat-Siamese 0.0033948047 9 2 185 51
dog-shiba_inu 0.0033647506 116 2 200 32
cat-Siamese 0.0033625353 0 0 348 257
dog-yorkshire_terrier 0.003350272 0 0 348 257
dog-japanese_chin 0.0032812546 175 0 356 246
cat-Maine_Coon 0.0032759346 181 0 500 265
cat-Bengal 0.0032597217 0 0 325 204
dog-great_pyrenees 0.0032552641 187 0 259 22
dog-staffordshire_bull_terrier 0.0032460177 181 0 500 265
dog-leonberger 0.0032343976 481 86 499 126
dog-newfoundland 0.0032289575 442 43 500 150
bella 0.0032098668 0 57 81 192
