dog-samoyed 0.10128831 246 94 343 204
dog-great_pyrenees 0.06636793 247 93 340 202
dog-keeshond 0.037056863 246 94 343 204
dog-wheaten_terrier 0.031372625 243 67 399 198
dog-wheaten_terrier 0.026847608 247 93 340 202
dog-keeshond 0.024003137 243 67 399 198
dog-samoyed 0.023606239 243 67 399 198
dog-american_bulldog 0.017143864 246 94 343 204
dog-basset_hound 0.013289667 0 0 274 133
dog-basset_hound 0.010582589 52 12 464 225
dog-great_pyrenees 0.0102846995 243 67 399 198
dog-beagle 0.009905231 0 0 286 154
dog-american_pit_bull_terrier 0.009555094 201 0 500 208
dog-basset_hound 0.008920497 35 0 418 164
dog-pomeranian 0.008528228 246 94 345 203
dog-havanese 0.0082200775 247 93 340 202
cat-Maine_Coon 0.0074173724 97 0 449 179
cat-Russian_Blue 0.007219112 131 0 299 42
dog-english_cocker_spaniel 0.006745069 0 6 465 241
cat-Ragdoll 0.0063023814 246 94 345 203
dog-basset_hound 0.0059697186 14 0 191 120
dog-english_setter 0.005952519 247 93 340 202
dog-leonberger 0.0059203394 360 78 426 101
cat-Bombay 0.005754171 26 1 65 9
dog-samoyed 0.0056637125 214 15 483 205
dog-american_pit_bull_terrier 0.005573624 148 10 500 226
dog-english_cocker_spaniel 0.005530088 0 0 364 173
dog-havanese 0.005462758 243 67 399 198
cat-Egyptian_Mau 0.0051027345 19 0 170 42
dog-american_pit_bull_terrier 0.0050782324 311 0 500 93
dog-leonberger 0.0049739536 333 77 411 102
dog-shiba_inu 0.004970396 97 0 449 179
dog-wheaten_terrier 0.004968274 221 30 423 194
dog-american_pit_bull_terrier 0.004943684 35 0 418 164
dog-beagle 0.0048953327 390 77 444 101
cat-Maine_Coon 0.004823034 214 15 483 205
cat-Bengal 0.004822709 0 0 426 238
cat-Bengal 0.0047106277 0 0 364 173
cat-Bombay 0.0046119904 185 0 234 10
dog-staffordshire_bull_terrier 0.0046105175 485 125 500 159
bella 0.0045981635 0 76 29 155
cat-Egyptian_Mau 0.0045544687 390 77 444 101
cat-Ragdoll 0.0044698883 214 15 483 205
bella 0.0042939615 0 269 29 324
dog-basset_hound 0.00428416 0 0 476 273
dog-samoyed 0.004155719 97 0 449 179
dog-miniature_pinscher 0.004098325 148 10 500 226
dog-samoyed 0.0040842937 251 112 317 197
dog-american_bulldog 0.0040779463 380 77 436 102
dog-great_pyrenees 0.004067964 221 30 423 194
dog-basset_hound 0.004065339 0 0 210 171
cat-Bombay 0.004033453 151 0 324 42
dog-leonberger 0.004023892 247 93 340 202
dog-leonberger 0.0039658737 380 77 436 102
dog-chihuahua 0.0039584935 230 74 500 375
dog-american_bulldog 0.0039338097 360 78 426 101
cat-Bengal 0.0038294918 19 0 170 42
dog-beagle 0.0038212498 102 122 167 143
dog-leonberger 0.0038142256 314 84 380 110
cat-Egyptian_Mau 0.0038105387 0 7 359 165
cat-Persian 0.0037948594 234 31 411 197
cat-British_Shorthair 0.0037603662 26 1 65 9
cat-Birman 0.0037490434 26 1 65 9
dog-keeshond 0.0037246055 214 15 483 205
cat-Egyptian_Mau 0.003700524 0 77 31 154
dog-american_pit_bull_terrier 0.003695953 238 0 500 158
cat-Persian 0.0036271906 214 15 483 205
dog-basset_hound 0.0035844352 1 0 87 57
bella 0.003581953 0 262 26 312
cat-Egyptian_Mau 0.0035434698 96 153 151 176
cat-Bombay 0.003504875 173 1 220 10
cat-British_Shorthair 0.0035002138 179 1 227 10
dog-havanese 0.0034851243 214 15 483 205
cat-Bengal 0.0034157839 144 0 230 23
dog-english_cocker_spaniel 0.0034018122 35 0 418 164
dog-great_pyrenees 0.0033873694 308 85 372 108
bella 0.00336058 0 109 31 186
dog-staffordshire_bull_terrier 0.0033373893 19 0 170 42
cat-Bombay 0.0033117647 225 1 363 26
cat-Bengal 0.0032241652 114 0 203 21
cat-Egyptian_Mau 0.0032161435 0 0 364 173
dog-beagle 0.0032011808 0 0 182 136
dog-english_setter 0.0031431587 0 0 210 171
cat-Bengal 0.0030858228 0 24 466 353
dog-wheaten_terrier 0.0030854444 254 86 448 206
dog-miniature_pinscher 0.003054783 169 0 500 181
cat-Egyptian_Mau 0.0030450413 114 0 203 21
cat-Bengal 0.003032198 131 0 299 42
cat-Bengal 0.003024464 0 7 359 165
dog-havanese 0.0029887096 201 0 500 208
cat-Bombay 0.0029670321 229 0 332 21
dog-pomeranian 0.0029643702 234 31 411 197
cat-Egyptian_Mau 0.0029326936 0 0 218 140
dog-beagle 0.0029107938 77 120 156 143
dog-boxer 0.0029015255 485 125 500 159
cat-Egyptian_Mau 0.0028936644 0 268 26 323
cat-Egyptian_Mau 0.0028826566 0 0 426 238
dog-saint_bernard 0.0028725977 390 77 444 101
dog-beagle 0.0028459812 120 123 181 146
dog-wheaten_terrier 0.0028441902 88 227 162 263
