dog-samoyed 0.94172907 106 12 219 209
dog-keeshond 0.21513134 109 12 220 182
cat-Ragdoll 0.11002761 109 12 220 182
dog-pomeranian 0.08778605 106 12 219 209
dog-great_pyrenees 0.0625997 107 14 220 208
cat-Maine_Coon 0.04855616 108 10 221 200
dog-american_bulldog 0.044212814 108 10 221 200
dog-wheaten_terrier 0.042936523 107 14 220 208
bella 0.037365768 108 10 221 200
dog-shiba_inu 0.028942129 106 12 219 209
cat-Persian 0.020432161 109 12 220 182
cat-British_Shorthair 0.016156776 109 12 220 182
cat-Egyptian_Mau 0.015166875 109 12 220 182
dog-pomeranian 0.012955328 241 0 455 48
cat-Birman 0.012044186 109 12 220 182
dog-english_cocker_spaniel 0.010719971 456 102 500 179
dog-yorkshire_terrier 0.009843315 105 12 223 202
dog-english_setter 0.009280197 105 12 223 202
dog-japanese_chin 0.009022918 2 59 49 119
dog-american_pit_bull_terrier 0.008928393 364 59 500 309
dog-basset_hound 0.008076166 108 10 221 200
dog-samoyed 0.007876878 126 17 207 56
dog-english_setter 0.0073028156 364 59 500 309
dog-havanese 0.007159805 105 12 223 202
cat-Siamese 0.0067943744 197 3 290 26
dog-english_setter 0.0064625624 436 135 500 228
dog-american_pit_bull_terrier 0.006399372 428 155 500 276
cat-Birman 0.0063158907 0 275 100 333
dog-yorkshire_terrier 0.006178029 22 5 171 54
dog-great_pyrenees 0.006174821 126 17 207 56
dog-wheaten_terrier 0.0060964352 395 64 500 194
dog-samoyed 0.005378993 95 93 230 209
dog-leonberger 0.005306554 319 45 363 83
dog-japanese_chin 0.005111141 4 75 46 133
dog-yorkshire_terrier 0.005089734 332 0 500 78
cat-Bengal 0.005062027 126 17 207 56
dog-pomeranian 0.005032163 220 0 419 41
dog-japanese_chin 0.0049863607 2 74 31 127
dog-yorkshire_terrier 0.0049550673 2 3 127 53
dog-leonberger 0.0049359915 0 32 256 333
dog-english_setter 0.004931214 0 32 256 333
cat-Persian 0.004892841 359 26 413 42
dog-yorkshire_terrier 0.0048870007 338 0 500 195
dog-american_pit_bull_terrier 0.004681827 425 128 500 239
cat-Ragdoll 0.0046018157 54 7 138 33
dog-great_pyrenees 0.0045999596 196 0 268 19
dog-samoyed 0.0045562736 115 15 214 122
dog-great_pyrenees 0.004536915 86 9 500 237
dog-pomeranian 0.0045281714 259 6 443 63
dog-leonberger 0.004520951 436 135 500 228
cat-Siamese 0.004508951 203 0 285 19
cat-Ragdoll 0.0044382378 125 16 215 94
dog-miniature_pinscher 0.004246278 196 0 231 9
dog-keeshond 0.004197619 119 13 212 132
dog-leonberger 0.0041927504 0 69 31 128
dog-japanese_chin 0.004191331 1 63 33 115
dog-wheaten_terrier 0.004185367 375 49 500 260
dog-japanese_chin 0.00418137 1 43 56 100
cat-Persian 0.0041528605 348 32 417 50
dog-wheaten_terrier 0.0040677204 0 0 223 222
cat-Siamese 0.004050002 32 5 127 31
dog-english_setter 0.0039366395 428 155 500 276
dog-american_pit_bull_terrier 0.003928729 413 176 500 321
dog-yorkshire_terrier 0.003917521 19 0 157 39
dog-pomeranian 0.003909897 218 7 397 67
dog-samoyed 0.0039025869 120 17 211 84
cat-Siamese 0.003864092 54 7 138 33
dog-yorkshire_terrier 0.003838164 436 135 500 228
cat-Egyptian_Mau 0.0037916086 429 206 500 333
dog-american_pit_bull_terrier 0.0037747533 0 32 256 333
dog-leonberger 0.003768096 364 59 500 309
dog-pomeranian 0.0037639958 95 93 230 209
dog-american_bulldog 0.0037582999 0 32 256 333
dog-leonberger 0.0037277 313 43 353 78
cat-Maine_Coon 0.0037246835 309 0 500 59
cat-Birman 0.0037006403 115 15 214 122
dog-pomeranian 0.0036805088 125 16 215 94
dog-samoyed 0.0035901654 0 32 256 333
cat-Egyptian_Mau 0.0035867642 0 32 256 333
dog-shiba_inu 0.003542426 95 93 230 209
dog-english_setter 0.0035220275 416 125 500 227
cat-Persian 0.0034964203 345 36 412 55
cat-Ragdoll 0.0034768872 78 0 151 20
cat-Ragdoll 0.0034465704 47 1 139 26
cat-Ragdoll 0.0034354043 185 0 252 20
dog-chihuahua 0.0034154332 485 215 500 243
dog-miniature_pinscher 0.0034118986 93 0 128 10
dog-german_shorthaired 0.0033465219 102 0 236 165
dog-yorkshire_terrier 0.0033414045 0 0 177 93
dog-great_pyrenees 0.0033263112 133 0 500 182
dog-wheaten_terrier 0.003310468 126 17 207 56
cat-Siamese 0.003282518 47 1 139 26
dog-beagle 0.0032727288 52 180 74 190
cat-Abyssinian 0.003267271 54 7 138 33
dog-samoyed 0.0032626248 0 0 243 197
dog-leonberger 0.0032413753 0 63 28 113
dog-pomeranian 0.0032297035 332 0 500 78
dog-leonberger 0.003178373 94 148 199 211
dog-english_setter 0.0031619244 413 176 500 321
dog-yorkshire_terrier 0.0031537304 323 0 500 124
