dog-scottish_terrier 0.97413856 85 45 412 403
dog-yorkshire_terrier 0.29632902 87 53 422 408
dog-keeshond 0.16089815 86 48 417 401
dog-shiba_inu 0.088352695 86 48 417 401
dog-wheaten_terrier 0.07049988 83 45 421 410
dog-english_cocker_spaniel 0.066718765 83 45 421 410
dog-miniature_pinscher 0.051105347 83 45 421 410
cat-Maine_Coon 0.037918076 87 53 422 408
dog-staffordshire_bull_terrier 0.036631923 83 45 421 410
dog-havanese 0.034936775 84 51 420 405
dog-chihuahua 0.03368641 83 45 421 410
cat-Bengal 0.033543527 86 48 417 401
dog-newfoundland 0.021644667 87 48 403 400
dog-american_pit_bull_terrier 0.018904129 83 45 421 410
cat-Bombay 0.017665898 83 59 419 407
dog-samoyed 0.016418302 83 45 421 410
cat-Russian_Blue 0.013843649 86 48 417 401
dog-miniature_pinscher 0.010594049 451 0 500 98
dog-scottish_terrier 0.0099785 86 228 309 395
cat-British_Shorthair 0.00966708 53 59 447 499
cat-Siamese 0.008727309 0 0 147 54
dog-staffordshire_bull_terrier 0.008158915 170 108 210 121
cat-Egyptian_Mau 0.007734506 53 59 447 499
cat-British_Shorthair 0.007502843 164 1 204 12
dog-basset_hound 0.0071992762 83 45 421 410
cat-Bombay 0.0071254424 158 1 198 12
cat-Persian 0.007027024 84 51 420 405
dog-havanese 0.006827986 367 22 437 148
dog-yorkshire_terrier 0.006718201 114 0 500 371
dog-german_shorthaired 0.0066371 86 48 417 401
dog-yorkshire_terrier 0.006538828 237 33 455 133
dog-english_setter 0.005966527 83 45 421 410
cat-Bengal 0.0057372004 0 71 422 499
dog-leonberger 0.0056381216 86 48 417 401
bella 0.0055208863 53 59 447 499
dog-staffordshire_bull_terrier 0.005366153 219 245 258 266
dog-wheaten_terrier 0.005235547 0 0 412 390
dog-american_pit_bull_terrier 0.0052339183 369 0 500 140
dog-havanese 0.0052284347 364 34 419 51
cat-Persian 0.0051128073 130 158 175 176
cat-Siamese 0.004949115 183 0 255 24
cat-Bombay 0.004802771 170 1 210 12
cat-Russian_Blue 0.004642767 170 108 210 121
dog-japanese_chin 0.0046371073 363 30 435 165
cat-Russian_Blue 0.004618814 28 0 175 46
dog-havanese 0.004446522 285 0 445 183
dog-wheaten_terrier 0.004404602 367 22 437 148
dog-yorkshire_terrier 0.0043055075 285 0 445 183
dog-american_pit_bull_terrier 0.0042977287 1 111 72 269
cat-Ragdoll 0.004278985 53 59 447 499
dog-english_cocker_spaniel 0.00417846 0 0 412 390
dog-scottish_terrier 0.004074245 88 138 360 390
dog-shiba_inu 0.0040265014 0 0 202 69
dog-newfoundland 0.0040209177 93 25 500 444
dog-american_pit_bull_terrier 0.0039939014 352 6 500 162
dog-great_pyrenees 0.003932767 0 32 430 436
cat-Bombay 0.0038148493 146 1 187 12
dog-leonberger 0.0038125503 363 30 435 165
dog-havanese 0.0038075566 371 0 445 103
dog-staffordshire_bull_terrier 0.00380136 219 231 259 258
dog-miniature_pinscher 0.0037572125 114 0 500 371
dog-yorkshire_terrier 0.003750028 242 0 441 85
dog-staffordshire_bull_terrier 0.003739623 160 166 191 185
cat-Abyssinian 0.003718199 53 59 447 499
dog-american_pit_bull_terrier 0.0037097845 436 255 500 396
dog-yorkshire_terrier 0.003705485 0 0 412 390
cat-Birman 0.003618548 167 0 241 23
cat-Egyptian_Mau 0.0035890723 0 363 35 460
dog-pomeranian 0.0035575053 123 0 290 78
dog-pomeranian 0.0035297843 369 0 500 140
dog-german_shorthaired 0.003470613 158 1 198 12
cat-British_Shorthair 0.0034705685 179 103 225 114
dog-samoyed 0.003425955 0 0 412 390
dog-miniature_pinscher 0.0033712634 485 155 500 203
dog-chihuahua 0.0033351185 352 6 500 162
dog-boxer 0.0033263145 170 108 210 121
dog-havanese 0.0032978265 247 30 439 270
cat-Maine_Coon 0.0032900025 375 4 445 44
cat-Birman 0.0032759907 130 158 175 176
dog-american_bulldog 0.0032649671 53 59 447 499
dog-pug 0.0032649452 53 59 447 499
dog-scottish_terrier 0.0032361632 0 18 412 453
cat-Egyptian_Mau 0.0032091895 1 397 66 499
dog-american_pit_bull_terrier 0.003200986 451 0 500 98
dog-havanese 0.003194982 282 33 439 125
dog-staffordshire_bull_terrier 0.0031919656 224 236 269 259
dog-yorkshire_terrier 0.003172381 352 6 500 162
dog-yorkshire_terrier 0.0031586601 369 0 500 140
cat-British_Shorthair 0.0031561195 93 126 383 392
dog-american_pit_bull_terrier 0.0031533304 368 31 500 239
dog-pomeranian 0.0031316502 83 7 421 406
dog-samoyed 0.0030913285 114 0 500 371
cat-Bombay 0.003086401 223 59 259 129
dog-staffordshire_bull_terrier 0.0030814297 114 0 500 371
dog-staffordshire_bull_terrier 0.0030778358 224 243 267 262
cat-Siamese 0.0030728227 486 0 500 34
cat-Siamese 0.003002878 27 0 198 54
cat-British_Shorthair 0.0029579408 152 1 193 12
cat-Siamese 0.002937188 53 59 447 499
dog-staffordshire_bull_terrier 0.002909171 160 158 191 181
