dog-chihuahua 0.66405904 224 30 371 246
dog-scottish_terrier 0.45097387 224 30 371 246
dog-staffordshire_bull_terrier 0.3960498 224 30 371 246
dog-american_pit_bull_terrier 0.3138037 224 30 371 246
dog-miniature_pinscher 0.23972815 224 30 371 246
dog-shiba_inu 0.1335219 224 30 371 246
dog-keeshond 0.1326696 224 30 371 246
dog-pug 0.07607298 224 30 371 246
dog-yorkshire_terrier 0.06573269 224 30 371 246
cat-Siamese 0.050667506 224 30 371 246
cat-Bombay 0.03275585 223 31 369 215
dog-leonberger 0.025875462 222 29 372 246
dog-pomeranian 0.025829714 224 30 371 246
dog-newfoundland 0.023500653 224 30 371 246
cat-Sphynx 0.021177609 224 30 371 246
cat-Russian_Blue 0.014368108 224 30 371 246
dog-basset_hound 0.012743473 1 158 30 225
dog-saint_bernard 0.012478595 372 285 500 374
dog-english_setter 0.01030777 222 29 372 246
cat-Maine_Coon 0.010101257 223 31 369 215
cat-Egyptian_Mau 0.0100516 474 118 500 187
cat-Bombay 0.009377987 64 0 222 28
cat-Abyssinian 0.008801669 470 280 500 322
dog-english_cocker_spaniel 0.008708301 1 73 71 208
cat-British_Shorthair 0.008632704 0 0 385 244
dog-american_pit_bull_terrier 0.008388077 208 9 500 250
cat-Abyssinian 0.007681615 223 31 369 215
cat-Siamese 0.0073068263 334 8 482 61
bella 0.007275289 474 251 500 316
dog-boxer 0.007046822 223 29 371 247
cat-Bombay 0.006801186 107 0 259 37
cat-Egyptian_Mau 0.006771669 473 102 500 167
dog-american_bulldog 0.0067614457 208 9 500 250
dog-chihuahua 0.006685206 208 9 500 250
dog-miniature_pinscher 0.0066636456 485 300 500 331
cat-Abyssinian 0.006624835 484 294 500 326
cat-Abyssinian 0.0064437203 228 41 267 105
dog-pug 0.006303508 207 50 500 296
dog-american_bulldog 0.006289062 223 29 371 247
dog-yorkshire_terrier 0.0062569976 1 0 275 92
cat-Sphynx 0.005866999 397 307 443 318
dog-american_pit_bull_terrier 0.0058251214 419 175 500 306
dog-shiba_inu 0.0058139013 208 9 500 250
cat-Egyptian_Mau 0.0057689724 0 161 31 240
dog-german_shorthaired 0.0056202575 224 30 371 246
dog-shiba_inu 0.0055223736 312 0 413 38
cat-Bombay 0.005321899 228 41 267 105
dog-miniature_pinscher 0.0052407575 339 1 477 39
dog-american_pit_bull_terrier 0.0052152276 256 68 500 375
cat-Bengal 0.005176915 473 102 500 167
dog-staffordshire_bull_terrier 0.0051565203 208 9 500 250
dog-boxer 0.0051090224 334 8 482 61
cat-Russian_Blue 0.0050688544 473 110 500 175
cat-Bengal 0.0050521595 0 0 385 244
dog-american_pit_bull_terrier 0.005039699 216 84 500 375
dog-german_shorthaired 0.0050177705 0 0 385 244
dog-pomeranian 0.0047920346 208 9 500 250
dog-scottish_terrier 0.0047760336 224 35 358 127
dog-yorkshire_terrier 0.004770914 139 0 277 39
dog-newfoundland 0.0047673653 0 0 385 244
cat-Egyptian_Mau 0.0047639185 471 125 500 205
cat-Bombay 0.0047580055 97 0 266 49
cat-Siamese 0.0047051115 312 0 413 38
dog-german_shorthaired 0.0046974025 1 152 32 210
dog-boxer 0.004666456 208 9 500 250
dog-miniature_pinscher 0.004619073 0 0 385 244
cat-Siamese 0.0046059266 208 9 500 250
cat-Maine_Coon 0.0045250193 0 0 102 39
dog-english_cocker_spaniel 0.0044357968 0 94 66 231
dog-basset_hound 0.004435371 1 73 71 208
cat-Bengal 0.0044243075 474 118 500 187
cat-Egyptian_Mau 0.004388793 0 0 79 24
cat-British_Shorthair 0.0043867305 228 41 267 105
dog-basset_hound 0.0043508303 1 142 34 199
cat-Maine_Coon 0.0042111124 318 355 375 374
cat-British_Shorthair 0.004161825 0 0 344 197
dog-scottish_terrier 0.0041314047 0 0 385 244
dog-english_setter 0.0041275457 438 213 500 322
cat-Bombay 0.0040563755 339 1 477 39
cat-Maine_Coon 0.0040523917 474 118 500 187
dog-pug 0.004023892 107 0 259 37
cat-Siamese 0.003917398 107 0 259 37
cat-Siamese 0.003916259 340 0 479 43
dog-leonberger 0.0039109597 216 84 500 375
dog-american_bulldog 0.0038996488 0 0 402 266
dog-havanese 0.0038665428 224 30 371 246
dog-newfoundland 0.0038489155 141 32 366 324
dog-keeshond 0.0038116898 208 9 500 250
cat-Ragdoll 0.0038003274 228 41 267 105
dog-yorkshire_terrier 0.0037673137 208 9 500 250
dog-samoyed 0.0037497736 208 9 500 250
cat-Birman 0.003724137 208 9 500 250
dog-american_pit_bull_terrier 0.0037212204 438 213 500 322
dog-basset_hound 0.0036982622 0 153 28 211
dog-keeshond 0.0036765523 200 0 364 183
cat-Maine_Coon 0.0036683937 239 355 307 375
cat-Birman 0.0036519088 0 0 149 42
dog-basset_hound 0.0036124878 0 166 26 236
dog-miniature_pinscher 0.0036122582 482 288 500 321
dog-miniature_pinscher 0.0036034575 441 1 481 15
