dog-scottish_terrier 0.60170346 156 17 325 124
dog-yorkshire_terrier 0.46345246 156 17 325 124
cat-Bombay 0.29599348 157 15 324 124
dog-keeshond 0.12208648 158 17 320 124
dog-miniature_pinscher 0.11404542 158 18 321 132
dog-newfoundland 0.08365454 158 17 320 124
dog-chihuahua 0.034792658 156 17 322 127
cat-Bengal 0.030921048 157 15 324 124
dog-scottish_terrier 0.020564603 145 13 319 184
cat-Persian 0.01628752 158 15 324 124
dog-shiba_inu 0.015788665 142 16 322 124
dog-english_cocker_spaniel 0.015001475 158 15 324 124
cat-British_Shorthair 0.013788399 158 17 320 124
dog-staffordshire_bull_terrier 0.01293887 158 18 321 132
dog-english_cocker_spaniel 0.011183413 140 22 319 274
dog-wheaten_terrier 0.011153328 163 17 326 127
dog-newfoundland 0.01103678 223 48 322 122
dog-havanese 0.010578032 161 19 319 122
dog-german_shorthaired 0.010293129 156 17 322 127
dog-american_pit_bull_terrier 0.009790429 142 16 322 124
cat-Bengal 0.0096136015 140 22 319 274
dog-yorkshire_terrier 0.009345342 51 9 297 126
dog-pug 0.009175819 142 16 322 124
dog-pomeranian 0.008875879 6 0 125 86
cat-Bengal 0.008665677 0 8 333 254
cat-Maine_Coon 0.0085748015 157 15 324 124
cat-Bengal 0.0072352327 0 0 325 375
cat-Russian_Blue 0.0069921818 142 16 322 124
dog-wheaten_terrier 0.0069236066 174 0 500 176
dog-english_cocker_spaniel 0.0064348183 463 116 500 205
cat-Persian 0.006379159 451 0 500 87
cat-Egyptian_Mau 0.00606619 466 170 498 244
dog-great_pyrenees 0.005968408 152 0 215 21
dog-yorkshire_terrier 0.005769323 0 0 310 178
dog-miniature_pinscher 0.005765334 0 0 310 178
dog-basset_hound 0.0055746944 152 238 300 319
dog-wheaten_terrier 0.0055572377 160 6 500 259
dog-wheaten_terrier 0.0053839264 0 0 310 178
dog-yorkshire_terrier 0.005359601 174 0 500 176
cat-Bombay 0.005259577 313 0 456 26
dog-yorkshire_terrier 0.0051965634 207 6 494 120
dog-yorkshire_terrier 0.005099288 22 0 276 98
dog-scottish_terrier 0.0050169593 0 0 310 178
cat-Bengal 0.004958486 0 39 294 375
cat-Sphynx 0.0048765764 142 16 322 124
cat-Maine_Coon 0.00486514 296 0 346 15
dog-wheaten_terrier 0.00486139 0 8 333 254
dog-miniature_pinscher 0.0048198397 140 22 319 274
dog-english_cocker_spaniel 0.0048148427 471 127 500 197
cat-Egyptian_Mau 0.004800087 471 167 500 228
dog-miniature_pinscher 0.0047847787 180 10 373 122
cat-Bengal 0.004764669 0 0 310 178
dog-english_cocker_spaniel 0.0045593954 0 8 333 254
dog-pomeranian 0.0045428243 180 0 211 10
cat-Bombay 0.0045193634 161 16 199 77
dog-havanese 0.0044343253 174 0 500 176
dog-miniature_pinscher 0.0043891994 0 8 333 254
cat-Bombay 0.004363631 314 0 410 22
cat-Bombay 0.0043339087 292 0 382 21
dog-leonberger 0.004301315 158 43 500 375
cat-Siamese 0.004230091 0 0 138 44
dog-basset_hound 0.0042103147 2 273 32 333
dog-yorkshire_terrier 0.004203669 98 0 312 103
cat-Egyptian_Mau 0.004162017 469 185 500 258
dog-scottish_terrier 0.0041430984 0 8 333 254
cat-Persian 0.0041120355 0 298 90 375
dog-havanese 0.0040936004 160 6 500 259
dog-english_cocker_spaniel 0.0040736957 0 0 310 178
cat-Persian 0.004021888 332 324 487 374
cat-Persian 0.0039980863 449 0 500 48
cat-British_Shorthair 0.003981527 0 0 310 178
cat-Egyptian_Mau 0.003946044 109 244 154 267
dog-newfoundland 0.003900093 262 53 320 109
cat-Egyptian_Mau 0.003888512 0 39 294 375
cat-Bombay 0.0038880059 21 0 150 28
dog-scottish_terrier 0.00383232 163 16 395 148
dog-samoyed 0.0038305926 174 0 500 176
dog-yorkshire_terrier 0.003816082 0 0 184 92
dog-yorkshire_terrier 0.003793342 321 0 500 99
bella 0.0037636347 465 204 498 283
dog-yorkshire_terrier 0.0036981006 184 0 400 104
dog-yorkshire_terrier 0.0036867019 329 5 500 93
dog-wheaten_terrier 0.0036833654 0 39 294 375
bella 0.0036811857 2 273 32 333
cat-Persian 0.003628887 0 0 34 73
dog-keeshond 0.0036156317 0 312 107 375
cat-Maine_Coon 0.0036059187 57 0 116 20
cat-Egyptian_Mau 0.0035886627 96 1 175 27
dog-great_pyrenees 0.0035882604 180 0 211 10
dog-yorkshire_terrier 0.003564991 365 4 500 62
dog-yorkshire_terrier 0.0035457923 60 6 215 62
dog-english_cocker_spaniel 0.0034775152 160 6 500 259
cat-Bombay 0.0034596552 145 13 319 184
cat-Bombay 0.0034397936 184 158 246 196
cat-Birman 0.0034364671 8 0 110 22
dog-great_pyrenees 0.0034339777 124 0 189 21
cat-Bombay 0.0034309898 0 0 310 178
cat-Maine_Coon 0.0034299216 309 0 371 16
dog-great_pyrenees 0.003393471 173 0 241 22
cat-Bengal 0.003367763 10 22 312 335
