dog-scottish_terrier 0.916592 27 20 160 190
dog-shiba_inu 0.15939163 27 20 160 190
dog-wheaten_terrier 0.12814406 27 20 160 190
dog-miniature_pinscher 0.12132516 27 20 160 190
dog-newfoundland 0.103242934 27 20 162 182
cat-Bengal 0.103053585 27 20 160 190
dog-english_cocker_spaniel 0.09182484 27 20 160 190
dog-yorkshire_terrier 0.09091502 23 16 163 185
dog-keeshond 0.06411323 23 16 163 185
cat-Bombay 0.024084618 27 20 160 190
dog-chihuahua 0.023513008 27 20 160 190
cat-Maine_Coon 0.021610513 23 16 163 185
dog-samoyed 0.014418198 27 20 160 190
dog-havanese 0.014286271 27 20 162 182
cat-Bombay 0.011593739 24 51 59 129
dog-scottish_terrier 0.011088269 0 14 134 181
dog-havanese 0.010447052 55 0 500 184
dog-english_cocker_spaniel 0.010393874 38 118 148 181
dog-staffordshire_bull_terrier 0.010229437 27 20 162 182
dog-wheaten_terrier 0.0095458245 0 0 149 178
dog-scottish_terrier 0.009187259 3 228 36 292
dog-havanese 0.008787511 222 1 500 105
dog-yorkshire_terrier 0.008513508 94 0 500 125
dog-havanese 0.007948041 155 0 500 86
cat-Persian 0.0077896267 445 0 499 55
dog-havanese 0.0075527295 94 0 500 125
dog-wheaten_terrier 0.007388564 368 3 500 125
dog-german_shorthaired 0.0073092175 27 20 160 190
dog-japanese_chin 0.0069763795 5 21 500 316
dog-saint_bernard 0.0069631496 11 42 500 335
dog-havanese 0.006944801 22 22 500 259
dog-newfoundland 0.006930567 24 51 59 129
dog-english_cocker_spaniel 0.00683589 0 0 149 178
dog-american_pit_bull_terrier 0.0067792926 29 11 162 192
cat-Russian_Blue 0.006350002 229 0 372 31
dog-wheaten_terrier 0.0060306494 0 0 203 234
dog-samoyed 0.005955409 223 0 476 49
dog-basset_hound 0.0059102476 24 54 59 136
dog-havanese 0.0058447383 0 0 203 234
dog-wheaten_terrier 0.005818616 194 5 500 140
cat-British_Shorthair 0.005789406 24 51 59 129
dog-german_shorthaired 0.005730027 24 51 59 129
cat-Bengal 0.005560219 0 0 149 178
cat-Bengal 0.005538349 24 54 59 136
cat-Bombay 0.0054605976 215 0 372 26
dog-scottish_terrier 0.0053504757 0 0 203 234
cat-Ragdoll 0.0053275996 18 24 500 335
dog-newfoundland 0.005167981 0 0 203 234
dog-samoyed 0.0051508774 1 5 61 73
dog-yorkshire_terrier 0.0051469305 155 0 500 86
dog-german_shorthaired 0.00510387 0 0 203 234
bella 0.0050929566 467 124 498 198
dog-miniature_pinscher 0.0049970206 0 0 149 178
dog-leonberger 0.0049943943 24 51 59 129
cat-British_Shorthair 0.0049505667 27 20 160 190
dog-chihuahua 0.004869642 202 0 378 34
dog-american_pit_bull_terrier 0.004827969 146 0 377 44
dog-boxer 0.004824719 24 51 59 129
dog-havanese 0.004742345 374 25 500 177
cat-Egyptian_Mau 0.0046906834 24 51 59 129
dog-leonberger 0.004683694 5 21 500 316
dog-wheaten_terrier 0.0046443185 361 71 500 298
dog-wheaten_terrier 0.004631509 24 51 59 129
dog-samoyed 0.0045735817 170 0 408 43
dog-shiba_inu 0.004573265 0 0 149 178
cat-Russian_Blue 0.0045434497 265 0 418 32
dog-havanese 0.0045390436 305 168 398 222
dog-leonberger 0.0045247143 202 0 378 34
cat-Birman 0.0044026747 18 24 500 335
dog-scottish_terrier 0.004338782 27 58 62 134
dog-yorkshire_terrier 0.004334209 0 0 203 234
cat-Bombay 0.0042728796 153 0 307 27
dog-havanese 0.004225241 292 166 373 229
dog-wheaten_terrier 0.0042127506 29 22 472 257
cat-Bombay 0.0042020585 316 0 470 27
dog-wheaten_terrier 0.0042018346 380 53 500 233
dog-american_pit_bull_terrier 0.004180185 0 0 203 234
bella 0.0041778577 2 4 41 59
cat-British_Shorthair 0.0041691256 34 31 381 335
dog-yorkshire_terrier 0.004151048 25 51 65 137
bella 0.0041185436 0 15 30 67
cat-Egyptian_Mau 0.0041057686 474 232 500 293
cat-Persian 0.004102568 55 0 500 184
dog-wheaten_terrier 0.0040721116 374 25 500 177
cat-Bengal 0.0040627164 474 223 500 286
dog-wheaten_terrier 0.0040257787 55 0 500 184
dog-american_pit_bull_terrier 0.003962229 178 0 352 34
dog-newfoundland 0.0039502936 0 22 147 222
dog-english_setter 0.0039375946 27 19 162 192
dog-wheaten_terrier 0.0038997666 0 224 34 289
dog-scottish_terrier 0.0038417554 0 234 28 290
cat-Russian_Blue 0.0038344413 24 51 59 129
dog-wheaten_terrier 0.0038113098 327 0 500 106
dog-wheaten_terrier 0.0037785084 1 5 61 73
dog-newfoundland 0.0037433642 38 118 148 181
dog-yorkshire_terrier 0.0037062808 354 0 497 39
cat-Persian 0.003666303 438 1 499 33
dog-yorkshire_terrier 0.0036556586 485 0 500 17
dog-havanese 0.0036379513 334 5 500 130
cat-Persian 0.0035906702 94 0 500 125
