cat-Sphynx 0.6312333 179 31 346 248
dog-shiba_inu 0.5789378 179 31 346 248
dog-chihuahua 0.25425214 178 31 346 249
dog-staffordshire_bull_terrier 0.15346883 176 31 345 248
cat-Bengal 0.12919179 1 0 41 92
dog-miniature_pinscher 0.11731549 178 31 346 249
dog-chihuahua 0.025678769 177 1 500 262
dog-leonberger 0.024186702 190 170 273 245
dog-shiba_inu 0.021448102 177 1 500 262
dog-american_pit_bull_terrier 0.02107576 175 29 348 244
dog-leonberger 0.01650755 363 0 458 23
cat-Sphynx 0.015544028 177 1 500 262
cat-Egyptian_Mau 0.015013846 331 0 405 22
cat-Russian_Blue 0.014744094 176 30 345 248
cat-Egyptian_Mau 0.013669308 0 1 38 76
dog-scottish_terrier 0.013322089 176 29 345 249
dog-leonberger 0.012739609 346 0 422 19
dog-american_pit_bull_terrier 0.012385744 0 7 198 80
cat-Siamese 0.012024848 370 0 500 39
dog-shiba_inu 0.011832976 309 0 391 24
cat-Ragdoll 0.011335323 309 0 391 24
dog-shiba_inu 0.010497379 340 0 428 23
cat-Egyptian_Mau 0.0099762725 309 0 391 24
dog-miniature_pinscher 0.009865145 177 1 500 262
dog-staffordshire_bull_terrier 0.009610882 372 2 500 54
cat-Bengal 0.0088597825 0 3 368 243
dog-shiba_inu 0.008710783 179 129 335 249
cat-Bengal 0.0084536895 0 0 37 68
cat-Abyssinian 0.008303632 179 30 347 250
cat-Siamese 0.008291143 178 30 347 248
cat-Siamese 0.00823014 309 0 391 24
dog-great_pyrenees 0.007911557 357 0 465 23
dog-shiba_inu 0.007850791 0 0 50 95
dog-american_bulldog 0.0077293473 332 0 407 19
dog-wheaten_terrier 0.0076466086 346 0 422 19
cat-Sphynx 0.007563359 372 2 500 54
dog-shiba_inu 0.0075559216 372 2 500 54
cat-Bengal 0.00754134 0 16 38 101
cat-Egyptian_Mau 0.0074881185 346 0 422 19
dog-english_setter 0.007484544 346 0 422 19
cat-Siamese 0.0072580418 177 1 500 262
dog-shiba_inu 0.0072158356 332 0 407 19
cat-Maine_Coon 0.007064946 299 0 395 25
dog-boxer 0.007059335 370 0 500 39
cat-Ragdoll 0.0069427295 331 0 405 22
dog-shiba_inu 0.0068904893 135 1 377 265
dog-beagle 0.0068472046 178 32 353 246
cat-Birman 0.0068002944 370 0 500 39
dog-staffordshire_bull_terrier 0.006774177 140 29 500 375
dog-keeshond 0.0067629414 346 0 422 19
cat-Egyptian_Mau 0.0067370334 370 0 500 39
dog-shiba_inu 0.006622472 133 1 227 45
dog-american_pit_bull_terrier 0.006581922 293 0 428 38
dog-shiba_inu 0.006572697 281 0 378 36
dog-shiba_inu 0.0065443628 4 3 140 86
cat-Bengal 0.0064542154 332 0 407 19
dog-staffordshire_bull_terrier 0.00644456 180 63 500 375
dog-samoyed 0.006427089 332 0 407 19
dog-american_bulldog 0.0063862633 370 0 500 39
dog-staffordshire_bull_terrier 0.0063861418 177 1 500 262
cat-Sphynx 0.0063568265 183 36 333 127
dog-miniature_pinscher 0.0062542977 0 3 368 243
dog-shiba_inu 0.006235802 172 24 427 302
dog-basset_hound 0.00621897 0 3 39 83
dog-american_pit_bull_terrier 0.0061736214 85 0 233 41
dog-american_pit_bull_terrier 0.006162905 180 63 500 375
dog-miniature_pinscher 0.006158278 1 312 15 351
dog-wheaten_terrier 0.006120141 0 3 39 83
dog-keeshond 0.0060184104 186 182 275 246
cat-Abyssinian 0.005881406 309 0 391 24
dog-leonberger 0.005862306 331 0 405 22
dog-great_pyrenees 0.0057963985 309 0 391 24
dog-shiba_inu 0.005753371 432 162 500 300
cat-Maine_Coon 0.0056985617 177 1 500 262
cat-Abyssinian 0.0055861417 177 1 500 262
cat-Sphynx 0.005469949 0 3 368 243
cat-Russian_Blue 0.0054652346 370 0 500 39
dog-american_bulldog 0.005460261 309 0 391 24
dog-american_pit_bull_terrier 0.0054039876 177 1 500 262
dog-leonberger 0.00538491 0 106 30 185
dog-english_setter 0.0053347857 178 32 353 246
dog-great_pyrenees 0.005328193 331 0 405 22
cat-Egyptian_Mau 0.005328026 350 0 446 23
dog-great_pyrenees 0.005318213 341 0 483 37
cat-Egyptian_Mau 0.005259856 0 8 49 105
dog-boxer 0.0052307565 178 32 353 246
cat-British_Shorthair 0.0052221194 0 3 368 243
dog-great_pyrenees 0.005221042 356 0 437 20
cat-Birman 0.0051846784 309 0 391 24
dog-miniature_pinscher 0.0050245 0 1 38 76
cat-Abyssinian 0.0049854214 1 1 43 94
cat-Siamese 0.0049698087 331 0 405 22
cat-Abyssinian 0.0049442193 331 0 405 22
dog-leonberger 0.0048719 188 195 261 244
dog-wheaten_terrier 0.004871216 350 0 446 23
dog-shiba_inu 0.004865235 341 0 483 37
cat-Siamese 0.00485919 316 0 457 38
cat-Bengal 0.0048530125 474 250 500 320
dog-basset_hound 0.0048497454 429 198 500 357
cat-Abyssinian 0.0048343623 370 0 500 39
