cat-Ragdoll 0.9471845 141 139 230 267
cat-Egyptian_Mau 0.19740035 141 141 230 267
dog-american_bulldog 0.08973451 141 140 230 266
dog-shiba_inu 0.06435256 141 141 230 267
cat-Abyssinian 0.05087161 141 141 230 267
cat-Siamese 0.049140647 141 141 230 267
cat-British_Shorthair 0.041562278 141 141 230 267
bella 0.040713415 141 141 230 267
dog-pomeranian 0.03618851 140 140 229 267
cat-Maine_Coon 0.030164165 141 141 230 267
dog-samoyed 0.029302225 140 140 229 267
cat-Birman 0.025826111 142 140 230 266
dog-leonberger 0.01997323 0 185 20 298
dog-keeshond 0.01833831 140 140 229 267
dog-great_pyrenees 0.0181177 140 140 229 267
dog-newfoundland 0.014022488 0 185 20 298
cat-Bombay 0.0135941915 0 185 20 298
dog-japanese_chin 0.012659585 142 140 230 266
dog-american_bulldog 0.012527095 63 116 222 266
dog-basset_hound 0.012275593 0 196 20 311
cat-Birman 0.010970503 0 185 20 298
cat-Egyptian_Mau 0.0104959225 0 185 20 298
dog-boxer 0.010377301 0 196 20 311
cat-Persian 0.009800614 142 140 230 266
dog-staffordshire_bull_terrier 0.00955276 0 185 20 298
dog-beagle 0.009387175 141 141 230 267
cat-Siamese 0.009106044 0 185 20 298
dog-yorkshire_terrier 0.009050319 0 86 22 176
cat-Russian_Blue 0.008641233 0 196 20 311
cat-Ragdoll 0.008578872 0 185 20 298
cat-Ragdoll 0.008422951 63 116 222 266
cat-Egyptian_Mau 0.007933028 0 246 19 361
dog-yorkshire_terrier 0.0076699317 0 185 20 298
cat-British_Shorthair 0.007302695 0 185 20 298
dog-basset_hound 0.006837788 0 234 20 347
bella 0.0068216478 1 297 92 500
cat-Bengal 0.006651492 0 185 20 298
cat-Bombay 0.0063222293 220 0 333 76
cat-Egyptian_Mau 0.0063120704 313 76 334 189
dog-japanese_chin 0.0061762673 0 185 20 298
dog-german_shorthaired 0.0059717726 0 185 20 298
cat-Bombay 0.00595081 0 0 52 27
dog-wheaten_terrier 0.005923203 0 36 238 325
dog-saint_bernard 0.00590005 141 141 230 267
dog-basset_hound 0.0058792955 20 49 49 73
cat-British_Shorthair 0.005855174 311 0 334 19
cat-British_Shorthair 0.0057885884 63 116 222 266
dog-english_cocker_spaniel 0.0057557365 0 185 20 298
cat-Maine_Coon 0.005617596 0 246 19 361
dog-american_pit_bull_terrier 0.0056003677 0 95 141 223
cat-Russian_Blue 0.0055594333 80 0 180 45
dog-keeshond 0.005404113 0 185 20 298
dog-american_bulldog 0.005336463 0 185 20 298
cat-Abyssinian 0.005333303 0 185 20 298
cat-Russian_Blue 0.005300532 141 141 230 267
dog-american_bulldog 0.0053003253 97 131 142 167
dog-leonberger 0.005235381 0 221 20 334
cat-Ragdoll 0.005177335 0 221 20 334
dog-american_bulldog 0.005152637 0 85 227 293
dog-yorkshire_terrier 0.0050740177 2 82 115 243
cat-Persian 0.0048861406 0 185 20 298
dog-leonberger 0.0047553196 0 122 173 500
dog-pug 0.004750249 0 185 20 298
dog-american_pit_bull_terrier 0.004646331 0 185 20 298
dog-chihuahua 0.0046018925 114 43 334 334
dog-wheaten_terrier 0.004575727 0 175 20 285
dog-boxer 0.004566181 99 140 143 178
cat-Egyptian_Mau 0.004558922 0 283 19 400
bella 0.0045376904 0 209 20 322
dog-english_setter 0.004520595 0 185 20 298
dog-basset_hound 0.0044559017 141 141 230 267
dog-saint_bernard 0.00442013 0 185 20 298
dog-scottish_terrier 0.0042858017 0 185 20 298
cat-British_Shorthair 0.0042735697 0 246 19 361
cat-Egyptian_Mau 0.004180856 0 177 17 265
bella 0.0041172467 2 317 21 441
bella 0.00405574 0 175 20 285
dog-staffordshire_bull_terrier 0.004044803 229 229 276 257
cat-British_Shorthair 0.0040445128 0 98 258 419
dog-pomeranian 0.004002762 0 185 20 298
cat-Persian 0.003964448 0 246 19 361
dog-american_pit_bull_terrier 0.0039326716 0 62 176 238
cat-Maine_Coon 0.003925683 0 185 20 298
dog-yorkshire_terrier 0.003922969 0 114 21 218
dog-leonberger 0.0038969284 0 165 20 258
dog-american_bulldog 0.0038669987 99 140 143 178
dog-pomeranian 0.003835673 118 0 334 259
cat-British_Shorthair 0.0038187033 0 36 238 325
dog-american_pit_bull_terrier 0.0038084376 4 104 58 282
dog-havanese 0.003803813 0 185 20 298
dog-chihuahua 0.0037723854 0 185 20 298
dog-basset_hound 0.0037208563 0 270 19 387
cat-Bengal 0.0037127146 311 42 332 137
cat-Egyptian_Mau 0.0036087378 0 217 17 316
dog-pug 0.0035174415 63 116 222 266
cat-Russian_Blue 0.0035139136 126 0 234 49
cat-Ragdoll 0.0034770274 146 155 208 264
dog-miniature_pinscher 0.003462846 0 185 20 298
dog-boxer 0.0034424474 63 116 222 266
dog-beagle 0.0033786218 0 196 20 311
