dog-shiba_inu 0.4609585 55 49 392 373
dog-staffordshire_bull_terrier 0.4402768 55 49 392 373
cat-Russian_Blue 0.34868807 55 49 392 373
cat-Sphynx 0.28863725 53 49 389 359
dog-chihuahua 0.14639802 53 49 389 359
dog-scottish_terrier 0.07370789 52 45 384 370
cat-Siamese 0.047822595 58 49 389 370
dog-miniature_pinscher 0.04229637 52 45 384 370
dog-keeshond 0.03673648 58 49 389 370
cat-Bengal 0.03353899 52 45 384 370
dog-staffordshire_bull_terrier 0.029869018 21 38 395 500
dog-basset_hound 0.0201267 58 49 389 370
dog-american_pit_bull_terrier 0.017731814 58 49 389 370
dog-american_pit_bull_terrier 0.01608101 21 38 395 500
cat-Maine_Coon 0.01545985 52 45 384 370
dog-shiba_inu 0.010853213 21 38 395 500
dog-german_shorthaired 0.01025765 0 29 395 413
dog-beagle 0.010197854 47 46 384 351
dog-miniature_pinscher 0.010173033 21 38 395 500
cat-Egyptian_Mau 0.009944124 58 49 389 370
cat-Siamese 0.009805589 202 0 266 26
cat-Bombay 0.008683133 0 29 395 413
dog-miniature_pinscher 0.008350715 33 33 204 357
dog-boxer 0.008197561 231 2 265 19
dog-scottish_terrier 0.00814681 21 38 395 500
dog-leonberger 0.00788169 52 45 384 370
dog-staffordshire_bull_terrier 0.0075064665 0 260 28 365
cat-Abyssinian 0.007315094 49 52 392 363
dog-american_bulldog 0.0070503335 47 46 384 351
cat-Birman 0.0062605185 251 0 282 12
dog-chihuahua 0.006230453 21 38 395 500
dog-english_setter 0.006099973 0 29 395 413
cat-British_Shorthair 0.0058523067 52 45 384 370
dog-english_cocker_spaniel 0.0057807476 0 29 395 413
dog-american_bulldog 0.0057390067 21 38 395 500
cat-Russian_Blue 0.0056164106 21 38 395 500
dog-samoyed 0.0056004315 47 46 384 351
dog-japanese_chin 0.0055319765 61 46 188 245
dog-shiba_inu 0.0054700915 56 49 248 336
cat-Bombay 0.0054638092 100 1 136 14
dog-german_shorthaired 0.005377042 2 283 29 388
dog-basset_hound 0.005325368 0 306 23 395
cat-Bombay 0.0053197416 308 0 378 25
dog-shiba_inu 0.005293758 175 48 386 335
cat-Birman 0.0052503995 216 0 277 26
dog-wheaten_terrier 0.005194511 64 67 113 105
cat-Bengal 0.0051566893 21 38 395 500
dog-newfoundland 0.0051277657 0 274 28 378
dog-boxer 0.005094278 162 330 198 369
dog-scottish_terrier 0.0050277864 56 49 248 336
cat-Siamese 0.005002227 186 1 258 32
dog-boxer 0.004950184 0 29 395 413
bella 0.004902839 52 51 387 361
dog-beagle 0.0048950217 0 318 23 404
cat-Abyssinian 0.004880642 21 38 395 500
cat-Birman 0.004838606 60 42 388 367
dog-staffordshire_bull_terrier 0.0047825794 175 48 386 335
cat-Birman 0.004753025 248 0 311 27
dog-leonberger 0.0046924422 21 38 395 500
cat-Maine_Coon 0.004657866 21 38 395 500
cat-Egyptian_Mau 0.004630283 0 330 23 412
dog-basset_hound 0.0045596315 21 38 395 500
cat-Bombay 0.004480842 253 0 322 27
dog-yorkshire_terrier 0.004439844 21 38 395 500
dog-german_shorthaired 0.0044335527 0 294 24 385
cat-Sphynx 0.004412976 175 48 386 335
cat-British_Shorthair 0.0043999767 303 1 335 14
cat-Russian_Blue 0.004294883 81 0 432 318
cat-Egyptian_Mau 0.004291687 21 38 395 500
cat-Persian 0.004273488 277 0 311 12
cat-Siamese 0.00425799 248 0 311 27
cat-Bombay 0.0042376737 326 0 396 26
cat-Siamese 0.0042161583 229 0 288 26
dog-newfoundland 0.0042114803 0 29 395 413
cat-Siamese 0.0041867127 116 322 163 362
dog-yorkshire_terrier 0.0041682743 60 42 228 308
dog-boxer 0.004168229 202 0 266 26
dog-basset_hound 0.004133666 2 283 29 388
cat-Siamese 0.0040689087 21 38 395 500
cat-Ragdoll 0.004020805 216 0 277 26
dog-shiba_inu 0.0039953017 81 0 432 318
dog-boxer 0.0039872057 195 368 237 399
dog-chihuahua 0.003927305 56 49 248 336
cat-Bombay 0.0039148345 360 0 391 11
dog-pug 0.0039036088 0 29 395 413
cat-Bombay 0.0038871863 269 0 343 26
cat-Sphynx 0.0038662935 21 38 395 500
dog-pomeranian 0.003862958 81 0 432 318
cat-Siamese 0.0038284296 219 3 283 34
dog-shiba_inu 0.0038202514 86 76 175 109
cat-Birman 0.0038040532 61 46 188 245
cat-Egyptian_Mau 0.0037996378 81 0 432 318
bella 0.0037873841 21 38 395 500
dog-wheaten_terrier 0.00372159 0 29 395 413
dog-staffordshire_bull_terrier 0.0036167263 170 96 223 132
dog-pomeranian 0.0035415895 49 52 392 363
dog-samoyed 0.003512156 115 0 432 283
dog-german_shorthaired 0.0035095066 1 253 34 366
dog-samoyed 0.003476631 86 76 175 109
dog-beagle 0.0034674974 186 328 239 361
