dog-shiba_inu 0.7787707 92 0 360 247
dog-american_pit_bull_terrier 0.28098035 93 2 361 250
dog-staffordshire_bull_terrier 0.19227861 92 0 360 247
dog-chihuahua 0.16137247 92 0 360 247
dog-newfoundland 0.07699978 0 255 56 346
dog-american_bulldog 0.055908374 93 0 367 247
dog-leonberger 0.04593133 0 255 56 346
cat-Sphynx 0.042183682 92 0 359 244
dog-american_bulldog 0.034866497 0 256 55 341
dog-scottish_terrier 0.029400045 92 0 359 244
dog-pomeranian 0.028657911 93 0 367 247
dog-boxer 0.028451297 0 255 56 346
dog-miniature_pinscher 0.026684089 91 0 360 248
cat-Persian 0.019471718 92 0 143 23
dog-samoyed 0.01870028 90 0 366 241
dog-german_shorthaired 0.017208567 0 255 56 346
dog-english_setter 0.016252276 0 255 56 346
cat-Persian 0.014672489 71 0 140 19
cat-Siamese 0.013771946 93 0 367 247
cat-Persian 0.013040604 441 1 499 31
dog-american_pit_bull_terrier 0.011080638 0 256 54 344
cat-Birman 0.0109316455 361 0 500 40
cat-Egyptian_Mau 0.010623453 0 108 30 195
dog-saint_bernard 0.010452255 0 255 56 346
dog-american_bulldog 0.010180555 0 0 337 197
cat-Egyptian_Mau 0.01005569 0 80 31 170
dog-shiba_inu 0.009769164 0 0 369 266
dog-keeshond 0.00923937 0 0 361 246
dog-beagle 0.009231245 93 0 367 247
dog-pomeranian 0.009185423 461 0 498 23
cat-Maine_Coon 0.009009305 92 0 359 244
dog-pug 0.008967163 93 0 367 247
cat-Persian 0.008947193 419 0 494 22
dog-beagle 0.007940142 0 0 337 197
dog-staffordshire_bull_terrier 0.007876643 0 256 54 344
cat-Ragdoll 0.007874523 71 0 140 19
dog-american_pit_bull_terrier 0.007528602 24 0 151 41
cat-Egyptian_Mau 0.0074166427 0 52 31 141
cat-Russian_Blue 0.007281053 92 0 359 244
bella 0.0070151268 92 0 358 250
cat-Abyssinian 0.0069124186 93 0 367 247
cat-Persian 0.0068650385 100 0 160 19
dog-leonberger 0.006845554 268 346 353 372
cat-Egyptian_Mau 0.006813999 0 26 30 113
cat-Birman 0.006788501 71 0 140 19
cat-Persian 0.006650484 381 0 480 21
dog-leonberger 0.0065565608 467 171 499 231
dog-wheaten_terrier 0.0065003852 276 3 355 38
dog-boxer 0.0064098495 93 0 367 247
dog-leonberger 0.006256236 0 0 361 246
dog-leonberger 0.0062256986 453 169 498 242
cat-Birman 0.0060653705 350 0 444 22
dog-basset_hound 0.0058035664 0 70 31 161
dog-leonberger 0.0057897386 2 259 86 369
cat-Ragdoll 0.0057562278 0 0 361 246
cat-Sphynx 0.005684478 0 0 337 197
cat-Persian 0.005646442 379 0 500 28
dog-english_setter 0.005510805 93 0 367 247
dog-american_bulldog 0.0055081765 24 0 151 41
cat-Ragdoll 0.0053908406 92 0 143 23
dog-basset_hound 0.0051875915 0 99 30 187
cat-Birman 0.005180769 37 0 125 20
dog-english_setter 0.005131523 2 257 78 364
cat-Birman 0.0050899424 331 6 500 58
cat-Siamese 0.0050646695 67 0 120 13
dog-beagle 0.0050592925 30 3 152 58
dog-boxer 0.0050503165 24 0 151 41
dog-leonberger 0.004883366 222 231 294 257
cat-Bengal 0.0048394348 269 1 313 11
cat-Egyptian_Mau 0.004834149 0 0 337 197
dog-german_shorthaired 0.0047837365 24 0 151 41
dog-great_pyrenees 0.004776362 93 0 367 247
dog-pomeranian 0.0047706156 111 0 155 9
cat-Maine_Coon 0.0045877774 86 0 139 13
cat-Egyptian_Mau 0.0045555104 93 0 367 247
cat-Bengal 0.004513412 0 90 30 179
dog-german_shorthaired 0.0045080525 358 12 500 179
dog-beagle 0.004462095 24 0 151 41
cat-Bengal 0.0043638796 122 0 275 47
dog-american_bulldog 0.0043008192 361 0 500 40
dog-american_bulldog 0.004295381 71 0 140 19
dog-great_pyrenees 0.004278759 361 0 500 40
cat-Egyptian_Mau 0.004269487 355 4 500 56
dog-yorkshire_terrier 0.0042534415 0 0 361 246
dog-samoyed 0.0042246715 0 0 369 266
dog-chihuahua 0.004221856 0 0 357 288
dog-basset_hound 0.004184755 0 43 31 132
cat-British_Shorthair 0.004123054 0 0 337 197
cat-Birman 0.0040873457 381 0 480 21
dog-miniature_pinscher 0.0040686186 480 178 500 221
cat-Russian_Blue 0.0040293266 0 0 337 197
dog-japanese_chin 0.0040197913 441 1 499 31
dog-beagle 0.0040195677 1 256 68 341
dog-wheaten_terrier 0.0039747986 0 0 361 246
cat-Maine_Coon 0.0039648963 474 203 500 274
dog-chihuahua 0.0039627384 130 0 500 243
cat-Ragdoll 0.00391211 441 1 499 31
dog-leonberger 0.003907246 99 0 142 10
cat-Bengal 0.0038438295 0 0 361 246
dog-american_pit_bull_terrier 0.0038415564 130 0 500 243
