dog-shiba_inu 0.65890104 117 111 197 203
dog-american_bulldog 0.4134382 119 111 198 206
cat-Ragdoll 0.3632622 118 113 198 206
dog-keeshond 0.33270007 117 111 197 203
cat-Russian_Blue 0.32824516 120 110 198 207
cat-Siamese 0.25985387 118 113 198 206
dog-staffordshire_bull_terrier 0.17393188 120 111 199 206
cat-Egyptian_Mau 0.17361638 119 111 198 206
cat-Birman 0.12794751 118 113 198 206
dog-samoyed 0.12222339 117 111 197 203
cat-British_Shorthair 0.09803445 119 111 198 206
bella 0.096104905 119 111 198 206
dog-pomeranian 0.08642148 118 113 198 206
cat-Abyssinian 0.05656368 118 113 198 206
cat-Maine_Coon 0.053190246 120 111 199 206
dog-chihuahua 0.039320488 118 113 198 206
dog-scottish_terrier 0.02515296 120 111 199 206
dog-american_pit_bull_terrier 0.021247365 120 111 199 206
dog-beagle 0.017510336 118 113 198 206
cat-Bombay 0.01746778 23 0 192 39
dog-pug 0.017292112 120 111 199 206
dog-japanese_chin 0.015686331 118 113 198 206
dog-saint_bernard 0.01440973 118 113 198 206
dog-saint_bernard 0.013944199 271 230 320 257
cat-Bombay 0.012876517 67 0 240 34
dog-american_pit_bull_terrier 0.012678583 361 58 500 376
dog-basset_hound 0.01208722 276 331 359 365
dog-great_pyrenees 0.011757425 117 110 197 202
cat-Bengal 0.01084455 118 113 198 206
dog-english_setter 0.010104772 118 113 198 206
cat-Sphynx 0.010062895 120 111 199 206
dog-boxer 0.009578216 118 113 198 206
dog-basset_hound 0.009131511 120 111 199 206
cat-Persian 0.008224829 117 110 197 202
cat-Birman 0.008156719 17 0 177 47
dog-leonberger 0.008144048 120 111 199 206
cat-Bombay 0.0078819925 148 0 316 35
dog-pomeranian 0.0070314608 435 135 500 275
dog-american_pit_bull_terrier 0.0069749993 212 0 500 284
cat-Egyptian_Mau 0.006791186 0 285 32 387
cat-Egyptian_Mau 0.0064174524 4 282 70 312
dog-american_pit_bull_terrier 0.0060606576 167 29 500 323
dog-yorkshire_terrier 0.0056922347 335 0 500 114
dog-samoyed 0.0055699646 416 146 500 293
cat-Egyptian_Mau 0.005527406 270 334 335 365
dog-newfoundland 0.005488371 0 20 31 125
bella 0.005477035 0 256 28 317
dog-wheaten_terrier 0.0054502105 0 285 32 387
dog-american_pit_bull_terrier 0.0054417155 198 90 500 406
cat-Russian_Blue 0.0053261286 197 0 360 34
cat-Bombay 0.0052412427 197 0 360 34
cat-Egyptian_Mau 0.0051033203 467 304 500 402
dog-basset_hound 0.0050882474 273 321 367 361
dog-yorkshire_terrier 0.005001767 120 111 199 206
dog-american_bulldog 0.004716417 178 104 500 393
cat-Bombay 0.0044727796 4 0 147 36
cat-Bengal 0.004457287 270 334 335 365
bella 0.004452364 1 275 32 337
dog-english_cocker_spaniel 0.0044205203 0 20 31 125
cat-Bombay 0.0043826653 120 0 267 31
cat-Bombay 0.0043425425 279 0 430 35
dog-basset_hound 0.0042841765 0 285 32 387
dog-wheaten_terrier 0.004244704 120 111 199 206
cat-Bombay 0.004181821 19 0 126 29
dog-pug 0.00414801 17 0 177 47
dog-american_bulldog 0.0041155675 167 29 500 323
dog-yorkshire_terrier 0.0039679348 375 5 500 242
cat-Bombay 0.0039563654 100 0 213 32
cat-Bengal 0.0039160694 0 285 32 387
cat-Egyptian_Mau 0.0038904038 273 329 363 369
dog-newfoundland 0.0038638553 5 10 79 148
bella 0.00384717 460 69 499 171
dog-havanese 0.003844671 235 258 286 273
cat-Persian 0.0038388988 464 150 500 248
dog-basset_hound 0.003742541 246 261 426 369
dog-american_bulldog 0.0037211534 173 0 500 236
cat-Egyptian_Mau 0.0037172541 38 284 97 309
dog-german_shorthaired 0.0037023632 120 111 199 206
cat-Egyptian_Mau 0.0036889287 277 231 320 257
cat-Bombay 0.0036826949 169 0 351 49
cat-Siamese 0.0036508297 17 0 177 47
dog-staffordshire_bull_terrier 0.0036080575 133 108 358 241
dog-wheaten_terrier 0.003607228 69 283 113 310
cat-Egyptian_Mau 0.003586338 0 0 28 42
cat-Maine_Coon 0.0035735571 0 285 32 387
dog-english_cocker_spaniel 0.0035390728 0 285 32 387
cat-Bombay 0.00351363 123 0 304 49
dog-great_pyrenees 0.0035088682 4 282 70 312
cat-Russian_Blue 0.0035077175 12 283 88 310
dog-american_pit_bull_terrier 0.0035032022 364 12 500 230
dog-american_pit_bull_terrier 0.003482031 346 141 500 437
cat-Egyptian_Mau 0.003480497 460 294 500 415
dog-yorkshire_terrier 0.0034787545 377 0 500 153
cat-Bombay 0.0034680096 52 0 164 35
dog-staffordshire_bull_terrier 0.0034075947 123 111 191 161
cat-Russian_Blue 0.0033905727 67 0 240 34
cat-Bengal 0.0033895837 273 329 363 369
dog-wheaten_terrier 0.0033715551 60 283 100 312
cat-Egyptian_Mau 0.0033212502 258 336 307 367
cat-Bombay 0.0033007322 291 0 396 27
