cat-Russian_Blue 0.2675762 141 157 268 279
cat-Siamese 0.17296998 141 157 268 279
cat-Birman 0.09119471 141 157 268 279
dog-staffordshire_bull_terrier 0.07650593 139 160 260 287
cat-British_Shorthair 0.06548788 139 160 272 288
dog-boxer 0.06327683 140 159 263 274
dog-keeshond 0.05991743 139 160 272 288
cat-Sphynx 0.058364026 141 157 268 279
dog-pug 0.047783494 141 157 268 279
cat-Bombay 0.042811055 138 159 277 292
dog-shiba_inu 0.030091148 141 157 268 279
dog-american_bulldog 0.020391073 140 159 263 274
dog-yorkshire_terrier 0.014991515 135 15 257 118
cat-Abyssinian 0.014891589 140 159 263 274
cat-Egyptian_Mau 0.014641225 141 157 268 279
dog-scottish_terrier 0.01380077 139 160 272 288
dog-american_pit_bull_terrier 0.011664698 140 159 263 274
dog-yorkshire_terrier 0.011104474 243 6 333 74
cat-British_Shorthair 0.010375248 65 246 89 261
dog-chihuahua 0.009649101 141 157 268 279
cat-Egyptian_Mau 0.009172183 0 189 322 500
cat-Egyptian_Mau 0.009002974 127 213 329 500
cat-Egyptian_Mau 0.008503813 191 291 330 500
dog-basset_hound 0.008273092 73 239 121 291
cat-Ragdoll 0.008073366 141 157 268 279
dog-basset_hound 0.008010751 140 163 237 277
dog-german_shorthaired 0.0076753916 140 163 237 277
cat-British_Shorthair 0.0076650837 275 135 295 148
dog-leonberger 0.0075483373 139 160 272 288
cat-Bengal 0.007351907 107 0 170 28
dog-miniature_pinscher 0.0072898534 182 1 207 12
cat-Bombay 0.0067793215 100 0 163 28
cat-Egyptian_Mau 0.0064616282 0 41 333 453
bella 0.006308177 127 213 329 500
dog-newfoundland 0.0061963247 139 160 272 288
cat-Bengal 0.0060914014 139 160 272 288
dog-pomeranian 0.0060506873 89 0 333 331
dog-english_cocker_spaniel 0.0059604724 54 245 77 262
cat-Persian 0.005914721 146 155 287 296
cat-Bengal 0.0058345343 0 0 293 325
dog-english_cocker_spaniel 0.005556271 54 241 77 258
dog-yorkshire_terrier 0.005535304 227 0 333 130
cat-Maine_Coon 0.0055037932 94 0 175 37
cat-British_Shorthair 0.0053143874 274 129 296 144
dog-staffordshire_bull_terrier 0.0052236724 127 213 329 500
dog-english_cocker_spaniel 0.00517958 0 0 247 253
cat-Bombay 0.0051550725 94 0 175 37
dog-havanese 0.0051473067 164 0 333 350
dog-basset_hound 0.005136416 0 242 314 500
cat-Egyptian_Mau 0.004961157 313 345 333 451
cat-Bombay 0.0049482677 191 2 213 11
dog-miniature_pinscher 0.0048482637 140 163 237 277
cat-Egyptian_Mau 0.004779198 0 0 293 325
cat-Bengal 0.0047376235 73 239 121 291
cat-Siamese 0.0047206716 324 293 333 330
cat-Russian_Blue 0.0046521304 160 161 228 221
dog-american_pit_bull_terrier 0.004623923 164 0 333 350
dog-great_pyrenees 0.0045953486 164 0 333 350
dog-yorkshire_terrier 0.004531986 76 0 165 49
dog-yorkshire_terrier 0.004508337 144 0 333 168
dog-yorkshire_terrier 0.00443249 272 0 333 56
cat-Russian_Blue 0.004428921 94 0 175 37
cat-Maine_Coon 0.004372866 0 189 322 500
dog-japanese_chin 0.004366607 190 299 218 314
bella 0.004355687 140 159 263 274
dog-staffordshire_bull_terrier 0.0043462324 160 161 228 221
dog-shiba_inu 0.004336613 150 159 229 238
dog-boxer 0.004319546 251 350 317 415
cat-Abyssinian 0.0042763236 323 264 333 302
bella 0.004276259 164 228 333 500
cat-Bengal 0.00426505 91 0 155 27
cat-Bombay 0.0042602248 76 0 165 49
dog-basset_hound 0.004251681 116 109 136 122
dog-yorkshire_terrier 0.004246125 39 0 274 186
cat-Bombay 0.004244847 249 0 304 31
dog-yorkshire_terrier 0.004243954 216 11 333 125
cat-Bengal 0.0042398577 0 41 333 453
dog-english_cocker_spaniel 0.0042345156 39 71 58 83
dog-miniature_pinscher 0.004224352 243 6 333 74
dog-leonberger 0.0042197877 107 0 170 28
dog-english_cocker_spaniel 0.0042033233 1 244 21 258
cat-Russian_Blue 0.004186448 100 0 163 28
cat-Russian_Blue 0.0041251746 154 159 230 256
dog-basset_hound 0.004105102 127 213 329 500
dog-havanese 0.004099055 175 293 207 311
cat-Bombay 0.004082622 273 2 333 45
cat-Maine_Coon 0.004068928 271 426 333 500
dog-havanese 0.0040448606 0 0 247 253
dog-german_shorthaired 0.003985314 186 1 210 12
cat-British_Shorthair 0.0039616586 68 244 93 257
cat-British_Shorthair 0.0039374973 61 243 84 258
dog-shiba_inu 0.0038817672 164 228 333 500
dog-beagle 0.0038316501 140 163 237 277
cat-Egyptian_Mau 0.0038164752 107 0 170 28
dog-miniature_pinscher 0.0037880659 49 234 99 264
dog-yorkshire_terrier 0.0037657733 238 17 333 262
cat-Bombay 0.0037542419 182 1 207 12
dog-havanese 0.0037520719 0 0 293 325
cat-Bengal 0.0037254745 94 0 175 37
cat-Bombay 0.0037207415 81 0 146 27
