cat-Russian_Blue 0.72970283 23 106 334 400
dog-staffordshire_bull_terrier 0.5823312 23 106 334 400
dog-shiba_inu 0.53042656 9 121 334 404
cat-Siamese 0.3133501 23 106 334 400
dog-keeshond 0.09298785 23 106 334 400
cat-Sphynx 0.06966373 20 101 334 402
cat-British_Shorthair 0.057739165 20 101 334 402
bella 0.053761113 9 121 334 404
dog-scottish_terrier 0.046562705 9 121 334 404
dog-american_bulldog 0.04534131 23 106 334 400
dog-boxer 0.04053992 20 101 334 402
cat-Birman 0.04010628 23 106 334 400
dog-chihuahua 0.038351454 20 101 334 402
cat-Egyptian_Mau 0.038320657 23 106 334 400
dog-pug 0.03399214 20 101 334 402
cat-Maine_Coon 0.02660491 15 122 334 408
dog-american_pit_bull_terrier 0.026495684 9 121 334 404
dog-basset_hound 0.021554625 9 121 334 404
dog-beagle 0.020939296 9 121 334 404
cat-Ragdoll 0.019513216 23 106 334 400
cat-Abyssinian 0.019399209 20 101 334 402
dog-leonberger 0.019107353 9 121 334 404
cat-Bombay 0.01669703 13 60 334 415
dog-german_shorthaired 0.013435711 20 101 334 402
dog-samoyed 0.010320142 9 121 334 404
dog-yorkshire_terrier 0.010136003 230 2 333 66
cat-Bombay 0.009497875 8 0 115 53
dog-pomeranian 0.0083195735 9 121 334 404
dog-staffordshire_bull_terrier 0.008237912 230 2 333 66
dog-yorkshire_terrier 0.0077292197 18 104 334 401
cat-Bengal 0.0076756603 12 131 334 408
cat-Bombay 0.007472817 218 0 328 51
dog-miniature_pinscher 0.0067838733 230 2 333 66
cat-Bombay 0.0066025453 7 1 147 66
dog-havanese 0.0063233646 253 0 334 191
dog-great_pyrenees 0.0062584896 106 335 171 393
cat-Bombay 0.006239071 200 0 311 39
dog-miniature_pinscher 0.0058815647 13 60 334 415
dog-leonberger 0.005839451 0 246 21 332
dog-english_cocker_spaniel 0.0057183 307 217 334 361
cat-Egyptian_Mau 0.0057074064 0 287 21 403
dog-newfoundland 0.005663449 237 0 334 52
dog-staffordshire_bull_terrier 0.0056035067 0 0 334 394
dog-staffordshire_bull_terrier 0.005490162 169 89 333 367
cat-Bombay 0.0054332553 165 0 275 39
dog-basset_hound 0.005374245 0 296 21 415
dog-great_pyrenees 0.005323146 253 0 334 191
dog-leonberger 0.004905971 106 335 171 393
dog-scottish_terrier 0.0048114806 230 2 333 66
cat-Bombay 0.004699871 115 0 226 41
cat-Siamese 0.004673258 1 0 96 52
cat-Birman 0.0046423925 113 0 233 52
dog-english_cocker_spaniel 0.0045046746 0 296 21 415
dog-wheaten_terrier 0.0044364724 278 18 332 197
cat-Bombay 0.004415816 10 0 99 35
cat-Bombay 0.004375518 183 0 302 51
dog-newfoundland 0.0043678507 229 93 334 343
dog-wheaten_terrier 0.004310312 253 0 334 191
cat-Siamese 0.004268046 0 0 334 394
dog-yorkshire_terrier 0.0042593144 253 0 334 191
dog-american_pit_bull_terrier 0.00419008 230 2 333 66
dog-yorkshire_terrier 0.0041514076 273 0 334 52
dog-pug 0.0041485108 230 2 333 66
cat-Egyptian_Mau 0.0040758573 0 264 21 362
cat-Bombay 0.0040675 1 0 65 30
cat-Bombay 0.004065849 44 0 167 55
dog-american_pit_bull_terrier 0.004054473 273 0 334 52
dog-havanese 0.0039816005 289 5 334 131
dog-havanese 0.0039469735 215 0 334 221
cat-Bombay 0.0039280774 271 1 334 41
cat-Russian_Blue 0.0038693522 115 0 226 41
cat-Bombay 0.0037697055 232 0 334 40
dog-yorkshire_terrier 0.0037471005 289 5 334 131
cat-Egyptian_Mau 0.0036927548 0 0 334 394
cat-Bombay 0.0036729036 148 0 265 51
cat-Siamese 0.0036596616 113 0 233 52
dog-keeshond 0.003635201 233 61 334 306
dog-havanese 0.00360572 230 2 333 66
dog-shiba_inu 0.003589717 25 2 334 375
cat-Birman 0.0035842631 78 0 200 53
cat-Russian_Blue 0.0035793397 0 0 334 394
cat-Bombay 0.0035203376 227 120 334 376
cat-Bombay 0.003505197 230 2 333 66
dog-keeshond 0.0034918052 15 134 275 355
cat-Birman 0.0034597125 148 0 265 51
dog-havanese 0.0034465573 278 18 332 197
cat-Bengal 0.0034390271 0 107 316 489
dog-leonberger 0.0033986515 91 352 116 404
cat-Bombay 0.0033821142 243 0 316 31
cat-Persian 0.0033642887 57 166 79 178
dog-english_cocker_spaniel 0.0033357874 0 53 324 426
dog-american_pit_bull_terrier 0.003335458 253 0 334 191
dog-newfoundland 0.0032994007 0 53 324 426
dog-keeshond 0.0032714505 253 0 334 191
cat-British_Shorthair 0.0032612435 271 1 334 41
dog-yorkshire_terrier 0.0032562658 218 0 328 51
cat-Egyptian_Mau 0.0032266346 311 357 334 465
dog-newfoundland 0.0032070624 278 18 332 197
cat-Birman 0.003184493 44 0 334 336
cat-Bombay 0.0031725185 36 0 106 30
