cat-Siamese 0.9818527 208 44 348 215
cat-Sphynx 0.17942616 210 42 347 214
cat-Birman 0.15220359 206 44 348 216
cat-Abyssinian 0.13978398 210 42 347 214
dog-pug 0.12376809 208 43 348 214
cat-Russian_Blue 0.116240315 210 42 347 214
cat-Bombay 0.11303476 208 43 348 214
dog-chihuahua 0.0807572 210 42 347 214
dog-boxer 0.072720505 210 42 347 214
cat-Ragdoll 0.03839998 207 43 348 217
dog-pomeranian 0.03485133 207 43 348 217
cat-Bombay 0.03293421 109 0 186 24
cat-British_Shorthair 0.019148892 0 16 354 243
dog-pug 0.018174907 0 16 354 243
dog-miniature_pinscher 0.017995575 0 16 354 243
dog-chihuahua 0.017950494 185 20 500 245
cat-Bombay 0.016928487 64 0 189 25
dog-american_pit_bull_terrier 0.016754545 0 16 354 243
cat-Bombay 0.016668698 40 1 197 44
dog-boxer 0.016190609 0 16 354 243
dog-american_bulldog 0.016155457 0 16 354 243
dog-german_shorthaired 0.015819713 0 16 354 243
cat-Maine_Coon 0.01525175 207 43 348 217
cat-Siamese 0.015115481 109 50 343 233
cat-Bombay 0.014772444 132 0 203 23
dog-staffordshire_bull_terrier 0.014274887 99 179 129 196
dog-shiba_inu 0.013916126 210 42 347 214
cat-Sphynx 0.0136575475 0 16 354 243
dog-staffordshire_bull_terrier 0.0134183895 210 42 347 214
dog-staffordshire_bull_terrier 0.012730108 104 174 135 192
dog-beagle 0.012613601 0 16 354 243
dog-japanese_chin 0.012313781 208 43 348 214
dog-american_pit_bull_terrier 0.01134201 185 20 500 245
cat-Bengal 0.01130056 0 16 354 243
dog-keeshond 0.011085863 0 308 100 375
dog-shiba_inu 0.010851227 0 16 354 243
dog-newfoundland 0.0108244 0 16 354 243
dog-staffordshire_bull_terrier 0.010522505 0 16 354 243
cat-Birman 0.01033691 209 151 336 209
dog-basset_hound 0.009933446 29 181 67 206
cat-Siamese 0.009924642 148 0 228 22
dog-miniature_pinscher 0.009844468 185 20 500 245
cat-Russian_Blue 0.009731076 0 16 354 243
cat-Bombay 0.009362853 6 0 167 39
cat-Bombay 0.009277528 340 0 479 31
dog-scottish_terrier 0.008907826 0 16 354 243
dog-yorkshire_terrier 0.008679267 208 43 348 214
cat-Bombay 0.007977063 148 0 228 22
cat-Siamese 0.007728898 185 20 500 245
dog-english_setter 0.0073880674 0 16 354 243
dog-basset_hound 0.0073211985 24 177 63 202
dog-leonberger 0.00723474 0 16 354 243
cat-Sphynx 0.007007876 185 20 500 245
dog-staffordshire_bull_terrier 0.006963087 93 176 122 191
dog-scottish_terrier 0.0069323517 208 43 348 214
dog-staffordshire_bull_terrier 0.0068719448 97 170 128 188
dog-wheaten_terrier 0.006837519 0 16 354 243
cat-Birman 0.0067880447 459 137 498 236
cat-Russian_Blue 0.0067753163 120 0 191 24
cat-Abyssinian 0.006747747 148 0 228 22
cat-Abyssinian 0.0067336713 132 0 203 23
cat-Siamese 0.0065776524 132 0 203 23
cat-Russian_Blue 0.0065076696 6 0 167 39
dog-american_pit_bull_terrier 0.006459244 190 74 500 375
dog-basset_hound 0.0064580105 0 16 354 243
cat-Egyptian_Mau 0.006253198 1 277 24 290
dog-yorkshire_terrier 0.0062075336 0 16 354 243
cat-Russian_Blue 0.005997831 40 1 197 44
cat-Egyptian_Mau 0.005996867 0 16 354 243
cat-Bombay 0.005964952 82 0 218 38
dog-staffordshire_bull_terrier 0.0059106178 348 320 388 334
cat-Egyptian_Mau 0.0058864737 210 42 347 214
dog-staffordshire_bull_terrier 0.0058743367 53 48 430 375
dog-chihuahua 0.005719406 0 16 354 243
dog-american_pit_bull_terrier 0.0056887115 0 50 375 375
cat-Bombay 0.0056508556 0 16 354 243
dog-english_cocker_spaniel 0.005616768 467 207 499 305
dog-great_pyrenees 0.0055208807 0 16 354 243
cat-Bombay 0.005518577 300 48 345 109
dog-boxer 0.0054668267 2 40 357 343
dog-staffordshire_bull_terrier 0.00543267 106 33 376 328
cat-Siamese 0.0054205228 0 16 354 243
dog-saint_bernard 0.0054155486 0 16 354 243
dog-keeshond 0.0053648404 0 16 354 243
dog-great_pyrenees 0.005348362 113 80 167 104
bella 0.005253471 0 16 354 243
dog-pug 0.0052405987 185 20 500 245
cat-Bengal 0.005223405 118 0 182 23
cat-Siamese 0.005202261 40 1 197 44
dog-miniature_pinscher 0.0051839603 378 87 440 109
dog-boxer 0.005178374 0 50 375 375
dog-miniature_pinscher 0.0051108506 379 107 429 138
dog-pug 0.004938491 95 129 138 175
dog-miniature_pinscher 0.0049102376 316 9 500 88
dog-leonberger 0.004856265 208 43 348 214
cat-Bengal 0.004825518 85 0 187 26
cat-Egyptian_Mau 0.0048100925 132 0 203 23
cat-Maine_Coon 0.004742224 423 68 451 85
dog-japanese_chin 0.0047335825 227 213 252 245
dog-american_pit_bull_terrier 0.0046924646 210 42 347 214
