cat-Siamese 0.9933396 146 37 374 295
cat-Sphynx 0.122266546 148 35 376 294
dog-boxer 0.10070239 148 35 376 294
dog-chihuahua 0.06612618 148 35 376 294
cat-Russian_Blue 0.05687986 148 35 376 294
cat-Abyssinian 0.054195452 147 37 373 293
cat-Birman 0.04643613 149 35 374 295
cat-Bombay 0.045127485 148 35 376 294
cat-Siamese 0.034566756 165 185 366 285
dog-pug 0.033805385 150 36 374 294
cat-Siamese 0.021642184 167 223 351 286
dog-shiba_inu 0.021577228 148 35 376 294
cat-Siamese 0.021387866 169 46 500 304
cat-Siamese 0.017255986 0 50 386 315
cat-Ragdoll 0.015870433 148 35 376 294
dog-staffordshire_bull_terrier 0.014562994 149 35 374 295
cat-Maine_Coon 0.014505153 148 35 376 294
dog-shiba_inu 0.010748059 167 223 351 286
cat-Siamese 0.010555832 330 0 407 20
dog-pomeranian 0.010520019 149 35 374 295
dog-miniature_pinscher 0.010113159 146 45 373 176
cat-Birman 0.00994051 167 223 351 286
cat-Sphynx 0.009733333 0 50 386 315
dog-saint_bernard 0.009721808 148 35 376 294
dog-pug 0.009092729 0 24 391 334
cat-Siamese 0.008853085 108 61 382 375
cat-Egyptian_Mau 0.008720703 359 1 463 44
dog-leonberger 0.008508217 0 118 31 196
dog-chihuahua 0.008043393 169 46 500 304
cat-Sphynx 0.00787879 169 46 500 304
dog-japanese_chin 0.007449991 148 35 376 294
dog-leonberger 0.0074374173 149 35 374 295
dog-german_shorthaired 0.007297256 279 38 370 138
dog-scottish_terrier 0.0069908234 148 35 376 294
cat-Birman 0.0069432138 0 50 386 315
dog-american_pit_bull_terrier 0.006889432 148 35 376 294
cat-Birman 0.0068293344 167 0 500 272
dog-pug 0.006780192 169 46 500 304
dog-boxer 0.006690122 0 50 386 315
dog-shiba_inu 0.006667949 359 1 463 44
bella 0.006588623 1 248 31 333
cat-Egyptian_Mau 0.006560795 353 0 420 15
bella 0.00627343 2 201 31 286
dog-boxer 0.005960001 167 223 351 286
cat-Bengal 0.0059168073 146 45 373 176
cat-Bombay 0.00559176 0 50 386 315
cat-Birman 0.005474625 108 61 382 375
dog-boxer 0.0053797914 108 61 382 375
dog-pomeranian 0.005280517 308 3 385 51
cat-Siamese 0.0052803364 351 0 437 19
cat-Ragdoll 0.0052259252 0 10 387 267
cat-Egyptian_Mau 0.0051499954 148 35 376 294
cat-British_Shorthair 0.0051078615 141 33 365 297
dog-wheaten_terrier 0.0050532306 0 138 31 225
dog-wheaten_terrier 0.004984802 0 118 31 196
dog-boxer 0.004833475 167 0 500 272
cat-Bombay 0.004798021 169 46 500 304
cat-Birman 0.0046886043 329 321 447 370
dog-staffordshire_bull_terrier 0.0046641887 108 61 382 375
cat-Ragdoll 0.004662035 167 0 500 272
dog-boxer 0.004633044 361 0 499 44
dog-yorkshire_terrier 0.004580486 154 50 190 111
cat-Siamese 0.004553813 337 1 428 26
cat-British_Shorthair 0.0045407997 0 50 386 315
dog-scottish_terrier 0.0045339013 146 45 373 176
dog-staffordshire_bull_terrier 0.0044368603 206 182 245 213
cat-Birman 0.004409875 340 0 422 19
dog-american_bulldog 0.004377853 167 223 351 286
dog-miniature_pinscher 0.0042794254 148 35 376 294
cat-Ragdoll 0.004219495 167 223 351 286
cat-Sphynx 0.0042050923 167 223 351 286
dog-miniature_pinscher 0.0041676294 108 61 382 375
dog-leonberger 0.004148333 416 144 500 251
cat-Abyssinian 0.0041419733 167 223 351 286
cat-Russian_Blue 0.0040775025 108 61 382 375
dog-yorkshire_terrier 0.004073721 154 46 201 138
dog-pug 0.004054619 108 61 382 375
dog-leonberger 0.004033386 438 173 500 273
cat-Siamese 0.003959979 347 2 446 46
dog-staffordshire_bull_terrier 0.0039517023 186 59 218 73
dog-leonberger 0.003947011 171 358 230 373
dog-staffordshire_bull_terrier 0.003916819 192 63 223 79
cat-Abyssinian 0.0038937388 0 10 387 267
cat-Russian_Blue 0.0038674853 361 0 499 44
dog-yorkshire_terrier 0.0038290739 148 35 376 294
dog-great_pyrenees 0.003784598 2 88 39 137
cat-Egyptian_Mau 0.0037737044 402 0 490 44
bella 0.0037048038 148 35 376 294
dog-pug 0.0037031302 167 223 351 286
dog-staffordshire_bull_terrier 0.0036573487 283 185 327 209
dog-japanese_chin 0.00362998 108 61 382 375
cat-Siamese 0.0035956264 321 2 397 30
dog-american_pit_bull_terrier 0.0035328348 108 61 382 375
bella 0.0034994355 2 175 32 266
cat-Ragdoll 0.0034973095 313 1 387 32
cat-Bengal 0.0034639386 0 24 391 334
dog-staffordshire_bull_terrier 0.0034598093 361 0 499 44
dog-basset_hound 0.0034459662 108 61 382 375
dog-samoyed 0.0034145406 0 138 31 225
dog-leonberger 0.0033887813 2 110 33 173
