cat-Siamese 0.884428 90 33 287 211
cat-Russian_Blue 0.34191075 90 35 286 210
cat-Bombay 0.2403085 92 33 286 211
cat-Sphynx 0.17824385 91 33 286 209
cat-Abyssinian 0.15509835 92 33 286 211
cat-Birman 0.10905821 92 33 286 211
dog-pug 0.099619366 92 33 286 211
dog-chihuahua 0.09048341 91 33 286 209
dog-shiba_inu 0.09034354 92 33 286 211
dog-boxer 0.052950222 91 33 286 209
cat-Maine_Coon 0.023154123 92 33 286 211
cat-British_Shorthair 0.016858913 92 33 286 211
dog-staffordshire_bull_terrier 0.015233142 105 4 375 297
cat-Bengal 0.014695147 92 33 286 211
cat-Siamese 0.0139375 105 4 375 297
cat-British_Shorthair 0.013774671 0 0 266 215
cat-Siamese 0.013487828 2 0 95 52
cat-Egyptian_Mau 0.013347673 92 33 286 211
bella 0.013064081 92 33 286 211
cat-Siamese 0.012083035 182 48 283 197
cat-Ragdoll 0.011273879 92 33 286 211
dog-staffordshire_bull_terrier 0.011026163 104 5 316 348
cat-Birman 0.010493477 137 138 236 207
dog-leonberger 0.010465002 1 394 51 500
dog-chihuahua 0.010291671 105 4 375 297
dog-basset_hound 0.0101795215 92 33 286 211
cat-British_Shorthair 0.009997304 0 5 306 296
dog-staffordshire_bull_terrier 0.009564728 91 33 286 209
cat-Bengal 0.00949292 0 0 266 215
cat-Birman 0.00919313 2 0 95 52
cat-Russian_Blue 0.008384988 0 0 266 215
dog-keeshond 0.008252862 92 33 286 211
cat-Russian_Blue 0.0081533715 104 5 316 348
cat-Sphynx 0.007966053 105 4 375 297
dog-leonberger 0.007675537 256 481 303 499
cat-Bombay 0.0070425826 15 0 115 54
cat-Bengal 0.0069534224 0 5 306 296
cat-Persian 0.0067308964 0 0 266 215
cat-Birman 0.006644964 124 0 375 222
dog-scottish_terrier 0.006497021 95 36 285 205
cat-Egyptian_Mau 0.0064104665 0 0 266 215
cat-Bombay 0.0062831817 16 3 122 76
cat-Bombay 0.0061339275 0 0 266 215
dog-pomeranian 0.006046126 92 33 286 211
dog-staffordshire_bull_terrier 0.0056260647 124 0 375 222
cat-Birman 0.0054536927 0 0 266 215
dog-staffordshire_bull_terrier 0.005370902 110 37 375 500
cat-Maine_Coon 0.0052863685 0 0 77 52
dog-chihuahua 0.0050262148 124 0 375 222
cat-Siamese 0.0049602627 0 0 266 215
dog-pomeranian 0.0049182335 124 0 375 222
dog-leonberger 0.004847194 1 208 21 297
dog-miniature_pinscher 0.004830265 105 4 375 297
cat-Birman 0.00476516 105 4 375 297
cat-Abyssinian 0.004745785 0 0 266 215
cat-Bengal 0.004742244 0 314 20 389
dog-leonberger 0.0047267242 92 33 286 211
dog-yorkshire_terrier 0.004718414 0 0 266 215
dog-shiba_inu 0.0047165314 105 4 375 297
dog-leonberger 0.0046590064 272 482 313 499
cat-Siamese 0.004643463 124 0 375 222
dog-shiba_inu 0.004643214 4 2 98 70
dog-english_cocker_spaniel 0.0045499434 83 331 112 343
cat-Ragdoll 0.0045459843 0 0 266 215
cat-Siamese 0.004535423 16 3 122 76
cat-Abyssinian 0.004533839 352 137 375 236
dog-beagle 0.0045042085 92 33 286 211
dog-american_pit_bull_terrier 0.004471877 124 0 375 222
dog-pug 0.004436993 105 4 375 297
dog-yorkshire_terrier 0.0044072797 16 3 122 76
dog-yorkshire_terrier 0.0044029173 92 33 286 211
cat-Russian_Blue 0.004333993 105 4 375 297
cat-Birman 0.0043112845 87 0 349 212
dog-boxer 0.004299792 124 0 375 222
dog-yorkshire_terrier 0.0042794356 124 0 375 222
dog-japanese_chin 0.0042625614 0 394 60 500
cat-Siamese 0.0042263805 137 138 236 207
cat-Russian_Blue 0.004218249 184 43 283 187
dog-american_bulldog 0.0042055114 0 0 266 215
dog-great_pyrenees 0.0041744844 124 0 375 222
dog-pug 0.0040566796 0 0 266 215
dog-german_shorthaired 0.0040067597 92 33 286 211
dog-american_pit_bull_terrier 0.0039751157 92 33 286 211
dog-keeshond 0.0039677126 0 0 266 215
dog-english_cocker_spaniel 0.003967707 28 331 61 359
cat-Abyssinian 0.0039623682 2 0 95 52
cat-Russian_Blue 0.0038864291 0 5 306 296
cat-Bombay 0.0038152025 105 4 375 297
cat-Ragdoll 0.0038095268 124 0 375 222
cat-Sphynx 0.0038027253 0 0 266 215
cat-British_Shorthair 0.0037850495 105 4 375 297
dog-shiba_inu 0.003758421 124 0 375 222
dog-shiba_inu 0.0037517175 0 0 266 215
dog-yorkshire_terrier 0.0037416255 0 0 144 129
cat-Siamese 0.0036399898 0 5 306 296
cat-Bombay 0.003624207 15 0 83 29
dog-german_shorthaired 0.0036102508 91 17 333 472
dog-english_cocker_spaniel 0.003567928 63 149 83 168
dog-yorkshire_terrier 0.0035010474 42 0 131 61
dog-pug 0.0034718404 16 3 122 76
