cat-Siamese 0.98061806 236 34 373 183
cat-Birman 0.4685401 239 34 375 185
cat-Ragdoll 0.11672743 239 34 375 185
cat-Abyssinian 0.10611301 239 34 375 185
dog-pomeranian 0.08123432 239 34 375 185
dog-pug 0.056035616 239 34 375 185
dog-boxer 0.037244737 237 34 374 183
cat-Russian_Blue 0.034853198 237 34 374 183
dog-japanese_chin 0.03131837 239 34 375 185
dog-shiba_inu 0.028695999 239 34 375 185
dog-shiba_inu 0.02317756 51 21 368 222
dog-boxer 0.022187704 164 312 201 330
dog-american_bulldog 0.017506152 174 312 205 329
cat-Sphynx 0.015702706 237 34 374 183
dog-saint_bernard 0.013817686 174 312 205 329
cat-Persian 0.010514922 451 0 498 46
dog-chihuahua 0.010339964 239 34 375 185
cat-Abyssinian 0.01029566 11 259 158 437
dog-chihuahua 0.0095012225 51 21 368 222
cat-Bombay 0.009438947 237 34 374 183
dog-japanese_chin 0.008690475 377 169 495 312
dog-american_bulldog 0.00815773 176 12 500 251
bella 0.0075893346 465 152 496 214
cat-Abyssinian 0.007377511 474 262 500 341
dog-american_bulldog 0.0073118606 239 34 375 185
cat-Persian 0.007177412 432 188 489 207
cat-British_Shorthair 0.006825629 239 34 375 185
cat-Siamese 0.0066697937 11 230 157 437
dog-beagle 0.0066227354 11 189 150 428
cat-Maine_Coon 0.006527847 144 0 203 19
dog-american_bulldog 0.006468599 152 159 202 186
dog-basset_hound 0.0063847993 467 290 500 408
cat-Maine_Coon 0.0062517193 417 187 487 206
cat-Bombay 0.0061829407 62 0 158 25
dog-keeshond 0.006022697 239 34 375 185
dog-japanese_chin 0.0060191294 174 312 205 329
dog-miniature_pinscher 0.005986087 11 189 150 428
dog-staffordshire_bull_terrier 0.0059428327 237 34 374 183
dog-pug 0.005886708 174 312 205 329
dog-leonberger 0.0056385924 190 323 227 370
dog-beagle 0.0056125587 444 33 500 151
dog-american_pit_bull_terrier 0.0055166017 0 104 142 396
cat-British_Shorthair 0.0054664793 174 312 205 329
dog-boxer 0.0053446856 148 312 200 332
cat-Siamese 0.0053336974 51 21 368 222
cat-Siamese 0.005279966 11 0 173 50
dog-chihuahua 0.0052438886 10 117 155 387
cat-Egyptian_Mau 0.005243008 474 262 500 341
dog-pomeranian 0.005231079 51 21 368 222
dog-samoyed 0.005160862 161 196 203 212
dog-saint_bernard 0.0050304704 150 109 193 141
cat-Abyssinian 0.005007993 472 190 500 260
dog-american_bulldog 0.00495172 166 159 215 184
dog-pomeranian 0.004882555 192 0 500 189
dog-american_bulldog 0.0048477533 51 21 368 222
dog-boxer 0.004835714 353 10 500 77
dog-boxer 0.0047139665 181 313 211 328
dog-beagle 0.0046842117 164 312 201 330
cat-Birman 0.004671508 275 129 376 185
cat-Bengal 0.0046404516 53 0 146 25
cat-Egyptian_Mau 0.0046235956 0 18 28 115
dog-newfoundland 0.004594965 194 327 232 373
cat-Bombay 0.0045578377 92 0 196 25
dog-american_bulldog 0.0043544113 138 159 189 186
cat-Abyssinian 0.004327144 474 235 500 320
dog-american_pit_bull_terrier 0.00431151 11 189 150 428
cat-Bengal 0.004295507 0 343 36 433
cat-Persian 0.0042522484 460 0 497 65
cat-Birman 0.0042518303 51 21 368 222
dog-pomeranian 0.0041891485 470 191 500 282
cat-Abyssinian 0.0041034725 474 283 500 363
dog-pomeranian 0.0040703695 471 220 500 314
cat-Birman 0.00403709 11 0 173 50
dog-japanese_chin 0.0040096724 483 261 500 303
cat-Siamese 0.0039972374 1 1 148 73
dog-leonberger 0.00399061 482 276 500 312
dog-yorkshire_terrier 0.003985954 51 21 368 222
dog-american_bulldog 0.0038845632 138 169 189 198
dog-miniature_pinscher 0.0038453487 0 338 17 386
cat-Egyptian_Mau 0.0038414507 473 292 500 374
dog-beagle 0.0037991954 128 321 160 367
dog-shiba_inu 0.0037934105 344 1 454 40
cat-Maine_Coon 0.0037852242 108 0 169 24
cat-Egyptian_Mau 0.003757405 0 1 34 15
cat-Bombay 0.0037488134 50 0 179 32
dog-miniature_pinscher 0.0037422813 0 104 142 396
dog-american_pit_bull_terrier 0.0037177787 51 21 368 222
dog-miniature_pinscher 0.0037129212 331 0 359 11
dog-japanese_chin 0.0036671842 358 186 474 330
cat-Bengal 0.0036647846 50 0 179 32
dog-samoyed 0.0036601543 192 0 500 189
cat-Egyptian_Mau 0.0036151272 0 0 72 27
cat-Abyssinian 0.0036119507 466 181 496 248
dog-japanese_chin 0.003605987 417 171 500 328
dog-saint_bernard 0.0035951892 163 109 203 140
dog-saint_bernard 0.00356933 152 159 202 186
dog-american_bulldog 0.003513381 378 284 430 315
dog-american_bulldog 0.0034959984 150 167 204 196
dog-japanese_chin 0.0034941034 21 268 58 280
dog-leonberger 0.0034835946 230 164 259 224
