cat-Siamese 0.9595662 93 6 319 256
cat-Birman 0.35296664 93 6 319 255
cat-Russian_Blue 0.19237328 93 6 319 255
cat-Bombay 0.12600657 93 6 319 255
dog-pug 0.106992684 93 6 319 255
cat-British_Shorthair 0.04947061 0 1 327 266
dog-boxer 0.04397293 93 6 319 255
cat-Ragdoll 0.036716778 93 6 319 255
cat-Sphynx 0.03083661 0 1 327 266
dog-keeshond 0.025004681 0 1 327 266
cat-Birman 0.019810405 111 169 294 248
dog-chihuahua 0.017984433 93 6 319 255
cat-Abyssinian 0.017051773 0 1 327 266
dog-staffordshire_bull_terrier 0.016484765 93 6 319 255
dog-shiba_inu 0.014223568 0 1 327 266
cat-British_Shorthair 0.014188725 0 0 318 217
cat-Bengal 0.01174179 0 1 327 266
cat-Russian_Blue 0.011661613 0 0 318 217
cat-Persian 0.010842985 0 1 327 266
cat-Russian_Blue 0.010090973 0 367 76 439
dog-leonberger 0.010016256 93 6 319 255
cat-Egyptian_Mau 0.010002686 0 1 327 266
dog-pomeranian 0.009454675 0 1 327 266
dog-german_shorthaired 0.009205777 235 6 314 110
dog-yorkshire_terrier 0.009178877 93 8 318 251
dog-japanese_chin 0.008588945 93 8 318 251
dog-american_bulldog 0.008436635 0 1 327 266
cat-Maine_Coon 0.008224347 93 6 319 255
cat-Bengal 0.008111639 473 114 500 191
cat-Egyptian_Mau 0.00756477 0 98 32 188
dog-scottish_terrier 0.0072475118 92 14 311 155
dog-american_bulldog 0.007093711 0 0 318 217
dog-japanese_chin 0.006815613 120 167 299 251
dog-scottish_terrier 0.006565913 0 1 327 266
dog-basset_hound 0.0063970713 0 1 327 266
dog-basset_hound 0.006390325 0 47 323 439
cat-Abyssinian 0.0060719196 0 0 318 217
dog-pug 0.006015724 120 167 299 251
dog-staffordshire_bull_terrier 0.005991591 238 133 273 155
cat-Abyssinian 0.005923593 473 114 500 191
cat-Egyptian_Mau 0.0056468463 0 131 32 218
cat-Bengal 0.005596757 468 85 500 195
dog-miniature_pinscher 0.005571769 92 14 311 155
dog-newfoundland 0.005285238 0 1 327 266
cat-Egyptian_Mau 0.0051700235 0 167 34 250
cat-Egyptian_Mau 0.0051426208 0 0 318 217
cat-Egyptian_Mau 0.0051189284 473 114 500 191
cat-Ragdoll 0.0049950867 0 0 318 217
dog-german_shorthaired 0.0049476735 0 1 327 266
cat-Birman 0.004813518 95 0 438 224
dog-basset_hound 0.004670076 467 309 500 404
dog-staffordshire_bull_terrier 0.0046688104 145 391 179 412
dog-american_pit_bull_terrier 0.0046397555 101 0 324 248
dog-miniature_pinscher 0.0045738774 0 1 327 266
cat-Egyptian_Mau 0.0045668636 0 362 76 439
cat-Birman 0.0045588217 0 0 318 217
cat-Bombay 0.0045566177 223 18 311 155
cat-Egyptian_Mau 0.0045457296 471 87 500 184
cat-Birman 0.004531864 0 0 300 278
cat-Persian 0.004434746 0 0 318 217
dog-boxer 0.0044061937 0 0 318 217
dog-beagle 0.0043549305 0 0 318 217
dog-keeshond 0.0043445406 0 0 318 217
dog-boxer 0.004283418 313 0 338 12
cat-Sphynx 0.0042648637 0 0 318 217
cat-Siamese 0.0042324876 0 0 318 217
dog-basset_hound 0.004122966 461 298 499 414
dog-pug 0.0041168053 0 0 318 217
cat-Bengal 0.004058412 92 14 311 155
cat-Bombay 0.004049218 0 0 318 217
dog-leonberger 0.004017442 402 176 441 223
dog-saint_bernard 0.004004686 0 1 327 266
dog-staffordshire_bull_terrier 0.0038380949 485 124 500 161
cat-Egyptian_Mau 0.0038271297 485 229 500 263
dog-saint_bernard 0.0037742208 395 194 442 249
dog-beagle 0.0037693188 0 1 327 266
dog-keeshond 0.0037657304 92 13 320 249
cat-Bombay 0.003736506 330 2 416 36
cat-Russian_Blue 0.0037364762 485 130 500 165
dog-yorkshire_terrier 0.0036934267 39 9 170 74
dog-yorkshire_terrier 0.0036821754 81 7 146 38
bella 0.0036645113 467 235 497 339
cat-Egyptian_Mau 0.0036125688 486 75 500 110
cat-Egyptian_Mau 0.0036047744 0 68 31 154
dog-beagle 0.0035943233 241 0 320 89
dog-havanese 0.0035735485 101 0 324 248
cat-Persian 0.0035073329 385 417 452 439
dog-miniature_pinscher 0.0034969968 485 124 500 161
dog-staffordshire_bull_terrier 0.0034773366 152 396 189 417
dog-staffordshire_bull_terrier 0.0034576317 243 130 280 150
cat-Egyptian_Mau 0.0034369163 0 228 31 296
cat-Russian_Blue 0.0033866095 223 18 311 155
cat-Siamese 0.0033667965 485 233 500 270
dog-boxer 0.0033640582 319 0 346 12
dog-shiba_inu 0.0033592498 92 14 311 155
cat-Bengal 0.0033434534 0 0 318 217
dog-basset_hound 0.0033430418 484 2 500 36
dog-japanese_chin 0.003342818 0 0 318 217
dog-havanese 0.0033284826 241 0 320 89
bella 0.0032978284 0 1 327 266
