cat-Siamese 0.8603413 56 0 318 289
cat-Sphynx 0.51244205 58 0 326 298
dog-chihuahua 0.49021178 58 0 326 298
cat-Russian_Blue 0.31768006 58 0 326 298
cat-Bombay 0.25297418 58 0 326 298
dog-pug 0.14543135 55 0 317 288
cat-Abyssinian 0.11137294 58 0 326 298
dog-boxer 0.10145985 57 0 318 289
dog-shiba_inu 0.09014644 58 0 326 298
cat-Birman 0.0683262 58 0 326 298
cat-Bombay 0.037745375 199 26 319 264
dog-staffordshire_bull_terrier 0.036010046 58 0 326 298
dog-keeshond 0.035057362 68 0 333 298
dog-leonberger 0.030658396 202 12 317 232
cat-Birman 0.030302351 85 184 223 274
cat-Bengal 0.030043697 202 12 317 232
dog-scottish_terrier 0.025573993 58 0 326 298
dog-keeshond 0.02478443 202 12 317 232
dog-boxer 0.024448559 202 12 317 232
cat-Russian_Blue 0.023728969 202 12 317 232
cat-Siamese 0.023351029 202 12 317 232
cat-British_Shorthair 0.021234317 68 0 333 298
dog-basset_hound 0.020651398 57 0 318 289
cat-Abyssinian 0.019939627 202 12 317 232
dog-chihuahua 0.019708946 199 26 319 264
dog-miniature_pinscher 0.019127315 58 0 326 298
dog-american_bulldog 0.018128905 68 0 333 298
cat-Sphynx 0.017744973 202 12 317 232
dog-keeshond 0.01680412 71 160 230 274
dog-leonberger 0.015943717 68 0 333 298
dog-japanese_chin 0.015568593 54 0 319 291
dog-american_pit_bull_terrier 0.015003299 68 0 333 298
cat-Birman 0.01443831 0 433 71 499
cat-Birman 0.014126936 67 144 229 274
cat-Ragdoll 0.013213767 68 0 333 298
dog-yorkshire_terrier 0.012694972 68 0 333 298
dog-pomeranian 0.012471017 66 47 150 276
dog-newfoundland 0.012304709 202 12 317 232
dog-staffordshire_bull_terrier 0.012173146 202 12 317 232
dog-pomeranian 0.011306784 55 0 317 285
dog-pomeranian 0.010464928 241 239 333 500
dog-wheaten_terrier 0.010462794 205 0 319 219
dog-pomeranian 0.010192411 242 127 333 487
cat-Siamese 0.009974874 0 0 323 334
dog-leonberger 0.0098116975 207 30 324 342
cat-Ragdoll 0.009798888 202 12 317 232
dog-japanese_chin 0.009745285 66 47 150 276
dog-keeshond 0.009737943 97 201 219 275
cat-Siamese 0.009618888 69 0 333 280
dog-pomeranian 0.009536942 103 189 224 274
cat-Bengal 0.009421623 0 0 323 334
dog-saint_bernard 0.009404981 68 0 333 298
dog-shiba_inu 0.009389839 97 201 219 275
cat-Birman 0.009295795 202 12 317 232
cat-Persian 0.009144101 68 0 333 298
cat-Birman 0.008985552 66 47 150 276
dog-english_setter 0.008852394 202 12 317 232
dog-pug 0.008772203 0 0 323 334
dog-pug 0.008491556 69 0 333 280
cat-Birman 0.008487935 69 0 333 280
dog-scottish_terrier 0.008396819 202 12 317 232
dog-staffordshire_bull_terrier 0.008394782 119 51 139 71
cat-Bengal 0.008124078 55 0 317 288
cat-Maine_Coon 0.007964085 55 0 317 288
dog-leonberger 0.007845883 175 286 200 348
bella 0.0077151717 1 268 19 351
bella 0.007450612 68 0 333 298
cat-Siamese 0.0073062074 103 189 224 274
dog-staffordshire_bull_terrier 0.007100139 115 45 135 65
dog-havanese 0.007078791 277 0 329 109
dog-saint_bernard 0.00705617 202 12 317 232
dog-japanese_chin 0.0070483307 202 12 317 232
dog-beagle 0.0069789137 57 0 318 289
cat-Egyptian_Mau 0.006805098 202 12 317 232
dog-miniature_pinscher 0.0066041183 199 26 319 264
cat-Maine_Coon 0.006598821 202 12 317 232
dog-german_shorthaired 0.006595008 202 12 317 232
dog-keeshond 0.0065917536 66 47 150 276
cat-British_Shorthair 0.006488752 202 12 317 232
dog-chihuahua 0.006414775 240 39 333 273
dog-boxer 0.00616193 69 0 333 280
dog-japanese_chin 0.0061515546 69 0 333 280
dog-leonberger 0.0061313678 118 273 142 334
dog-newfoundland 0.0060634045 61 7 96 76
dog-basset_hound 0.0057831244 202 12 317 232
cat-Bombay 0.005779293 240 39 333 273
cat-Egyptian_Mau 0.0057393927 0 0 323 334
dog-yorkshire_terrier 0.0056071887 207 30 324 342
dog-english_setter 0.005422711 68 0 333 298
cat-Egyptian_Mau 0.005351709 0 277 20 370
dog-pomeranian 0.0053482964 205 184 333 500
dog-keeshond 0.005226052 70 193 193 277
cat-Egyptian_Mau 0.005085771 68 0 333 298
dog-german_shorthaired 0.0050837086 68 0 333 298
dog-boxer 0.0050562234 0 0 323 334
dog-havanese 0.005033512 235 0 333 164
dog-leonberger 0.005003965 304 100 332 246
dog-newfoundland 0.00498585 68 0 333 298
dog-havanese 0.0049295267 243 285 264 299
dog-staffordshire_bull_terrier 0.0049003665 124 58 144 78
