dog-boxer 0.8252846 126 21 209 108
cat-Sphynx 0.39031574 126 21 209 108
dog-staffordshire_bull_terrier 0.27671403 126 22 210 106
dog-american_bulldog 0.13203907 126 21 210 107
cat-Siamese 0.12671515 126 22 210 106
dog-saint_bernard 0.06212975 126 21 209 108
dog-beagle 0.04785334 126 22 209 108
cat-Abyssinian 0.03748573 126 21 209 107
cat-Ragdoll 0.030968316 126 21 210 107
bella 0.03069438 126 21 210 107
cat-Russian_Blue 0.027723536 125 22 210 108
dog-boxer 0.02687761 128 18 354 120
dog-shiba_inu 0.019991962 125 22 210 108
dog-english_setter 0.017960541 360 225 483 377
dog-pomeranian 0.015220994 359 53 500 331
cat-Sphynx 0.013461953 127 27 204 79
cat-Egyptian_Mau 0.013335358 126 21 210 107
dog-wheaten_terrier 0.013106436 358 164 483 364
cat-Birman 0.012216116 359 0 500 42
dog-havanese 0.011164867 334 50 500 351
dog-great_pyrenees 0.010939566 334 50 500 351
dog-boxer 0.010864502 221 189 309 268
cat-Egyptian_Mau 0.010565837 262 232 317 255
dog-staffordshire_bull_terrier 0.009935766 129 24 201 66
cat-Siamese 0.009509231 128 18 354 120
dog-pomeranian 0.008558868 324 20 500 310
dog-basset_hound 0.008085037 126 21 209 107
dog-pug 0.0076240236 268 13 467 78
dog-leonberger 0.007521807 179 21 208 62
dog-pug 0.007385379 126 22 210 106
dog-shiba_inu 0.007314249 129 24 201 66
dog-boxer 0.0069945883 174 23 240 53
dog-american_pit_bull_terrier 0.0069102715 126 21 209 107
dog-yorkshire_terrier 0.0068764174 359 53 500 331
dog-leonberger 0.006744568 463 12 499 84
dog-boxer 0.006713529 171 28 240 64
dog-staffordshire_bull_terrier 0.0064246412 325 171 353 185
dog-boxer 0.006378531 121 18 270 109
dog-pomeranian 0.006337747 353 0 500 239
cat-Sphynx 0.006208052 128 18 354 120
cat-Egyptian_Mau 0.0061945696 129 24 201 66
dog-samoyed 0.006112176 362 102 500 354
dog-leonberger 0.0060744267 362 213 465 363
cat-Maine_Coon 0.005965249 240 205 270 219
dog-american_bulldog 0.0058792704 239 131 293 156
dog-boxer 0.0058308374 83 18 206 102
cat-Persian 0.005819921 150 0 180 16
dog-japanese_chin 0.0056515206 125 21 208 114
dog-havanese 0.005574451 362 102 500 354
dog-japanese_chin 0.0054610614 459 5 500 77
dog-great_pyrenees 0.0054063047 308 9 499 75
cat-British_Shorthair 0.0052649784 126 21 209 107
dog-staffordshire_bull_terrier 0.005017176 356 200 390 211
dog-leonberger 0.0049564186 334 50 500 351
dog-staffordshire_bull_terrier 0.0049432595 319 166 348 180
dog-leonberger 0.004921301 0 16 30 93
cat-Birman 0.004870962 126 22 210 106
dog-pug 0.004811106 283 28 441 103
dog-samoyed 0.004785033 353 225 500 388
bella 0.0047820024 474 123 500 195
dog-scottish_terrier 0.004756351 129 24 201 66
dog-pomeranian 0.0047276444 308 9 499 75
dog-samoyed 0.0046804072 334 50 500 351
dog-boxer 0.0046177204 191 30 254 64
dog-pug 0.0046044337 270 39 392 102
cat-Maine_Coon 0.004598314 190 326 225 341
dog-staffordshire_bull_terrier 0.0044806167 338 185 366 198
dog-chihuahua 0.0044625313 126 22 210 106
cat-Russian_Blue 0.0044582374 129 24 201 66
dog-english_cocker_spaniel 0.0044183135 308 0 340 15
dog-american_pit_bull_terrier 0.0043788967 359 53 500 331
dog-american_bulldog 0.004335137 128 18 354 120
dog-japanese_chin 0.0042934823 179 21 208 62
dog-japanese_chin 0.004281295 334 50 500 351
dog-american_bulldog 0.0042668483 254 132 304 158
cat-Maine_Coon 0.0041865734 177 326 214 341
dog-english_cocker_spaniel 0.004170183 295 0 327 15
dog-yorkshire_terrier 0.004170112 339 0 500 96
dog-basset_hound 0.004137411 85 251 112 265
dog-english_cocker_spaniel 0.0041052285 258 0 289 15
dog-english_cocker_spaniel 0.0040099807 320 0 353 15
cat-Maine_Coon 0.004008222 165 327 201 342
dog-basset_hound 0.0039384984 65 253 91 264
cat-Persian 0.0039357473 361 237 488 385
bella 0.003906773 475 143 500 215
dog-wheaten_terrier 0.0038250815 46 245 166 316
cat-Egyptian_Mau 0.003747072 239 231 299 256
cat-Persian 0.0037395216 162 0 192 16
dog-havanese 0.0037319951 376 34 500 263
dog-yorkshire_terrier 0.0037253632 43 227 87 260
dog-pomeranian 0.0037147931 359 0 500 42
dog-basset_hound 0.0036915094 79 244 108 258
dog-english_cocker_spaniel 0.003671689 295 362 326 373
cat-Persian 0.0036632405 138 0 168 15
dog-pomeranian 0.0036278267 339 0 500 96
cat-Maine_Coon 0.003617632 244 44 291 63
cat-Persian 0.0035853956 440 2 500 33
dog-english_cocker_spaniel 0.0035752691 245 0 277 15
dog-boxer 0.003550405 210 31 268 63
dog-staffordshire_bull_terrier 0.00354463 350 195 382 210
