cat-Russian_Blue 0.72558147 223 24 367 127
cat-Abyssinian 0.5318014 223 24 367 127
cat-Egyptian_Mau 0.34331292 223 24 367 127
dog-boxer 0.22186394 225 24 365 128
cat-Sphynx 0.19712806 225 24 365 128
cat-Siamese 0.15742657 225 24 365 128
cat-British_Shorthair 0.13010243 223 24 367 127
cat-Bengal 0.06517597 225 24 365 128
cat-Bombay 0.06344388 225 24 365 128
dog-shiba_inu 0.06318876 225 24 365 128
dog-basset_hound 0.04729307 223 24 367 127
dog-beagle 0.043915767 225 24 365 128
cat-Birman 0.04369837 225 24 365 128
cat-Ragdoll 0.04338615 223 24 367 127
dog-keeshond 0.030748395 225 24 365 128
dog-german_shorthaired 0.028041948 225 24 365 128
dog-pug 0.024050172 225 24 365 128
dog-american_bulldog 0.018719625 225 24 365 128
dog-staffordshire_bull_terrier 0.018606132 225 24 365 128
dog-leonberger 0.017375672 466 150 498 220
dog-japanese_chin 0.014574741 225 24 365 128
cat-Birman 0.012707432 68 8 359 135
dog-saint_bernard 0.011806175 225 24 365 128
dog-leonberger 0.011769321 453 148 498 241
dog-leonberger 0.0097375205 225 24 365 128
cat-Maine_Coon 0.009712595 223 24 367 127
cat-Birman 0.0095646335 12 0 169 47
bella 0.009445489 223 24 367 127
cat-Birman 0.009129143 0 0 290 102
cat-Birman 0.00912574 69 0 233 48
dog-chihuahua 0.008558602 225 24 365 128
dog-newfoundland 0.008173869 463 152 500 253
dog-saint_bernard 0.0077407993 303 168 353 201
cat-Egyptian_Mau 0.007518658 303 322 500 444
dog-pug 0.0073008556 68 8 359 135
cat-Siamese 0.007197409 218 20 358 207
dog-saint_bernard 0.0070066513 315 168 368 201
cat-Siamese 0.006923042 355 4 500 68
cat-Siamese 0.006365534 1 0 143 48
cat-Siamese 0.006323772 68 8 359 135
dog-yorkshire_terrier 0.0061732708 90 2 275 67
cat-Bombay 0.0059948377 76 0 220 36
cat-Ragdoll 0.0059308303 68 8 359 135
dog-samoyed 0.0057679717 225 24 365 128
cat-Bombay 0.00544217 373 0 457 26
cat-Egyptian_Mau 0.0053540347 228 31 322 123
cat-Siamese 0.0052583 192 31 367 158
cat-Abyssinian 0.005004981 486 238 500 275
cat-Siamese 0.004971424 69 0 233 48
cat-Birman 0.0049587875 47 2 244 59
dog-great_pyrenees 0.0048734793 122 268 202 340
dog-yorkshire_terrier 0.0048239427 0 0 290 102
cat-Egyptian_Mau 0.0048028347 225 28 291 109
dog-newfoundland 0.0047697052 165 170 257 255
cat-Russian_Blue 0.004768702 150 0 360 116
dog-pomeranian 0.0046027726 192 20 368 133
dog-great_pyrenees 0.004377868 145 269 229 337
cat-Bombay 0.0043590716 438 2 500 41
dog-yorkshire_terrier 0.004308336 101 0 257 50
cat-Bombay 0.004222905 374 1 410 10
cat-British_Shorthair 0.0041943295 225 28 291 109
dog-scottish_terrier 0.004153107 225 24 365 128
cat-Bombay 0.0041506225 90 2 275 67
dog-yorkshire_terrier 0.0041226526 68 8 359 135
dog-pomeranian 0.004088569 0 0 290 102
dog-basset_hound 0.004019942 461 328 499 402
dog-saint_bernard 0.003999372 329 168 384 199
dog-japanese_chin 0.003994389 68 8 359 135
cat-Bombay 0.0039470918 69 0 233 48
dog-boxer 0.0039079757 268 27 500 428
dog-miniature_pinscher 0.00388895 225 24 365 128
dog-american_pit_bull_terrier 0.003875897 225 24 365 128
dog-wheaten_terrier 0.0038525115 463 152 500 253
dog-yorkshire_terrier 0.0036933075 225 24 365 128
dog-pomeranian 0.0036924614 0 0 331 143
dog-leonberger 0.0036887957 485 152 499 183
dog-saint_bernard 0.0036849354 305 177 351 215
dog-saint_bernard 0.0036305096 292 168 338 200
cat-Siamese 0.003606383 47 2 244 59
dog-havanese 0.0035830305 147 196 235 274
dog-staffordshire_bull_terrier 0.0035749122 270 25 360 69
dog-havanese 0.0035339931 146 175 233 255
dog-miniature_pinscher 0.0035228475 448 217 500 359
cat-Persian 0.0034554966 229 15 408 129
cat-Siamese 0.0034193452 26 0 194 47
dog-boxer 0.003369213 235 260 341 329
dog-havanese 0.003322477 125 201 203 277
dog-boxer 0.0033154592 218 20 358 207
dog-havanese 0.0032937792 145 269 229 337
dog-havanese 0.003282604 126 179 202 256
dog-chihuahua 0.0032326214 485 163 500 196
dog-boxer 0.0032281857 192 31 367 158
cat-Russian_Blue 0.003199816 76 0 220 36
cat-Bombay 0.0031983745 386 1 424 11
cat-Sphynx 0.003151285 192 31 367 158
cat-Ragdoll 0.0031429643 55 0 334 108
cat-Abyssinian 0.003116697 226 61 308 125
dog-chihuahua 0.0030995863 485 226 500 264
dog-american_pit_bull_terrier 0.003091793 246 0 500 348
dog-saint_bernard 0.0030697072 316 177 365 215
