cat-Sphynx 0.97968537 98 57 285 274
dog-staffordshire_bull_terrier 0.34112546 98 57 285 274
dog-boxer 0.27094322 98 57 285 274
cat-Russian_Blue 0.044723395 98 57 285 274
cat-Siamese 0.030812725 98 57 285 274
dog-leonberger 0.025396941 458 68 499 189
dog-yorkshire_terrier 0.02187759 329 0 500 61
dog-miniature_pinscher 0.021394135 98 57 285 274
dog-keeshond 0.020682717 329 0 500 61
cat-Sphynx 0.019978872 0 28 320 305
dog-shiba_inu 0.017483214 98 57 285 274
dog-yorkshire_terrier 0.017220045 249 0 500 67
dog-beagle 0.016042344 97 62 286 267
dog-pomeranian 0.015848158 329 0 500 61
dog-havanese 0.0132214585 329 0 500 61
dog-basset_hound 0.012673401 0 101 32 209
dog-staffordshire_bull_terrier 0.012518015 43 67 456 500
dog-pug 0.012249165 87 54 445 313
dog-havanese 0.012014033 360 369 389 384
dog-german_shorthaired 0.011487738 0 101 32 209
cat-Persian 0.010724408 379 0 500 64
cat-Abyssinian 0.010696931 97 56 285 273
cat-Egyptian_Mau 0.010659463 97 62 286 267
dog-yorkshire_terrier 0.010504707 267 0 461 54
dog-samoyed 0.00993579 279 0 500 66
dog-staffordshire_bull_terrier 0.0097013 87 54 445 313
dog-chihuahua 0.009685695 87 54 445 313
dog-japanese_chin 0.008292876 458 61 499 167
cat-Russian_Blue 0.008266377 0 28 320 305
dog-newfoundland 0.008229339 0 82 36 177
dog-boxer 0.008188948 0 28 320 305
cat-Sphynx 0.008137407 182 88 285 238
cat-Sphynx 0.0081264805 101 68 273 205
cat-Sphynx 0.0076939976 0 86 341 374
dog-boxer 0.0075245914 110 169 187 265
dog-leonberger 0.0074931667 0 111 31 221
cat-British_Shorthair 0.0073709004 0 28 320 305
dog-yorkshire_terrier 0.0072760363 331 0 500 109
dog-havanese 0.0071509494 380 200 411 220
dog-newfoundland 0.0069684624 0 101 32 209
dog-leonberger 0.0068138274 0 285 32 384
cat-Bengal 0.006660736 0 28 320 305
dog-havanese 0.0066121034 267 0 461 54
cat-Siamese 0.006298089 87 54 445 313
dog-leonberger 0.0062689935 0 82 36 177
dog-miniature_pinscher 0.0061110435 0 28 320 305
dog-boxer 0.0059946985 312 377 376 407
cat-Bengal 0.0059267636 92 61 285 249
dog-pug 0.0058887512 286 171 345 201
dog-basset_hound 0.005856801 0 129 27 226
cat-Persian 0.0058326293 319 0 497 54
dog-beagle 0.0057554967 0 28 320 305
dog-boxer 0.0057405033 43 67 456 500
dog-keeshond 0.005708868 92 61 285 249
dog-american_pit_bull_terrier 0.005668822 87 54 445 313
dog-boxer 0.0056328583 0 101 32 209
cat-Egyptian_Mau 0.0055593466 0 111 31 221
dog-american_bulldog 0.005547136 92 61 285 249
cat-Sphynx 0.0054882774 87 54 445 313
dog-boxer 0.005455447 87 54 445 313
cat-Bombay 0.005443987 347 244 500 500
dog-german_shorthaired 0.005332617 0 28 320 305
dog-english_setter 0.0053294133 0 111 31 221
cat-Abyssinian 0.0053195446 0 28 320 305
dog-yorkshire_terrier 0.0053122127 365 14 500 244
dog-miniature_pinscher 0.00520817 87 54 445 313
dog-havanese 0.005181721 277 0 500 111
dog-staffordshire_bull_terrier 0.0051578563 89 53 405 468
dog-pug 0.005095359 106 74 500 410
cat-Bengal 0.0050216476 0 111 31 221
dog-keeshond 0.0049523567 249 0 500 67
cat-Siamese 0.00485623 106 74 500 410
cat-Sphynx 0.004785853 106 130 271 276
dog-boxer 0.0047724177 320 377 395 404
dog-beagle 0.004748178 0 101 32 209
cat-Egyptian_Mau 0.004727918 0 28 320 305
dog-leonberger 0.0046935226 0 74 303 500
dog-american_bulldog 0.0046744663 0 28 320 305
dog-keeshond 0.00466379 267 0 461 54
cat-Russian_Blue 0.004615126 312 377 376 407
dog-staffordshire_bull_terrier 0.004568765 0 28 320 305
dog-miniature_pinscher 0.004559534 110 1 148 13
dog-newfoundland 0.0045214402 459 76 499 197
cat-Russian_Blue 0.004514376 320 377 395 404
dog-english_cocker_spaniel 0.0045081507 461 100 499 241
dog-samoyed 0.00445451 92 61 285 249
dog-leonberger 0.0043564006 303 0 485 53
cat-Bombay 0.004343136 111 1 151 17
cat-Bombay 0.004332423 456 335 498 413
dog-yorkshire_terrier 0.0042949975 22 0 154 54
dog-yorkshire_terrier 0.004282655 320 0 500 153
dog-boxer 0.0042574382 182 88 285 238
dog-yorkshire_terrier 0.004244974 389 0 500 68
dog-boxer 0.0042015375 238 99 285 148
dog-american_pit_bull_terrier 0.004187146 43 67 456 500
dog-pomeranian 0.004127789 424 0 500 95
dog-havanese 0.0040660673 106 477 142 497
dog-pomeranian 0.0039704875 331 0 500 109
dog-pomeranian 0.0039584464 389 0 500 68
dog-samoyed 0.003941846 348 0 500 56
