dog-shiba_inu 0.6846627 190 88 282 191
cat-Sphynx 0.3565564 190 88 282 190
dog-american_bulldog 0.28026268 190 89 283 190
dog-staffordshire_bull_terrier 0.256265 190 88 282 190
dog-beagle 0.19182377 190 89 283 190
dog-american_pit_bull_terrier 0.14484523 190 89 283 190
dog-chihuahua 0.0734176 191 88 282 191
dog-boxer 0.05107037 191 88 282 191
dog-english_setter 0.05070841 191 88 282 191
dog-pomeranian 0.04256055 191 88 282 191
cat-Egyptian_Mau 0.03598114 191 88 282 191
cat-Siamese 0.03549341 191 88 282 191
dog-saint_bernard 0.03413083 191 88 282 191
dog-great_pyrenees 0.030857954 191 88 282 191
cat-Abyssinian 0.027423322 191 88 282 191
dog-miniature_pinscher 0.02594557 191 88 282 191
bella 0.02442955 191 88 282 191
cat-Ragdoll 0.020608537 191 88 282 191
cat-Bengal 0.01636379 191 88 282 191
dog-leonberger 0.016350724 191 88 282 191
cat-Russian_Blue 0.013729723 191 88 282 191
dog-basset_hound 0.01321973 191 88 282 191
dog-samoyed 0.012790857 191 88 282 191
dog-scottish_terrier 0.012277623 191 88 282 191
dog-keeshond 0.010806769 191 88 282 191
dog-pug 0.008431527 191 88 282 191
dog-japanese_chin 0.007969565 191 88 282 191
dog-leonberger 0.007789884 0 149 30 189
dog-german_shorthaired 0.006888767 191 88 282 191
dog-newfoundland 0.0068266345 191 88 282 191
dog-wheaten_terrier 0.0062036724 0 0 298 171
cat-Bengal 0.0058325487 454 28 500 115
dog-boxer 0.005446412 303 129 353 152
cat-Persian 0.005408862 66 178 110 188
cat-Egyptian_Mau 0.005378228 467 1 500 64
cat-Egyptian_Mau 0.0052879862 206 89 274 112
dog-english_cocker_spaniel 0.0051606363 0 0 298 171
dog-wheaten_terrier 0.0051569412 191 88 282 191
cat-Egyptian_Mau 0.004818768 334 1 441 33
cat-Egyptian_Mau 0.004655647 470 216 500 286
cat-Bengal 0.004540487 473 248 500 301
dog-staffordshire_bull_terrier 0.004506159 266 261 301 276
dog-miniature_pinscher 0.0044950987 378 0 418 9
dog-miniature_pinscher 0.004450071 1 30 16 64
dog-shiba_inu 0.0044444916 201 80 260 103
dog-staffordshire_bull_terrier 0.004393636 174 0 383 49
dog-wheaten_terrier 0.00436168 0 0 314 213
cat-Bombay 0.004352756 206 0 292 17
dog-american_bulldog 0.004301215 210 81 273 103
dog-leonberger 0.0042812605 0 138 27 180
dog-havanese 0.004069823 188 81 284 182
dog-boxer 0.0040612984 291 129 338 153
cat-Egyptian_Mau 0.0040233987 194 94 272 128
dog-miniature_pinscher 0.0040022926 0 0 314 213
dog-scottish_terrier 0.0038831928 0 0 298 171
cat-Bengal 0.003811415 471 270 500 319
dog-shiba_inu 0.0037183336 59 0 251 38
dog-american_pit_bull_terrier 0.003643947 199 71 500 334
cat-Ragdoll 0.003635795 210 81 273 103
dog-english_cocker_spaniel 0.0036162625 0 0 314 213
dog-havanese 0.003607003 290 69 427 123
cat-Egyptian_Mau 0.0036020556 461 276 499 332
cat-Egyptian_Mau 0.0035555186 0 0 27 28
dog-boxer 0.0035410677 301 123 352 144
dog-yorkshire_terrier 0.003519754 249 8 500 159
cat-Egyptian_Mau 0.0034853846 469 274 500 326
dog-shiba_inu 0.0034584303 162 46 300 188
dog-havanese 0.0033881632 79 182 120 190
cat-Egyptian_Mau 0.0033479882 471 193 500 264
cat-Maine_Coon 0.0033434392 183 0 500 139
dog-havanese 0.0033076638 66 178 110 188
dog-scottish_terrier 0.0032913787 0 0 314 213
cat-Siamese 0.003270535 5 0 90 19
cat-Egyptian_Mau 0.003269203 469 144 500 209
dog-newfoundland 0.0032229896 0 0 270 191
cat-Egyptian_Mau 0.0032210299 292 265 500 330
dog-staffordshire_bull_terrier 0.0031943182 295 242 328 260
dog-leonberger 0.0031777462 0 0 27 28
dog-wheaten_terrier 0.0031455918 378 53 428 95
bella 0.0031312217 471 132 500 187
dog-yorkshire_terrier 0.0030915593 0 0 279 82
dog-yorkshire_terrier 0.0030508314 323 0 500 82
cat-Bengal 0.0030303276 103 0 264 33
dog-boxer 0.0030258535 214 38 247 66
cat-Maine_Coon 0.0029972387 191 88 282 191
cat-Bengal 0.0029665118 471 0 500 32
cat-Bengal 0.0029513987 470 0 500 48
cat-Bombay 0.0029503186 44 0 179 25
dog-staffordshire_bull_terrier 0.0029485687 175 73 500 334
cat-Bengal 0.0029432059 194 94 272 128
dog-havanese 0.0029301585 0 0 298 171
dog-great_pyrenees 0.00293009 290 69 427 123
dog-boxer 0.0029070985 319 131 366 161
dog-staffordshire_bull_terrier 0.0028832378 191 0 353 35
dog-english_cocker_spaniel 0.002880551 191 88 282 191
cat-Egyptian_Mau 0.0028735306 78 0 240 33
dog-miniature_pinscher 0.002864703 0 0 298 171
dog-miniature_pinscher 0.002853584 1 18 17 53
dog-beagle 0.0028485777 206 89 274 112
dog-basset_hound 0.002843698 471 132 500 187
