cat-Sphynx 0.84323025 148 168 252 274
cat-Abyssinian 0.35260507 150 169 251 274
dog-boxer 0.10354536 149 169 251 274
dog-beagle 0.09592692 150 169 251 274
cat-Russian_Blue 0.049528312 145 156 249 275
cat-Egyptian_Mau 0.034926955 150 169 251 274
dog-shiba_inu 0.029374 150 169 251 274
dog-basset_hound 0.022914287 150 168 250 276
cat-Siamese 0.021554427 150 169 251 274
cat-Egyptian_Mau 0.014182122 1 357 27 451
cat-Bengal 0.01415073 150 169 251 274
dog-wheaten_terrier 0.010904982 180 107 222 133
cat-British_Shorthair 0.009429432 48 361 70 374
cat-Egyptian_Mau 0.008278344 0 296 78 500
cat-British_Shorthair 0.007555725 145 156 249 275
dog-beagle 0.007548134 187 170 252 269
dog-saint_bernard 0.007371633 95 124 131 159
cat-Bombay 0.0071272403 150 169 251 274
dog-wheaten_terrier 0.006847114 200 107 237 135
dog-saint_bernard 0.0067417254 113 124 146 158
dog-saint_bernard 0.0061153634 1 132 30 232
cat-Maine_Coon 0.0060332646 199 1 332 105
cat-Egyptian_Mau 0.0059812544 190 107 230 134
dog-staffordshire_bull_terrier 0.0058378186 150 168 252 275
dog-chihuahua 0.005695874 150 169 251 274
dog-saint_bernard 0.0056105233 228 278 262 311
dog-saint_bernard 0.0053220633 121 124 155 160
cat-Birman 0.005230295 219 432 317 498
dog-saint_bernard 0.005097673 104 118 140 149
dog-leonberger 0.0048860875 1 127 21 210
dog-great_pyrenees 0.0048446027 180 107 222 133
dog-newfoundland 0.0048051104 0 125 21 222
dog-basset_hound 0.0047119157 63 274 94 308
dog-basset_hound 0.0046478957 60 270 95 296
dog-newfoundland 0.004604119 119 265 141 336
dog-wheaten_terrier 0.004490526 255 281 286 309
cat-Egyptian_Mau 0.0044362326 48 275 79 309
dog-wheaten_terrier 0.0044235666 166 106 205 133
dog-wheaten_terrier 0.004397202 152 106 187 135
cat-Persian 0.004374049 0 0 227 257
dog-yorkshire_terrier 0.004274087 211 0 332 113
dog-yorkshire_terrier 0.004266994 33 0 210 72
dog-wheaten_terrier 0.0042143413 145 119 181 148
dog-saint_bernard 0.0041728434 49 127 80 162
dog-german_shorthaired 0.004166616 150 169 251 274
cat-Egyptian_Mau 0.004142068 63 274 94 308
cat-British_Shorthair 0.0041399794 48 363 71 378
dog-english_cocker_spaniel 0.0041363067 264 260 281 277
dog-leonberger 0.0040816236 310 115 330 214
cat-Egyptian_Mau 0.0040498716 244 279 278 309
cat-Bombay 0.003980377 53 0 122 27
cat-Egyptian_Mau 0.003942529 308 239 330 332
dog-basset_hound 0.0038688895 54 275 86 309
cat-Egyptian_Mau 0.0038638886 0 354 34 497
dog-leonberger 0.0038578105 180 107 222 133
dog-english_setter 0.0038551972 190 107 230 134
dog-english_cocker_spaniel 0.0038535437 269 260 285 277
cat-Egyptian_Mau 0.003830305 308 266 330 347
cat-Egyptian_Mau 0.0038163133 200 119 240 147
cat-Bombay 0.003768352 78 0 147 27
dog-saint_bernard 0.0037176884 57 126 88 161
cat-Egyptian_Mau 0.0036978915 234 279 269 309
dog-wheaten_terrier 0.0036776895 263 282 295 309
dog-wheaten_terrier 0.0036570479 209 107 247 138
dog-english_cocker_spaniel 0.0035998796 260 260 277 277
dog-yorkshire_terrier 0.003543145 56 3 224 102
cat-Egyptian_Mau 0.003488647 255 281 286 309
cat-Bombay 0.0034690385 103 0 172 28
cat-Egyptian_Mau 0.003468534 38 276 73 309
dog-saint_bernard 0.0034540782 82 124 112 160
dog-saint_bernard 0.0034433443 66 125 95 161
dog-saint_bernard 0.003436526 149 169 251 274
cat-British_Shorthair 0.0034263427 224 446 250 463
dog-saint_bernard 0.0034049207 37 127 71 161
dog-english_cocker_spaniel 0.0033964652 263 282 295 309
cat-Bombay 0.0033066107 128 0 197 28
dog-english_cocker_spaniel 0.0033014838 273 260 290 277
cat-Egyptian_Mau 0.0032912896 0 395 49 500
cat-Bombay 0.0032778813 186 0 255 27
cat-Bombay 0.0032731658 29 0 98 27
cat-Persian 0.0032545389 43 0 270 181
cat-Bombay 0.0032203302 153 0 221 28
dog-boxer 0.0031764535 147 125 268 278
dog-wheaten_terrier 0.0031648355 309 113 331 235
dog-english_cocker_spaniel 0.003158498 255 281 286 309
dog-american_bulldog 0.0031561572 228 278 262 311
cat-British_Shorthair 0.0031494386 40 416 63 432
cat-Siamese 0.0031253002 127 104 332 409
dog-leonberger 0.0031237528 0 133 20 234
cat-Bombay 0.003091455 211 0 280 27
cat-Egyptian_Mau 0.0030809273 60 270 95 296
dog-saint_bernard 0.003073359 87 117 123 147
dog-wheaten_terrier 0.003066061 57 363 78 375
dog-basset_hound 0.0030651665 307 189 331 303
dog-yorkshire_terrier 0.0030537595 0 0 195 115
dog-basset_hound 0.0030389817 68 270 103 295
cat-Egyptian_Mau 0.00303455 24 277 67 311
dog-miniature_pinscher 0.002977449 149 169 251 275
dog-saint_bernard 0.0029767288 74 124 103 161
dog-beagle 0.002955465 234 279 269 309
