cat-Russian_Blue 0.9814243 123 120 237 220
cat-Abyssinian 0.23373711 124 121 237 220
cat-Sphynx 0.180271 123 120 237 220
cat-Egyptian_Mau 0.14423911 123 118 236 220
cat-Bengal 0.13821314 124 121 237 220
cat-Bombay 0.12572315 123 118 236 220
dog-boxer 0.081229754 123 118 236 220
dog-german_shorthaired 0.056161433 123 118 236 220
cat-British_Shorthair 0.04501991 123 118 236 220
cat-Siamese 0.0420815 123 118 236 220
dog-shiba_inu 0.041233666 123 118 236 220
dog-staffordshire_bull_terrier 0.035975117 123 118 236 220
dog-beagle 0.023678733 123 118 236 220
dog-basset_hound 0.020836443 123 118 236 220
dog-miniature_pinscher 0.016853688 123 118 236 220
dog-yorkshire_terrier 0.012964412 192 0 431 61
dog-scottish_terrier 0.012034953 123 118 236 220
dog-leonberger 0.011135011 123 118 236 220
dog-keeshond 0.01029428 123 118 236 220
cat-Siamese 0.0097887 1 0 145 37
bella 0.009442835 473 38 500 95
cat-Birman 0.009266082 10 0 173 37
cat-Birman 0.00866505 263 0 428 38
cat-Maine_Coon 0.008570133 123 118 236 220
dog-chihuahua 0.008017772 123 118 236 220
cat-Birman 0.007906611 123 118 236 220
dog-pomeranian 0.007205534 42 0 383 156
cat-Birman 0.006959893 161 0 459 75
cat-Ragdoll 0.006305544 123 118 236 220
dog-pug 0.006197159 96 16 500 217
dog-pug 0.0059723444 123 118 236 220
cat-Egyptian_Mau 0.005785727 379 251 435 270
dog-yorkshire_terrier 0.005647837 235 0 430 44
cat-Sphynx 0.0053506587 183 121 237 182
dog-newfoundland 0.0052158264 123 118 236 220
dog-japanese_chin 0.0051192194 123 118 236 220
dog-american_pit_bull_terrier 0.0048174434 123 118 236 220
cat-Egyptian_Mau 0.004778196 0 0 80 21
dog-yorkshire_terrier 0.00457165 331 0 500 189
dog-leonberger 0.004307972 466 222 498 281
cat-Bombay 0.0042203767 10 0 173 37
dog-yorkshire_terrier 0.0042010965 0 0 241 225
cat-Egyptian_Mau 0.004192902 353 252 407 271
dog-yorkshire_terrier 0.004081693 324 0 500 82
bella 0.00402784 473 54 500 107
dog-miniature_pinscher 0.0040213987 1 31 16 68
dog-yorkshire_terrier 0.0038370397 123 118 236 220
bella 0.003746159 471 16 500 81
cat-Bombay 0.003739875 112 0 310 38
dog-boxer 0.003643786 129 109 326 217
cat-Birman 0.0036333033 185 0 389 38
dog-boxer 0.0035994845 320 249 371 275
cat-Persian 0.003505515 0 0 262 209
dog-american_pit_bull_terrier 0.0034832654 0 100 241 333
cat-Birman 0.0033852274 327 0 465 35
cat-Maine_Coon 0.0033320026 286 0 469 48
dog-havanese 0.0033242824 289 316 325 331
dog-leonberger 0.00328996 0 72 285 333
cat-Birman 0.0032330162 38 0 233 37
dog-german_shorthaired 0.003226509 320 249 371 275
dog-yorkshire_terrier 0.0032208092 161 0 459 75
dog-miniature_pinscher 0.0032099169 0 95 14 129
dog-american_bulldog 0.0031763283 0 72 285 333
dog-miniature_pinscher 0.0031599142 2 277 14 301
cat-Bombay 0.0031491495 61 0 260 37
cat-Bengal 0.0031236175 144 119 230 154
cat-Bengal 0.0031049321 329 0 425 20
dog-american_bulldog 0.003085223 123 118 236 220
dog-pug 0.0030850202 140 0 500 174
cat-Bengal 0.003072576 0 0 80 21
bella 0.003066672 123 118 236 220
dog-american_pit_bull_terrier 0.0030201522 0 94 304 333
cat-Siamese 0.0030092674 129 109 326 217
cat-Abyssinian 0.0029745472 0 0 80 21
cat-Egyptian_Mau 0.0029730164 350 244 412 263
dog-chihuahua 0.0029001874 1 0 145 37
dog-pomeranian 0.0028993494 1 0 145 37
cat-Bombay 0.0028677422 161 0 365 38
cat-Birman 0.002836859 87 0 285 37
cat-Birman 0.002835401 137 0 337 38
dog-german_shorthaired 0.0028237135 193 118 235 162
dog-pug 0.002812851 103 74 500 269
cat-Egyptian_Mau 0.0028097483 334 250 391 271
cat-Abyssinian 0.0028045066 1 0 145 37
bella 0.002794552 3 176 39 263
dog-boxer 0.0027780465 466 222 498 281
cat-Birman 0.0027555905 129 109 326 217
dog-wheaten_terrier 0.0027555712 123 118 236 220
dog-yorkshire_terrier 0.0027481136 101 0 418 49
dog-staffordshire_bull_terrier 0.0027354925 160 119 234 152
bella 0.0027218573 462 3 499 79
dog-yorkshire_terrier 0.0027155355 263 205 300 217
cat-Bengal 0.0026895045 126 124 226 165
cat-Bombay 0.0026893318 455 127 498 183
cat-Bengal 0.002688645 125 135 202 211
dog-basset_hound 0.0026752749 466 222 498 281
cat-Bombay 0.0026655265 236 0 418 38
cat-Egyptian_Mau 0.0026523327 390 250 451 270
dog-miniature_pinscher 0.0026457403 486 95 500 124
cat-Bombay 0.0026432613 322 29 500 239
