dog-american_bulldog 0.8038162 263 68 346 155
dog-shiba_inu 0.6951625 263 68 346 155
dog-american_pit_bull_terrier 0.23677246 263 68 346 155
dog-staffordshire_bull_terrier 0.21143949 263 68 346 155
bella 0.13248211 263 68 346 155
dog-beagle 0.055873353 263 68 346 155
cat-Egyptian_Mau 0.044664893 266 65 347 152
dog-great_pyrenees 0.04084364 264 68 346 153
cat-Ragdoll 0.027034238 266 65 347 152
dog-english_setter 0.020943968 265 67 347 153
dog-samoyed 0.02060573 265 66 347 155
dog-saint_bernard 0.014317603 265 68 345 155
dog-keeshond 0.012495417 262 67 346 155
cat-British_Shorthair 0.011038305 266 65 347 152
dog-boxer 0.010828608 267 70 297 103
bella 0.010733121 2 179 33 268
dog-american_pit_bull_terrier 0.010697971 215 0 500 282
dog-american_bulldog 0.010461743 260 32 500 329
cat-Siamese 0.010426566 266 65 347 152
dog-boxer 0.010058539 266 65 347 152
dog-boxer 0.009925668 179 122 227 144
cat-Russian_Blue 0.00992481 266 65 347 152
cat-Maine_Coon 0.009443776 266 65 347 152
dog-pomeranian 0.008620119 266 65 347 152
cat-Abyssinian 0.0077556167 266 65 347 152
cat-Egyptian_Mau 0.007654889 271 68 340 109
dog-samoyed 0.007476154 271 68 340 109
dog-basset_hound 0.00744103 266 65 347 152
dog-staffordshire_bull_terrier 0.007158737 360 3 500 50
dog-american_pit_bull_terrier 0.0068603856 262 0 500 295
dog-boxer 0.006739701 151 121 205 141
cat-Bengal 0.00671316 338 153 500 340
dog-great_pyrenees 0.0062053637 271 68 340 109
bella 0.0060850387 3 154 33 246
cat-Sphynx 0.006052988 271 68 340 109
cat-Bengal 0.00600334 297 241 500 340
dog-staffordshire_bull_terrier 0.0059951874 59 40 327 159
dog-miniature_pinscher 0.005895393 486 41 500 70
dog-english_cocker_spaniel 0.0055578942 326 2 369 9
dog-american_bulldog 0.0055187605 215 0 500 282
dog-american_bulldog 0.00548548 185 45 485 324
dog-shiba_inu 0.0053926385 271 68 340 109
dog-staffordshire_bull_terrier 0.005345725 0 45 406 299
dog-newfoundland 0.005204692 59 51 160 113
cat-Bengal 0.0049317707 271 68 340 109
cat-Bengal 0.0049154945 266 65 347 152
cat-Sphynx 0.00484 266 65 347 152
dog-english_cocker_spaniel 0.004785587 339 1 381 9
dog-english_cocker_spaniel 0.0047565023 366 1 405 10
dog-staffordshire_bull_terrier 0.0047335015 271 68 340 109
bella 0.004657605 3 216 31 299
dog-boxer 0.00445485 167 122 211 146
dog-english_cocker_spaniel 0.0044316165 353 1 393 9
cat-British_Shorthair 0.0043927995 255 60 500 340
dog-boxer 0.0042926837 320 68 372 99
dog-boxer 0.004257986 0 18 437 327
cat-Ragdoll 0.004174748 271 68 340 109
dog-boxer 0.004163242 335 68 390 99
dog-english_cocker_spaniel 0.0040770676 379 1 417 10
dog-boxer 0.004071321 139 120 194 139
dog-saint_bernard 0.0040627145 151 121 205 141
cat-Maine_Coon 0.0040276316 271 68 340 109
dog-staffordshire_bull_terrier 0.0040232176 273 65 337 95
dog-english_cocker_spaniel 0.004006636 165 2 206 9
dog-leonberger 0.0040058712 266 65 347 152
cat-Birman 0.0039639375 266 65 347 152
dog-english_cocker_spaniel 0.0039515654 391 1 430 10
dog-american_pit_bull_terrier 0.003927725 267 70 297 98
dog-scottish_terrier 0.00390704 271 68 340 109
dog-english_cocker_spaniel 0.0037522858 152 2 193 10
dog-american_bulldog 0.0037359472 0 1 410 340
dog-havanese 0.0037004538 262 0 500 251
dog-japanese_chin 0.0035848643 266 65 347 152
dog-chihuahua 0.0035768272 263 68 346 155
dog-wheaten_terrier 0.0035398349 271 68 340 109
dog-english_cocker_spaniel 0.0034876014 40 57 82 68
dog-english_cocker_spaniel 0.0034792786 315 2 357 10
cat-Bombay 0.0034367174 338 153 500 340
dog-shiba_inu 0.0034010492 265 99 341 155
cat-British_Shorthair 0.0033938035 185 45 485 324
dog-saint_bernard 0.003382066 139 120 194 139
dog-miniature_pinscher 0.0033719444 486 51 500 79
dog-staffordshire_bull_terrier 0.003303711 369 14 500 71
dog-wheaten_terrier 0.0032935196 265 67 347 153
dog-boxer 0.0032878718 361 0 499 38
bella 0.0032843295 3 127 33 219
dog-scottish_terrier 0.0032489363 266 65 347 152
dog-boxer 0.0032441588 195 123 245 146
dog-english_cocker_spaniel 0.003225546 141 2 181 10
dog-staffordshire_bull_terrier 0.003184817 0 38 439 340
dog-german_shorthaired 0.0031810242 268 70 295 102
dog-american_pit_bull_terrier 0.003176138 447 87 500 206
dog-staffordshire_bull_terrier 0.0031585072 110 5 271 48
dog-staffordshire_bull_terrier 0.0031447965 76 64 329 191
dog-newfoundland 0.0031007773 260 32 500 329
dog-english_cocker_spaniel 0.0030693773 178 2 219 10
cat-Egyptian_Mau 0.0030693088 0 289 104 340
dog-english_cocker_spaniel 0.0030654096 404 2 442 10
dog-english_cocker_spaniel 0.0030605695 375 66 421 74
dog-beagle 0.0030050545 139 120 194 139
