dog-staffordshire_bull_terrier 0.86737764 136 71 442 261
dog-german_shorthaired 0.54455423 136 71 445 264
dog-german_shorthaired 0.077429965 356 81 433 152
dog-american_pit_bull_terrier 0.05460831 135 70 445 277
dog-boxer 0.03939832 356 81 433 152
dog-boxer 0.03738522 135 70 445 277
dog-miniature_pinscher 0.024546938 137 70 439 255
dog-english_cocker_spaniel 0.020363625 137 63 457 295
dog-english_setter 0.019159466 356 81 433 152
dog-german_shorthaired 0.019145291 154 83 494 375
dog-newfoundland 0.018615073 137 70 439 255
dog-basset_hound 0.018023938 358 82 435 151
dog-basset_hound 0.017480182 137 63 457 295
dog-staffordshire_bull_terrier 0.016695809 154 83 494 375
dog-basset_hound 0.015723098 154 83 494 375
dog-boxer 0.015227484 279 82 431 165
cat-Egyptian_Mau 0.013463424 0 187 26 241
dog-german_shorthaired 0.012226397 292 75 432 155
cat-Birman 0.011496129 422 0 488 19
dog-newfoundland 0.010529335 356 81 433 152
cat-Russian_Blue 0.010428181 241 74 433 153
dog-staffordshire_bull_terrier 0.009986088 241 74 433 153
cat-Bengal 0.009892836 358 82 435 151
cat-British_Shorthair 0.009776395 144 72 452 273
dog-staffordshire_bull_terrier 0.0091844555 359 80 432 148
dog-beagle 0.008725677 356 81 433 152
dog-german_shorthaired 0.008692574 182 84 500 375
cat-British_Shorthair 0.008565422 359 80 432 148
cat-British_Shorthair 0.0082249725 292 75 432 155
dog-boxer 0.008209409 194 70 437 179
cat-Bengal 0.008050041 0 39 483 337
dog-scottish_terrier 0.0077104922 137 63 457 295
dog-english_setter 0.0075860308 154 83 494 375
cat-Egyptian_Mau 0.0072711916 0 209 26 256
cat-Russian_Blue 0.007202552 137 70 439 255
dog-american_pit_bull_terrier 0.0071606426 154 83 494 375
dog-newfoundland 0.0071562123 0 39 483 337
dog-english_cocker_spaniel 0.0071078003 154 83 494 375
dog-english_cocker_spaniel 0.0070652673 356 81 433 152
cat-Russian_Blue 0.006780664 154 83 494 375
cat-Birman 0.0066315285 396 0 470 18
cat-Abyssinian 0.006576659 475 247 500 310
cat-British_Shorthair 0.006469301 0 39 483 337
dog-staffordshire_bull_terrier 0.006388224 194 70 437 179
dog-american_bulldog 0.006225345 359 80 432 148
dog-chihuahua 0.0061575714 486 15 500 44
dog-basset_hound 0.0059815436 199 164 495 375
dog-english_cocker_spaniel 0.00594879 0 39 483 337
dog-german_shorthaired 0.005944007 388 81 435 136
cat-Persian 0.00569491 422 0 488 19
cat-Sphynx 0.0056751124 0 19 438 254
dog-german_shorthaired 0.0056593018 0 39 483 337
dog-basset_hound 0.005452356 182 84 500 375
cat-Egyptian_Mau 0.005382249 469 67 500 149
cat-Egyptian_Mau 0.005127527 0 223 26 269
dog-boxer 0.004913682 361 86 406 108
dog-leonberger 0.00489048 356 81 433 152
dog-staffordshire_bull_terrier 0.0048732297 353 75 389 94
cat-Bombay 0.004539412 338 0 424 20
cat-Bombay 0.0045020687 135 70 445 277
dog-boxer 0.004486553 0 39 483 337
dog-miniature_pinscher 0.0044666748 154 83 494 375
dog-american_bulldog 0.004409745 0 39 483 337
dog-basset_hound 0.0043253205 139 148 180 180
dog-staffordshire_bull_terrier 0.004303742 0 39 483 337
cat-Russian_Blue 0.004302659 359 80 432 148
cat-Egyptian_Mau 0.0042991433 485 7 500 37
dog-miniature_pinscher 0.0042974614 0 39 483 337
dog-leonberger 0.0042921375 485 1 500 27
dog-american_pit_bull_terrier 0.004228061 359 80 432 148
cat-Abyssinian 0.0041994452 0 181 28 235
cat-Egyptian_Mau 0.004179488 475 255 500 319
cat-Abyssinian 0.004142971 475 263 500 328
cat-Bombay 0.0041046105 0 39 483 337
dog-staffordshire_bull_terrier 0.0040472066 486 11 500 40
cat-Ragdoll 0.004026572 422 0 488 19
cat-Egyptian_Mau 0.0039024614 0 39 483 337
dog-staffordshire_bull_terrier 0.0038811737 361 81 427 116
dog-yorkshire_terrier 0.0038505686 11 0 270 98
dog-boxer 0.0038303724 154 83 494 375
cat-Bengal 0.0037839906 279 82 431 165
dog-basset_hound 0.003759984 0 39 483 337
dog-pug 0.003696381 194 70 437 179
dog-keeshond 0.0036798653 0 39 483 337
bella 0.0036694047 137 70 439 255
cat-Bombay 0.003662478 349 1 433 25
dog-german_shorthaired 0.0036522022 171 40 500 319
cat-Egyptian_Mau 0.003604154 486 15 500 44
dog-chihuahua 0.0035572555 484 297 500 336
cat-Birman 0.0035533078 194 70 437 179
dog-english_setter 0.0035527032 135 70 445 277
cat-Bombay 0.003532259 367 0 444 19
cat-Russian_Blue 0.003512331 194 70 437 179
cat-Birman 0.0035090034 241 74 433 153
dog-beagle 0.003506238 144 72 452 273
dog-wheaten_terrier 0.0034816654 0 39 483 337
dog-staffordshire_bull_terrier 0.0034348522 337 74 381 95
cat-Sphynx 0.0034192626 0 64 465 320
dog-staffordshire_bull_terrier 0.0034112288 126 40 500 321
dog-leonberger 0.0033211142 486 0 500 15
