dog-wheaten_terrier 0.9570813 134 64 327 246
dog-havanese 0.4063653 132 65 329 245
dog-keeshond 0.06845657 135 66 326 246
dog-scottish_terrier 0.052124836 135 66 326 246
cat-Persian 0.0432338 133 64 329 246
dog-newfoundland 0.043045793 135 66 326 246
dog-english_cocker_spaniel 0.035591375 132 65 329 245
dog-miniature_pinscher 0.023497162 161 58 500 280
cat-British_Shorthair 0.022018157 135 66 326 246
dog-yorkshire_terrier 0.020200975 135 66 326 246
cat-Abyssinian 0.016764665 473 124 500 178
cat-British_Shorthair 0.016423302 0 59 335 266
dog-scottish_terrier 0.014149108 0 59 335 266
dog-samoyed 0.013104333 133 64 327 248
cat-Bombay 0.012457887 209 0 353 24
cat-Bombay 0.012366173 131 63 332 242
cat-Bengal 0.010916013 0 59 335 266
dog-wheaten_terrier 0.009460763 0 59 335 266
dog-miniature_pinscher 0.009290225 282 2 500 112
dog-havanese 0.008968392 129 69 327 167
dog-newfoundland 0.008951219 0 59 335 266
dog-english_cocker_spaniel 0.008867197 161 58 500 280
cat-Bengal 0.008846134 135 66 326 246
cat-Russian_Blue 0.008752258 209 0 353 24
cat-Bengal 0.008388743 0 25 30 100
cat-Bombay 0.008166705 0 59 335 266
cat-Bombay 0.00808644 161 58 500 280
cat-Siamese 0.0078042797 213 0 363 33
cat-Bombay 0.0077431947 53 1 108 11
dog-english_setter 0.007666455 135 66 326 246
dog-english_cocker_spaniel 0.0075795157 0 59 335 266
dog-miniature_pinscher 0.00706404 277 31 500 143
cat-Bombay 0.007016661 244 0 385 25
dog-leonberger 0.006615838 135 66 326 246
cat-Siamese 0.0062530437 263 0 415 34
dog-yorkshire_terrier 0.006178082 0 59 335 266
cat-Bombay 0.00616571 286 0 441 34
dog-great_pyrenees 0.006091393 131 63 332 242
cat-Bombay 0.0060354415 172 0 309 24
dog-english_cocker_spaniel 0.0060020424 189 205 294 253
cat-Abyssinian 0.006000961 473 139 500 196
cat-Persian 0.0056565953 0 59 335 266
dog-miniature_pinscher 0.0055226767 331 19 500 109
dog-havanese 0.005480498 0 59 335 266
cat-Bombay 0.0054733017 143 0 188 8
dog-newfoundland 0.0053461585 129 69 327 167
cat-Siamese 0.005225145 165 0 314 33
cat-Bombay 0.0051619634 28 0 161 38
dog-miniature_pinscher 0.0051153135 313 0 500 81
cat-Abyssinian 0.0051129702 467 108 498 178
dog-miniature_pinscher 0.0050838483 0 59 335 266
cat-Abyssinian 0.004952726 0 15 34 93
cat-Bombay 0.004918597 0 25 30 100
cat-Bombay 0.0048813205 322 0 459 30
cat-Bengal 0.0048714653 473 124 500 178
cat-Bombay 0.004839672 40 1 91 9
dog-boxer 0.004810184 50 178 72 192
dog-miniature_pinscher 0.00466466 101 74 378 333
cat-Bombay 0.004616879 439 1 481 9
cat-Bombay 0.0044069006 299 1 484 45
cat-Bengal 0.004339025 209 0 353 24
cat-Persian 0.0042011645 129 69 327 167
cat-Maine_Coon 0.004178617 135 66 326 246
cat-Bengal 0.004173495 161 58 500 280
dog-japanese_chin 0.0041594165 130 68 325 191
cat-Bombay 0.0040977313 65 1 124 12
dog-yorkshire_terrier 0.0040869866 161 58 500 280
cat-Bombay 0.0040717134 434 0 470 8
dog-staffordshire_bull_terrier 0.003992494 189 80 229 94
cat-Bombay 0.0039364356 448 0 484 8
dog-staffordshire_bull_terrier 0.003934998 161 58 500 280
dog-basset_hound 0.0039287084 0 59 335 266
dog-samoyed 0.0038368537 138 69 314 142
cat-Abyssinian 0.003702045 0 3 35 64
dog-german_shorthaired 0.0036676878 131 63 332 242
dog-great_pyrenees 0.0036626502 138 69 314 142
dog-miniature_pinscher 0.0036595701 125 64 339 272
cat-Bombay 0.0036555126 187 0 285 19
cat-Bengal 0.0036283436 0 3 35 64
dog-english_cocker_spaniel 0.003610664 101 74 378 333
cat-Bengal 0.0036046458 0 44 31 116
dog-wheaten_terrier 0.0035590495 129 69 327 167
dog-chihuahua 0.0035392847 161 58 500 280
cat-Egyptian_Mau 0.0034819285 0 25 30 100
dog-miniature_pinscher 0.0034404167 279 59 500 177
dog-american_pit_bull_terrier 0.003418957 161 58 500 280
cat-Bombay 0.0033924247 430 1 499 26
dog-american_pit_bull_terrier 0.0033838232 0 142 72 237
cat-Birman 0.0033662445 213 0 363 33
dog-staffordshire_bull_terrier 0.0033520255 101 74 378 333
dog-miniature_pinscher 0.0033388645 430 59 500 149
dog-yorkshire_terrier 0.0033041977 129 69 327 167
cat-Bombay 0.003276752 29 0 66 8
dog-american_pit_bull_terrier 0.0032666808 101 74 378 333
dog-keeshond 0.0032383357 0 59 335 266
cat-Abyssinian 0.0032099185 263 0 415 34
dog-german_shorthaired 0.0031908643 0 59 335 266
dog-staffordshire_bull_terrier 0.0031383617 192 70 233 89
dog-basset_hound 0.0030463848 0 25 30 100
cat-Bengal 0.0029689285 138 69 314 142
