dog-havanese 0.5533906 9 0 339 307
dog-wheaten_terrier 0.44887787 7 0 346 275
dog-yorkshire_terrier 0.43905124 9 3 342 274
dog-keeshond 0.24982595 11 0 338 294
dog-scottish_terrier 0.19960174 9 3 342 274
dog-newfoundland 0.07433764 7 0 346 275
dog-samoyed 0.042590078 11 0 338 294
cat-Persian 0.031956896 11 0 338 294
dog-havanese 0.014844035 12 7 431 375
dog-japanese_chin 0.014498557 45 333 175 374
dog-english_cocker_spaniel 0.011928795 7 0 346 275
dog-havanese 0.011335157 0 30 306 375
dog-keeshond 0.009148764 0 11 356 375
dog-newfoundland 0.008708584 5 28 74 176
dog-leonberger 0.008091169 7 0 346 275
dog-havanese 0.0077917827 0 21 286 375
bella 0.007682506 468 19 500 109
dog-wheaten_terrier 0.0069533405 0 0 317 375
dog-samoyed 0.0068213856 0 11 356 375
dog-japanese_chin 0.0065951208 10 1 323 285
cat-Persian 0.0065932437 45 333 175 374
dog-american_pit_bull_terrier 0.006486521 10 1 323 285
dog-leonberger 0.0064834086 0 11 356 375
dog-newfoundland 0.0063355914 0 55 65 196
dog-yorkshire_terrier 0.006264492 0 11 356 375
dog-staffordshire_bull_terrier 0.006196548 244 72 280 88
dog-great_pyrenees 0.006058452 5 1 348 271
dog-german_shorthaired 0.006018961 10 1 323 285
bella 0.005991477 475 185 500 256
dog-pomeranian 0.0059871934 45 333 175 374
dog-pomeranian 0.0059611592 10 1 323 285
dog-wheaten_terrier 0.005830072 0 0 288 296
cat-Bengal 0.005682088 389 0 470 20
dog-havanese 0.005653581 139 165 297 256
dog-staffordshire_bull_terrier 0.0054613925 245 76 280 92
dog-havanese 0.005455369 0 0 288 296
dog-english_setter 0.0054306276 10 1 323 285
dog-staffordshire_bull_terrier 0.0053433115 243 61 279 79
cat-Persian 0.005146926 0 11 356 375
cat-Bombay 0.005134211 350 0 440 22
cat-Egyptian_Mau 0.0051191244 408 0 482 21
cat-British_Shorthair 0.0049816575 10 1 323 285
cat-Bengal 0.004847208 356 0 468 28
cat-Egyptian_Mau 0.0047452245 0 108 25 163
cat-Bombay 0.0047366475 10 1 323 285
cat-Birman 0.004719845 368 0 492 38
dog-havanese 0.0046112617 86 8 345 250
dog-staffordshire_bull_terrier 0.004408244 243 57 279 74
dog-havanese 0.0043680607 22 0 177 45
cat-Abyssinian 0.0042116386 473 278 500 339
cat-Birman 0.004209231 45 333 175 374
dog-staffordshire_bull_terrier 0.0041761594 238 66 273 84
cat-Birman 0.0041547245 180 0 262 20
dog-miniature_pinscher 0.0041304245 330 0 447 31
dog-staffordshire_bull_terrier 0.0040852847 334 3 478 51
dog-samoyed 0.0040753637 33 1 309 119
dog-newfoundland 0.004065843 13 13 106 181
cat-Bombay 0.0040530055 373 0 460 21
dog-miniature_pinscher 0.004023271 285 5 434 57
cat-Maine_Coon 0.0040156217 10 1 323 285
cat-Bengal 0.004001587 427 0 490 23
dog-japanese_chin 0.0039290385 0 11 356 375
dog-leonberger 0.003926809 2 212 33 278
dog-staffordshire_bull_terrier 0.0039209067 232 76 266 90
dog-great_pyrenees 0.0039154133 0 11 356 375
dog-great_pyrenees 0.00391148 22 0 177 45
dog-leonberger 0.0038824216 0 195 36 237
dog-leonberger 0.003873313 1 205 35 253
dog-staffordshire_bull_terrier 0.003856404 226 72 259 88
dog-leonberger 0.003848148 0 181 36 228
bella 0.00375429 466 27 499 132
dog-boxer 0.0037347493 311 0 460 40
dog-great_pyrenees 0.0037277106 0 299 68 374
bella 0.003714788 475 206 500 273
dog-yorkshire_terrier 0.0037138243 27 16 470 371
cat-Siamese 0.003706649 311 0 460 40
cat-Bombay 0.0036735784 180 0 262 20
cat-Ragdoll 0.0036586227 45 333 175 374
dog-miniature_pinscher 0.003649805 13 4 394 258
bella 0.0036305008 473 100 500 173
dog-wheaten_terrier 0.0036036116 4 0 88 24
dog-staffordshire_bull_terrier 0.003558635 219 77 253 91
cat-Bengal 0.00347234 0 0 322 269
dog-wheaten_terrier 0.0034414139 22 0 177 45
dog-miniature_pinscher 0.003440073 324 0 500 103
dog-havanese 0.0034309814 65 208 459 375
cat-Bengal 0.0034283118 354 318 500 375
bella 0.0034124951 474 166 500 237
dog-staffordshire_bull_terrier 0.00339839 10 1 323 285
dog-american_bulldog 0.0033792385 10 1 323 285
cat-Egyptian_Mau 0.0033630528 468 11 500 99
cat-Maine_Coon 0.0033552642 470 0 500 60
dog-american_pit_bull_terrier 0.0033220758 339 0 476 38
cat-Siamese 0.003288683 368 0 492 38
dog-staffordshire_bull_terrier 0.0032352558 285 5 434 57
cat-Bombay 0.0032277775 385 1 473 26
dog-leonberger 0.0031986814 0 100 26 155
dog-staffordshire_bull_terrier 0.003184281 311 0 460 40
cat-Egyptian_Mau 0.0031559633 473 278 500 339
dog-american_pit_bull_terrier 0.003151932 324 0 500 103
