dog-wheaten_terrier 0.98262745 171 120 306 242
dog-havanese 0.1415803 171 119 307 244
dog-keeshond 0.06708138 171 120 306 242
dog-great_pyrenees 0.055081874 172 122 306 244
bella 0.052316435 1 212 34 279
dog-english_setter 0.048872806 171 120 306 243
dog-samoyed 0.038657278 172 119 307 242
dog-english_cocker_spaniel 0.036693186 171 120 306 243
cat-Persian 0.03366359 171 119 307 244
dog-scottish_terrier 0.033277355 171 120 306 242
cat-British_Shorthair 0.025596766 171 120 306 242
cat-Maine_Coon 0.0203788 172 122 306 244
bella 0.020214844 0 110 36 175
cat-Siamese 0.019370928 16 0 168 34
cat-Bengal 0.014862567 173 120 307 240
dog-wheaten_terrier 0.011776711 165 35 227 54
cat-Maine_Coon 0.011754306 150 0 500 147
dog-chihuahua 0.009878339 375 52 500 236
bella 0.009839626 173 120 307 240
cat-British_Shorthair 0.00967769 0 70 324 265
cat-Russian_Blue 0.00951909 181 0 333 32
dog-wheaten_terrier 0.0092038065 152 36 211 53
dog-newfoundland 0.008636491 173 120 307 240
bella 0.008447848 461 108 499 202
cat-Birman 0.0078083375 16 0 168 34
dog-miniature_pinscher 0.007744884 147 77 500 281
dog-leonberger 0.0075476193 173 120 307 240
dog-chihuahua 0.0074293604 147 77 500 281
bella 0.007246174 3 13 31 91
cat-Birman 0.007104476 162 0 316 33
dog-chihuahua 0.0070074443 339 13 500 224
cat-Russian_Blue 0.006905365 149 0 298 25
bella 0.006824631 4 101 71 195
cat-Abyssinian 0.0067986557 486 45 500 69
dog-shiba_inu 0.0067131445 20 0 233 45
cat-Bombay 0.0066553815 149 0 298 25
cat-Siamese 0.0062655695 3 0 146 24
dog-basset_hound 0.006136609 0 70 324 265
dog-miniature_pinscher 0.005930858 376 76 500 264
cat-Birman 0.0059105894 392 312 451 330
cat-Bengal 0.005785872 0 70 324 265
cat-Siamese 0.0057720067 49 0 219 34
cat-Egyptian_Mau 0.005698359 0 39 30 112
cat-British_Shorthair 0.005549762 423 263 457 272
cat-Egyptian_Mau 0.0052916096 0 205 32 273
cat-Siamese 0.005249127 136 0 287 33
cat-Siamese 0.0051875026 21 0 124 19
bella 0.005186393 0 30 30 103
cat-Siamese 0.005168373 7 0 211 44
cat-British_Shorthair 0.0050950204 416 262 449 273
cat-Abyssinian 0.0050393376 486 38 500 63
dog-yorkshire_terrier 0.0048870863 172 122 306 244
dog-english_setter 0.004811364 83 174 122 218
cat-Egyptian_Mau 0.0048098527 0 13 31 90
cat-Birman 0.0047358787 107 0 262 33
cat-Persian 0.0047318465 425 65 480 78
dog-miniature_pinscher 0.004714215 172 119 307 242
dog-miniature_pinscher 0.004704488 0 265 16 299
bella 0.0047012027 2 165 28 236
cat-Abyssinian 0.004687661 475 36 500 93
cat-Bombay 0.004663989 147 77 500 281
cat-Abyssinian 0.004639511 481 27 499 56
dog-leonberger 0.0045784386 0 64 29 141
cat-Siamese 0.0045222347 8 0 138 48
dog-pug 0.0045177503 407 125 444 134
cat-Birman 0.0045022867 49 0 219 34
dog-leonberger 0.0045005307 459 79 500 173
dog-chihuahua 0.004495306 485 30 500 55
dog-wheaten_terrier 0.0044120145 0 6 32 83
dog-basset_hound 0.00440684 0 6 32 83
cat-Birman 0.004321962 418 311 474 330
bella 0.004253646 0 229 28 285
cat-Siamese 0.0042514144 486 42 500 66
cat-Bombay 0.0042232913 396 0 479 17
dog-shiba_inu 0.0041799587 178 0 500 145
dog-staffordshire_bull_terrier 0.004171833 402 258 437 271
bella 0.0040858765 0 5 48 95
dog-japanese_chin 0.0040841713 172 122 306 244
dog-english_setter 0.004057869 80 162 124 202
cat-British_Shorthair 0.004054812 436 267 469 276
dog-wheaten_terrier 0.0040470953 0 70 324 265
dog-boxer 0.0040277485 0 0 129 27
cat-Abyssinian 0.00395493 486 54 500 79
cat-Egyptian_Mau 0.0038447257 0 56 29 131
dog-saint_bernard 0.0038292317 459 79 500 173
dog-american_bulldog 0.0038211495 4 0 136 35
dog-staffordshire_bull_terrier 0.0038090185 0 110 36 175
cat-Egyptian_Mau 0.0037829517 173 120 307 240
dog-samoyed 0.0037692152 0 13 31 90
dog-english_cocker_spaniel 0.0037527604 0 122 33 189
dog-havanese 0.00373836 143 86 319 248
dog-english_setter 0.0036798269 368 119 419 157
dog-shiba_inu 0.0036625946 0 0 146 53
cat-Abyssinian 0.0036623478 4 0 136 35
dog-pomeranian 0.0036336435 173 35 217 48
bella 0.0036299233 0 64 29 141
cat-Birman 0.0036155463 40 0 325 73
dog-english_cocker_spaniel 0.0035985883 0 0 336 267
dog-english_setter 0.0035180917 0 64 29 141
dog-samoyed 0.0034880487 100 0 389 256
