dog-wheaten_terrier 0.9800147 319 18 477 141
dog-samoyed 0.037972853 316 19 474 142
dog-english_cocker_spaniel 0.021936702 330 23 500 144
dog-scottish_terrier 0.021359231 316 19 474 142
dog-havanese 0.019971292 320 20 478 142
dog-keeshond 0.015355835 266 40 500 375
dog-english_setter 0.014773507 316 19 474 142
cat-Bombay 0.011624039 266 40 500 375
dog-keeshond 0.011604814 318 19 473 141
dog-miniature_pinscher 0.011178236 0 6 146 209
cat-Bengal 0.011089592 316 19 474 142
dog-miniature_pinscher 0.010904128 0 0 283 157
dog-english_cocker_spaniel 0.010172418 270 25 470 148
dog-miniature_pinscher 0.010168818 22 0 412 167
dog-newfoundland 0.009609561 0 20 143 286
cat-Russian_Blue 0.009265535 266 40 500 375
dog-basset_hound 0.009200455 54 21 493 226
dog-american_pit_bull_terrier 0.008963164 0 6 146 209
dog-basset_hound 0.008776303 0 0 500 287
cat-Maine_Coon 0.008408158 318 18 476 141
dog-chihuahua 0.007814739 266 40 500 375
dog-boxer 0.0075512603 268 27 353 59
cat-Abyssinian 0.0075045093 340 167 500 375
dog-english_cocker_spaniel 0.0070029963 0 0 500 296
dog-leonberger 0.006848394 61 196 106 249
dog-great_pyrenees 0.006820727 316 19 474 142
bella 0.0065053822 473 183 500 244
dog-wheaten_terrier 0.0061652074 327 60 467 139
cat-Bengal 0.0061297663 266 40 500 375
dog-english_cocker_spaniel 0.0058028814 54 21 493 226
cat-Bengal 0.005797715 0 0 500 296
dog-basset_hound 0.0056945914 200 78 226 88
dog-leonberger 0.0055811643 0 80 165 351
cat-Bombay 0.0052617784 21 0 119 21
cat-Egyptian_Mau 0.0052212994 0 113 28 165
cat-Egyptian_Mau 0.005188509 471 260 500 320
cat-Birman 0.005158818 266 40 500 375
dog-american_pit_bull_terrier 0.0051451605 0 46 150 315
dog-miniature_pinscher 0.005122222 28 0 71 12
dog-basset_hound 0.004991045 0 62 475 375
dog-english_setter 0.00483865 0 2 123 88
dog-newfoundland 0.0048332456 2 29 118 185
dog-english_cocker_spaniel 0.0047614323 24 0 485 175
cat-Bengal 0.004573304 0 0 382 179
dog-wheaten_terrier 0.0045570955 135 0 500 158
dog-yorkshire_terrier 0.0045202556 0 46 150 315
dog-german_shorthaired 0.0043507805 54 21 493 226
dog-american_bulldog 0.0043471986 0 80 165 351
dog-scottish_terrier 0.0043227524 266 40 500 375
dog-newfoundland 0.00428284 0 67 59 214
dog-miniature_pinscher 0.0042390823 46 0 339 102
cat-Siamese 0.004196011 317 338 440 371
dog-wheaten_terrier 0.0041833958 239 16 475 158
dog-german_shorthaired 0.00414984 0 6 146 209
dog-newfoundland 0.004061879 379 135 458 244
dog-basset_hound 0.0040542455 330 23 500 144
dog-samoyed 0.004045314 210 0 500 156
dog-miniature_pinscher 0.004020475 330 23 500 144
dog-miniature_pinscher 0.0040151565 0 0 382 179
dog-staffordshire_bull_terrier 0.003975399 1 213 39 284
dog-keeshond 0.0039445637 188 15 487 365
dog-miniature_pinscher 0.003936067 8 0 247 93
dog-newfoundland 0.003857034 0 80 165 351
cat-British_Shorthair 0.0038063235 270 25 470 148
dog-miniature_pinscher 0.0037777387 0 0 152 130
dog-boxer 0.0037680834 236 13 353 51
dog-german_shorthaired 0.0037654804 0 0 500 296
cat-Egyptian_Mau 0.0037370673 465 261 497 328
bella 0.003725446 1 15 33 89
cat-Bombay 0.0037142548 43 0 140 21
dog-english_cocker_spaniel 0.0036167211 0 0 382 179
dog-staffordshire_bull_terrier 0.0036124452 54 21 493 226
dog-basset_hound 0.0036069173 0 163 389 375
dog-miniature_pinscher 0.0036060386 0 0 500 296
cat-Persian 0.0036002984 325 20 475 113
cat-Russian_Blue 0.0035995627 188 15 487 365
dog-leonberger 0.003563017 484 2 500 27
dog-newfoundland 0.0035595987 0 0 122 125
dog-wheaten_terrier 0.0035393692 0 101 31 189
dog-staffordshire_bull_terrier 0.0035219654 0 10 140 244
dog-basset_hound 0.003502708 211 78 236 88
cat-Abyssinian 0.003493355 266 40 500 375
dog-scottish_terrier 0.0034877206 0 20 143 286
dog-newfoundland 0.0034862475 0 6 146 209
dog-shiba_inu 0.003443053 265 17 472 142
dog-wheaten_terrier 0.0033670573 0 75 30 149
cat-Bengal 0.0033308894 31 0 79 11
dog-american_pit_bull_terrier 0.003328095 0 0 152 130
cat-Ragdoll 0.0033191594 317 338 440 371
dog-pug 0.0032987657 0 10 140 244
dog-basset_hound 0.0032925115 0 251 115 374
cat-Egyptian_Mau 0.0032824103 4 0 90 23
cat-Siamese 0.0032389977 267 10 500 303
dog-wheaten_terrier 0.0032126813 370 80 469 139
cat-Persian 0.0031923873 259 73 500 375
dog-boxer 0.003178148 268 37 294 46
dog-american_pit_bull_terrier 0.003175394 0 0 127 70
bella 0.0031619696 473 195 500 264
cat-Bombay 0.0031605829 1 202 41 264
dog-miniature_pinscher 0.0031577174 104 14 470 185
