dog-wheaten_terrier 0.9749979 48 60 216 207
dog-havanese 0.17011845 49 55 215 205
dog-samoyed 0.14795186 48 60 216 207
dog-wheaten_terrier 0.09091632 0 50 211 219
cat-Persian 0.08964172 49 55 215 205
dog-keeshond 0.062245663 48 60 216 207
dog-english_cocker_spaniel 0.0456381 49 55 215 205
dog-great_pyrenees 0.031887725 49 55 215 205
dog-scottish_terrier 0.029086467 48 60 216 207
cat-Persian 0.027947327 366 0 424 14
dog-english_setter 0.024203094 49 55 215 205
dog-leonberger 0.02368543 104 0 253 46
dog-samoyed 0.021257518 0 50 211 219
dog-havanese 0.01856941 0 50 211 219
cat-Persian 0.01728227 385 1 443 15
dog-great_pyrenees 0.017192896 0 50 211 219
dog-great_pyrenees 0.0135186985 128 0 270 47
dog-english_cocker_spaniel 0.012808963 0 195 31 279
dog-havanese 0.012665862 41 25 500 247
cat-Persian 0.01196302 350 0 406 13
cat-Maine_Coon 0.0119106155 46 62 215 208
dog-leonberger 0.011638982 0 161 33 232
cat-Abyssinian 0.011261193 41 56 318 362
dog-wheaten_terrier 0.01010099 41 25 500 247
cat-Bombay 0.010042304 41 56 318 362
cat-Persian 0.009525418 404 1 458 17
dog-havanese 0.009382072 16 0 236 208
cat-Birman 0.008865101 232 0 414 41
cat-Maine_Coon 0.008855061 0 50 211 219
dog-newfoundland 0.008545663 0 171 32 252
dog-english_cocker_spaniel 0.008392925 0 50 211 219
dog-english_cocker_spaniel 0.008318913 41 25 500 247
dog-pomeranian 0.007690438 158 0 298 41
dog-pomeranian 0.0075775604 61 0 268 54
dog-keeshond 0.0074913157 0 50 211 219
dog-scottish_terrier 0.0073511275 0 50 211 219
dog-pomeranian 0.007204281 0 0 183 63
cat-Persian 0.0071474197 0 50 211 219
dog-havanese 0.0071401615 0 0 217 253
cat-British_Shorthair 0.007108063 49 55 215 205
dog-samoyed 0.0070489743 56 59 204 144
dog-wheaten_terrier 0.0070224307 56 59 204 144
cat-Russian_Blue 0.006964808 81 0 240 42
dog-yorkshire_terrier 0.0069102747 46 62 215 208
dog-shiba_inu 0.0067623938 37 0 253 57
dog-wheaten_terrier 0.006682661 55 59 164 186
dog-wheaten_terrier 0.0065852096 112 139 219 202
dog-pomeranian 0.006438331 155 0 362 51
dog-havanese 0.006426775 62 0 500 219
dog-samoyed 0.0061915615 107 0 263 46
dog-wheaten_terrier 0.006010768 12 0 271 256
dog-great_pyrenees 0.005942078 16 0 236 208
cat-Bengal 0.0059354454 0 50 211 219
dog-leonberger 0.0058489707 158 0 298 41
dog-english_setter 0.0058380673 0 50 211 219
dog-great_pyrenees 0.0057921433 61 0 268 54
dog-wheaten_terrier 0.005677615 0 0 217 253
dog-havanese 0.005662582 128 0 270 47
dog-pomeranian 0.0055978135 128 0 270 47
dog-pomeranian 0.0055032033 89 0 250 41
cat-Russian_Blue 0.005488629 41 56 318 362
cat-Egyptian_Mau 0.0054810443 469 189 500 271
cat-Siamese 0.0054633017 11 79 350 375
cat-Persian 0.0054196413 41 25 500 247
cat-Abyssinian 0.0053782994 362 186 500 375
cat-Egyptian_Mau 0.0053719943 371 219 500 375
dog-chihuahua 0.00536132 41 56 318 362
cat-Birman 0.005353768 183 0 337 40
dog-english_cocker_spaniel 0.005257704 107 287 137 301
dog-newfoundland 0.005094588 0 50 211 219
cat-Bengal 0.0050774133 41 56 318 362
dog-great_pyrenees 0.0050504436 56 59 204 144
cat-Persian 0.0050390507 0 0 217 253
cat-Birman 0.0050055655 207 0 306 20
cat-Persian 0.0048154346 223 0 500 90
dog-english_cocker_spaniel 0.004797502 0 213 33 296
dog-yorkshire_terrier 0.004730382 0 50 211 219
dog-samoyed 0.0047230986 37 0 253 57
dog-samoyed 0.0047017247 150 0 295 47
dog-shiba_inu 0.0046616895 0 50 211 219
dog-shiba_inu 0.004629749 0 0 183 63
cat-Egyptian_Mau 0.004597131 468 242 500 329
dog-english_cocker_spaniel 0.0045871767 107 283 139 297
dog-keeshond 0.00453047 113 0 261 42
cat-Bengal 0.004501069 47 62 215 207
dog-shiba_inu 0.0045000454 107 0 263 46
cat-Birman 0.0044973567 62 0 230 40
dog-pomeranian 0.0044557513 210 0 381 40
dog-japanese_chin 0.004394351 128 0 270 47
dog-samoyed 0.004380764 155 0 362 51
dog-wheaten_terrier 0.004335631 380 90 435 108
dog-miniature_pinscher 0.004331348 0 50 211 219
dog-wheaten_terrier 0.004301593 0 186 31 270
dog-leonberger 0.004292056 49 55 215 205
dog-japanese_chin 0.004237835 49 55 215 205
dog-great_pyrenees 0.0041860784 158 0 298 41
dog-great_pyrenees 0.0041236645 155 0 362 51
cat-Siamese 0.004070143 34 0 202 41
dog-pomeranian 0.0040348493 34 0 202 41
dog-samoyed 0.0040266067 16 0 236 208
