dog-yorkshire_terrier 0.89823544 173 4 396 237
dog-scottish_terrier 0.84749407 172 3 394 236
cat-Bombay 0.057642728 171 1 400 238
dog-keeshond 0.042024735 171 1 400 238
dog-havanese 0.04054932 171 1 400 238
dog-wheaten_terrier 0.024127016 171 1 400 238
dog-newfoundland 0.021702658 171 1 400 238
dog-yorkshire_terrier 0.018081684 30 3 211 54
cat-Maine_Coon 0.017638827 173 4 396 237
cat-Ragdoll 0.017453413 116 2 200 27
cat-Birman 0.017023321 23 0 186 41
cat-Birman 0.014582811 30 3 211 54
dog-staffordshire_bull_terrier 0.014056646 175 0 500 242
cat-Siamese 0.013928159 116 2 200 27
dog-scottish_terrier 0.013614566 173 7 390 139
cat-Birman 0.012784134 116 2 200 27
dog-miniature_pinscher 0.012739724 175 0 500 242
dog-shiba_inu 0.01265038 175 0 500 242
dog-yorkshire_terrier 0.012116676 0 0 388 254
dog-english_cocker_spaniel 0.010629665 462 79 499 179
cat-Abyssinian 0.010102582 116 2 200 27
dog-boxer 0.010035319 380 6 500 61
dog-chihuahua 0.009273251 175 0 500 242
dog-yorkshire_terrier 0.009022734 45 0 205 41
cat-Siamese 0.00901132 380 6 500 61
dog-american_pit_bull_terrier 0.009000609 175 0 500 242
cat-Abyssinian 0.008988712 151 2 207 28
cat-Bombay 0.008928275 0 0 388 254
dog-english_cocker_spaniel 0.00871938 171 1 400 238
cat-British_Shorthair 0.008534105 0 0 388 254
cat-Bengal 0.008520409 0 0 388 254
cat-Ragdoll 0.00816252 151 2 207 28
dog-scottish_terrier 0.008143732 175 0 500 242
cat-Sphynx 0.007709051 116 2 200 27
dog-samoyed 0.0076869205 175 0 500 242
dog-leonberger 0.0076292963 168 5 394 229
dog-american_bulldog 0.0071192174 116 2 200 27
cat-Bombay 0.007087776 173 1 210 86
dog-yorkshire_terrier 0.006975151 97 4 229 61
cat-Egyptian_Mau 0.006968265 0 226 125 375
cat-Bombay 0.0068917586 0 0 358 192
dog-staffordshire_bull_terrier 0.0066887275 149 0 393 252
cat-Bombay 0.006670492 160 1 190 12
cat-Bombay 0.0066663385 432 2 498 34
dog-basset_hound 0.006626244 415 231 500 372
dog-yorkshire_terrier 0.0065647596 0 0 358 192
dog-pomeranian 0.0065114903 0 0 159 53
dog-english_cocker_spaniel 0.006495681 463 47 499 148
cat-Persian 0.006454689 168 5 394 229
dog-shiba_inu 0.006343849 116 2 200 27
cat-Egyptian_Mau 0.0062863957 116 2 200 27
cat-Bombay 0.006234957 147 0 184 9
dog-english_cocker_spaniel 0.0059722993 0 0 390 273
cat-Siamese 0.005952748 23 0 186 41
dog-pug 0.005892161 116 2 200 27
dog-boxer 0.005798484 116 2 200 27
dog-boxer 0.005766829 353 7 460 63
dog-scottish_terrier 0.0057292767 0 0 388 254
cat-Bombay 0.005667699 116 2 200 27
dog-yorkshire_terrier 0.005577188 178 0 500 205
cat-Ragdoll 0.005528517 30 3 211 54
dog-german_shorthaired 0.0054474683 312 8 392 93
dog-yorkshire_terrier 0.005405766 0 0 188 95
cat-Siamese 0.0053054392 30 3 211 54
cat-Bombay 0.005259068 30 3 211 54
cat-British_Shorthair 0.0052155196 0 0 358 192
dog-pomeranian 0.0051953634 168 5 394 229
cat-Bombay 0.0051940577 168 1 196 12
cat-Bengal 0.0051118517 0 0 358 192
dog-japanese_chin 0.0050871246 116 2 200 27
dog-newfoundland 0.005051167 0 0 388 254
dog-yorkshire_terrier 0.0049459063 173 7 390 139
dog-miniature_pinscher 0.004876549 173 7 390 139
cat-Egyptian_Mau 0.0047946936 0 302 76 375
cat-Sphynx 0.0047924984 0 0 388 254
cat-Abyssinian 0.0047886968 173 1 210 86
dog-staffordshire_bull_terrier 0.004777382 298 332 335 352
dog-yorkshire_terrier 0.0047050305 173 1 210 86
dog-pug 0.0047018453 0 0 388 254
dog-beagle 0.004696894 116 2 200 27
cat-Birman 0.0046697636 103 0 193 22
cat-Maine_Coon 0.004664908 151 2 207 28
dog-yorkshire_terrier 0.0045567453 116 2 200 27
cat-Maine_Coon 0.00454604 116 2 200 27
bella 0.0045431196 175 0 500 242
dog-english_cocker_spaniel 0.0044878647 247 223 376 285
cat-Birman 0.004483791 49 0 196 31
dog-great_pyrenees 0.004430504 116 2 200 27
cat-Bombay 0.004426961 293 16 393 132
cat-Egyptian_Mau 0.004404466 151 2 207 28
dog-great_pyrenees 0.0043775663 175 0 500 242
cat-Persian 0.004353512 0 0 388 254
cat-Siamese 0.004339235 0 0 388 254
dog-keeshond 0.0043296088 23 0 186 41
dog-american_pit_bull_terrier 0.004319367 168 5 394 229
cat-Persian 0.0042765737 116 2 200 27
cat-Persian 0.004276405 30 3 211 54
cat-Siamese 0.004183549 151 2 207 28
cat-Bombay 0.0041833282 45 0 205 41
dog-japanese_chin 0.00418035 168 5 394 229
