dog-yorkshire_terrier 0.76009 186 55 361 232
dog-havanese 0.38487658 186 55 362 230
dog-keeshond 0.13296235 209 48 358 231
cat-Persian 0.058351554 209 48 358 231
dog-scottish_terrier 0.024166279 209 48 358 231
cat-Egyptian_Mau 0.018100532 465 140 500 229
dog-beagle 0.016023891 425 23 456 85
dog-wheaten_terrier 0.014461879 187 54 361 231
dog-keeshond 0.0135033 134 43 370 326
dog-shiba_inu 0.012786811 105 0 302 58
dog-pomeranian 0.010808625 189 54 362 230
cat-Birman 0.0099170925 209 48 358 231
cat-Bengal 0.009389755 0 4 362 237
dog-wheaten_terrier 0.009102486 0 4 362 237
cat-Egyptian_Mau 0.008540514 471 141 500 204
cat-British_Shorthair 0.008021231 0 4 362 237
cat-Egyptian_Mau 0.007940281 468 260 500 335
cat-Bombay 0.0072140004 198 51 359 230
dog-scottish_terrier 0.0065695033 0 4 362 237
cat-Siamese 0.0064662034 41 0 187 37
dog-shiba_inu 0.0064079156 161 0 331 73
dog-basset_hound 0.0063557634 426 23 456 82
cat-Birman 0.0062482664 22 0 150 37
dog-newfoundland 0.0060602697 198 51 359 230
dog-english_cocker_spaniel 0.0059892833 0 4 362 237
cat-Persian 0.005855382 0 4 362 237
cat-Egyptian_Mau 0.0055293143 382 0 459 31
dog-samoyed 0.004846467 209 48 358 231
dog-shiba_inu 0.004797063 342 0 457 33
dog-staffordshire_bull_terrier 0.004664516 92 87 140 111
dog-yorkshire_terrier 0.0046298895 179 18 500 248
dog-boxer 0.0046213293 116 0 266 41
dog-newfoundland 0.0045524216 125 138 158 147
cat-Bombay 0.0044427975 41 0 187 37
dog-samoyed 0.004429997 161 0 331 73
dog-staffordshire_bull_terrier 0.0044299527 100 77 154 99
dog-shiba_inu 0.004348249 473 80 500 143
cat-Birman 0.0042297593 62 0 221 38
dog-pug 0.0041963616 22 0 150 37
cat-Egyptian_Mau 0.0041696285 342 2 456 39
dog-boxer 0.004156167 348 0 473 40
dog-leonberger 0.0041004685 0 99 32 177
bella 0.0039106994 3 149 69 270
dog-keeshond 0.0038972227 102 75 399 375
dog-beagle 0.0038803564 189 0 289 47
cat-Bengal 0.0038198193 465 140 500 229
dog-havanese 0.0038097263 0 4 362 237
dog-american_bulldog 0.003804881 348 0 473 40
dog-havanese 0.0037630768 364 223 411 238
cat-Egyptian_Mau 0.003751067 462 0 500 73
cat-Maine_Coon 0.0037095784 179 18 500 248
cat-Bombay 0.0036042414 18 0 171 28
dog-english_cocker_spaniel 0.0036018176 0 0 332 188
dog-keeshond 0.003562541 177 56 500 307
dog-wheaten_terrier 0.003552033 0 0 332 188
dog-great_pyrenees 0.0035028923 181 28 369 234
dog-japanese_chin 0.0034969437 198 51 359 230
dog-basset_hound 0.0034802756 0 4 362 237
cat-Maine_Coon 0.0034019933 0 4 362 237
cat-Persian 0.003390761 0 0 332 188
dog-beagle 0.003375316 348 0 473 40
dog-english_setter 0.0033389896 0 4 362 237
cat-Bengal 0.0033384804 0 0 332 188
bella 0.0033164804 473 89 500 152
dog-basset_hound 0.003300221 466 139 500 237
cat-Egyptian_Mau 0.0032726603 72 56 418 375
cat-Bombay 0.0032707371 17 0 120 22
cat-Egyptian_Mau 0.0032627084 0 4 362 237
dog-pomeranian 0.0032510217 198 0 353 76
cat-Abyssinian 0.003197329 468 260 500 335
dog-staffordshire_bull_terrier 0.0031936318 102 87 153 111
dog-great_pyrenees 0.0031758677 218 0 348 45
cat-British_Shorthair 0.0031495476 0 0 332 188
cat-Persian 0.003141541 0 106 32 187
dog-boxer 0.0031330646 100 77 154 99
cat-Russian_Blue 0.0031210645 18 0 171 28
cat-Siamese 0.0031107885 84 0 249 38
dog-leonberger 0.003073945 22 0 150 37
dog-newfoundland 0.0030375724 0 106 32 187
dog-keeshond 0.0030088883 0 4 362 237
dog-boxer 0.002995643 111 76 174 99
dog-yorkshire_terrier 0.0029745332 0 4 362 237
dog-havanese 0.0029212711 166 0 380 227
dog-boxer 0.0028900164 426 23 456 82
cat-Bengal 0.002865094 471 256 500 319
dog-wheaten_terrier 0.002864082 179 18 500 248
dog-yorkshire_terrier 0.0028424596 0 106 32 187
dog-scottish_terrier 0.0028358207 0 0 332 188
dog-pomeranian 0.002796804 218 0 348 45
cat-Egyptian_Mau 0.0027947195 461 0 500 43
cat-Siamese 0.0027666932 59 0 271 53
dog-samoyed 0.002754621 179 18 500 248
cat-Egyptian_Mau 0.0027403801 474 44 500 115
dog-shiba_inu 0.0027341843 179 18 500 248
dog-english_cocker_spaniel 0.0027237465 0 106 32 187
cat-Bombay 0.0027130416 43 0 147 22
cat-Persian 0.0026936247 102 75 399 375
dog-basset_hound 0.0026810188 151 175 235 226
dog-chihuahua 0.0026685453 179 18 500 248
bella 0.002649064 0 182 30 249
