dog-yorkshire_terrier 0.9643631 82 50 195 142
dog-scottish_terrier 0.2774412 82 50 195 142
dog-havanese 0.08947395 79 36 196 143
dog-yorkshire_terrier 0.03812375 73 4 200 151
cat-Bombay 0.017359674 79 36 196 143
dog-saint_bernard 0.01430015 58 36 86 49
dog-yorkshire_terrier 0.014298559 130 47 191 115
dog-saint_bernard 0.012804786 47 36 78 49
dog-yorkshire_terrier 0.0122283315 39 39 186 137
dog-havanese 0.011658004 130 47 191 115
cat-Bombay 0.0116126435 163 0 225 17
cat-Persian 0.010522168 82 50 195 142
cat-Maine_Coon 0.010013433 82 50 195 142
dog-saint_bernard 0.0099374885 48 38 77 55
dog-scottish_terrier 0.00969217 0 1 202 145
cat-Bombay 0.009347449 24 0 114 17
dog-pomeranian 0.008050438 73 4 200 151
cat-Bengal 0.007801329 0 1 202 145
dog-saint_bernard 0.007696812 67 35 93 50
dog-american_pit_bull_terrier 0.0075136772 79 36 196 143
dog-wheaten_terrier 0.007288311 79 36 196 143
dog-yorkshire_terrier 0.007265367 193 0 300 39
dog-saint_bernard 0.0067999726 41 38 70 54
dog-english_cocker_spaniel 0.006749882 94 40 300 183
dog-american_bulldog 0.0064329132 40 36 71 48
dog-english_cocker_spaniel 0.0063977893 79 36 196 143
cat-Persian 0.006148818 73 4 200 151
cat-Bengal 0.0060466365 163 0 215 13
dog-yorkshire_terrier 0.006033843 0 1 202 145
dog-american_bulldog 0.006000387 30 36 64 49
dog-newfoundland 0.005913925 79 36 196 143
dog-samoyed 0.005587906 73 4 200 151
cat-Egyptian_Mau 0.0055848383 157 0 176 10
cat-Egyptian_Mau 0.005558751 0 110 18 155
cat-Persian 0.005351552 197 211 233 224
dog-yorkshire_terrier 0.005340841 230 0 300 35
dog-saint_bernard 0.0053379517 73 35 98 52
dog-saint_bernard 0.0052746166 58 39 86 55
dog-havanese 0.0051755668 68 0 201 133
dog-scottish_terrier 0.005153596 0 120 17 163
dog-wheaten_terrier 0.0050024553 0 1 202 145
dog-american_bulldog 0.004978423 15 36 57 50
bella 0.004946798 2 156 18 195
dog-beagle 0.0048062773 159 0 179 7
cat-Egyptian_Mau 0.0047801244 132 0 176 12
dog-wheaten_terrier 0.0047549694 130 47 191 115
cat-British_Shorthair 0.004751958 0 33 206 169
cat-Bombay 0.0046794387 0 1 202 145
dog-english_cocker_spaniel 0.0045742136 0 1 202 145
cat-British_Shorthair 0.004536353 167 0 223 14
dog-yorkshire_terrier 0.0045359978 83 0 187 105
dog-english_cocker_spaniel 0.0044952696 90 128 167 163
dog-yorkshire_terrier 0.0044262423 194 0 300 50
dog-yorkshire_terrier 0.004340871 67 0 155 24
cat-Abyssinian 0.004334248 157 0 176 10
dog-staffordshire_bull_terrier 0.004220884 0 135 18 178
dog-english_cocker_spaniel 0.0041137915 64 133 78 139
dog-english_cocker_spaniel 0.004034882 60 133 73 139
cat-Bengal 0.0040175905 0 120 17 163
dog-wheaten_terrier 0.003973166 0 115 17 160
dog-keeshond 0.00396607 81 49 199 155
dog-yorkshire_terrier 0.0039640735 90 10 300 149
dog-samoyed 0.003893977 3 173 39 224
dog-leonberger 0.0037764988 227 55 257 71
dog-pomeranian 0.0037579227 82 50 195 142
dog-boxer 0.0037299553 88 35 122 53
dog-boxer 0.0037140027 88 31 123 47
cat-Egyptian_Mau 0.0037083663 125 1 170 17
cat-Bombay 0.0036952938 8 0 92 17
cat-Persian 0.0036835629 0 1 202 145
dog-basset_hound 0.0036347797 94 40 300 183
cat-Bombay 0.0036088221 244 1 300 20
cat-Maine_Coon 0.0035896432 0 1 202 145
cat-Bengal 0.0035843686 139 0 187 12
dog-boxer 0.003548828 15 36 57 50
dog-yorkshire_terrier 0.0035078644 133 0 215 26
cat-Egyptian_Mau 0.0034776255 119 0 161 13
dog-scottish_terrier 0.0034556445 122 48 192 124
dog-scottish_terrier 0.003453397 73 4 200 151
cat-Egyptian_Mau 0.0034485923 163 0 215 13
cat-Bombay 0.0034345654 174 0 238 13
cat-Bengal 0.0034227448 0 8 204 201
dog-yorkshire_terrier 0.003391657 0 0 192 117
cat-Bombay 0.0033711866 158 0 207 13
cat-Maine_Coon 0.003361567 120 1 163 17
dog-leonberger 0.0033172513 225 52 257 65
cat-Persian 0.0032896365 122 1 192 81
cat-Siamese 0.0032822604 11 29 57 44
cat-British_Shorthair 0.0032795973 26 149 43 155
dog-american_bulldog 0.0032705255 11 29 57 44
dog-newfoundland 0.0032433174 0 135 18 178
dog-yorkshire_terrier 0.0032411336 5 0 158 60
dog-yorkshire_terrier 0.0032394193 240 0 300 27
cat-Abyssinian 0.0032017163 163 0 215 13
cat-Bombay 0.003196323 163 0 275 25
dog-english_cocker_spaniel 0.0031953799 0 135 18 178
cat-Persian 0.0031904213 122 48 192 124
dog-yorkshire_terrier 0.0030922927 83 51 141 125
dog-miniature_pinscher 0.0030915125 79 36 196 143
cat-Bengal 0.0030875131 126 0 168 12
