dog-yorkshire_terrier 0.94102263 58 1 236 149
dog-havanese 0.321416 59 1 234 150
dog-scottish_terrier 0.20357947 56 3 234 152
dog-keeshond 0.09891534 59 1 236 149
dog-wheaten_terrier 0.076398715 57 2 240 152
dog-newfoundland 0.07076029 53 0 232 152
dog-samoyed 0.036340117 57 2 240 152
bella 0.02599348 1 0 21 47
dog-miniature_pinscher 0.022271313 52 2 234 152
cat-Persian 0.021358252 53 0 232 152
dog-wheaten_terrier 0.018801507 0 0 248 170
cat-Abyssinian 0.01863125 291 174 300 193
dog-english_cocker_spaniel 0.018055761 52 2 234 152
bella 0.017525118 2 2 21 77
bella 0.015950235 1 101 18 158
dog-havanese 0.0154894125 0 0 248 170
cat-Bengal 0.01528038 25 0 91 19
dog-american_pit_bull_terrier 0.014230465 52 2 234 152
cat-Bombay 0.013816698 52 2 234 152
dog-yorkshire_terrier 0.013482443 0 0 248 170
dog-chihuahua 0.0132628875 52 2 234 152
bella 0.01287327 2 24 18 90
dog-boxer 0.0119182775 288 68 300 95
cat-Egyptian_Mau 0.011828031 0 1 19 56
dog-basset_hound 0.011060106 0 8 19 69
bella 0.011047778 1 41 18 107
dog-scottish_terrier 0.010873212 0 0 248 170
dog-shiba_inu 0.010678872 57 2 240 152
cat-Egyptian_Mau 0.009706015 0 14 18 75
dog-english_cocker_spaniel 0.009692906 0 0 248 170
dog-pomeranian 0.009659367 52 2 234 152
dog-chihuahua 0.009180196 291 170 300 190
dog-samoyed 0.008977356 0 0 248 170
cat-Maine_Coon 0.008593534 57 2 240 152
dog-newfoundland 0.008561928 0 0 248 170
dog-leonberger 0.00832454 57 2 240 152
dog-staffordshire_bull_terrier 0.008227863 52 2 234 152
cat-British_Shorthair 0.00820372 53 0 232 152
cat-Bengal 0.008059631 72 0 122 14
cat-Bengal 0.0074793175 49 0 106 18
dog-pug 0.007460093 53 0 232 152
cat-Bengal 0.0073307552 0 0 248 170
cat-Egyptian_Mau 0.0073294747 0 34 18 91
cat-Bengal 0.00710183 52 2 234 152
bella 0.00695285 1 81 18 146
cat-Abyssinian 0.0069343615 291 167 300 187
dog-german_shorthaired 0.006681313 56 1 236 152
dog-samoyed 0.0063911784 0 14 18 75
cat-Bengal 0.0063390904 44 0 92 13
cat-Bengal 0.006292961 12 0 97 27
dog-miniature_pinscher 0.0062780664 72 1 146 31
cat-Bombay 0.0062695276 45 1 72 6
dog-havanese 0.0062578013 26 2 262 247
dog-miniature_pinscher 0.0059423563 12 0 97 27
cat-Bombay 0.0057785995 12 0 97 27
dog-american_bulldog 0.0057720854 211 174 241 189
dog-wheaten_terrier 0.0056818402 75 0 150 30
dog-shiba_inu 0.0056813387 0 0 248 170
dog-basset_hound 0.005640873 0 28 18 86
cat-British_Shorthair 0.005609986 205 1 228 6
cat-Bombay 0.0055742767 41 0 91 16
cat-Bengal 0.005571386 0 8 19 69
cat-Egyptian_Mau 0.0055228053 72 0 122 14
dog-shiba_inu 0.0055112126 0 8 19 69
cat-Egyptian_Mau 0.0054667774 128 0 151 8
dog-great_pyrenees 0.0054405364 0 0 248 170
cat-Abyssinian 0.005348027 291 155 300 174
dog-american_bulldog 0.005335066 217 173 248 188
dog-scottish_terrier 0.005222652 74 2 157 47
cat-Abyssinian 0.005221718 291 143 300 162
dog-leonberger 0.005176188 289 72 300 98
cat-Abyssinian 0.005172874 291 149 300 168
cat-Egyptian_Mau 0.0051518846 284 40 300 87
cat-Maine_Coon 0.005146308 49 0 106 18
dog-samoyed 0.005032719 0 34 18 91
dog-wheaten_terrier 0.005010593 72 0 122 14
dog-shiba_inu 0.0049141534 71 0 128 18
dog-shiba_inu 0.004853636 4 1 93 36
dog-great_pyrenees 0.004810828 75 0 150 30
dog-miniature_pinscher 0.0048063095 72 0 122 14
dog-chihuahua 0.0047894088 291 164 300 184
cat-Maine_Coon 0.004785122 74 2 157 47
dog-yorkshire_terrier 0.004761613 87 0 300 131
dog-german_shorthaired 0.0047172387 12 0 97 27
dog-samoyed 0.004709025 74 2 157 47
cat-Russian_Blue 0.0047070966 12 0 97 27
cat-Sphynx 0.0046752254 12 0 97 27
cat-Egyptian_Mau 0.004666615 2 0 86 27
cat-Maine_Coon 0.004599757 0 0 248 170
dog-boxer 0.0045653447 290 75 300 101
dog-leonberger 0.004554029 26 2 262 247
cat-Bengal 0.0045535066 56 0 101 13
dog-basset_hound 0.0045446446 289 72 300 98
cat-Persian 0.0045371433 26 2 262 247
dog-miniature_pinscher 0.0045011905 0 0 248 170
dog-shiba_inu 0.004442789 0 28 18 86
dog-english_setter 0.0044321134 57 2 240 152
dog-scottish_terrier 0.0043938174 75 0 150 30
cat-Maine_Coon 0.004373177 0 8 19 69
cat-British_Shorthair 0.004365347 164 0 185 6
