bella 0.8762113 326 342 518 525
dog-beagle 0.23022676 325 343 512 523
dog-english_setter 0.21667379 325 343 512 523
dog-basset_hound 0.12635332 325 343 512 523
dog-english_cocker_spaniel 0.10123348 325 343 512 523
dog-american_bulldog 0.07709968 325 343 512 523
cat-Egyptian_Mau 0.07696086 325 343 512 523
dog-shiba_inu 0.044680864 325 343 512 523
cat-Maine_Coon 0.04393652 330 342 519 525
dog-staffordshire_bull_terrier 0.040999025 330 342 519 525
cat-Egyptian_Mau 0.037047178 0 0 168 140
dog-american_pit_bull_terrier 0.035813183 325 343 512 523
cat-Persian 0.032966286 27 0 616 529
dog-samoyed 0.0296475 325 343 512 523
dog-saint_bernard 0.023330778 325 343 512 523
bella 0.020606488 330 349 457 512
dog-shiba_inu 0.019124031 0 0 168 140
cat-Persian 0.01585719 0 0 621 649
cat-Ragdoll 0.012241274 6 1 184 134
dog-english_setter 0.0119611025 6 1 184 134
dog-saint_bernard 0.011777848 6 1 184 134
cat-Persian 0.011244565 205 566 279 617
dog-basset_hound 0.011244565 651 554 695 807
cat-British_Shorthair 0.011201203 330 342 519 525
dog-samoyed 0.011115015 6 1 184 134
dog-english_cocker_spaniel 0.011078179 0 0 661 650
dog-shiba_inu 0.010652512 30 2 220 128
dog-havanese 0.010459453 0 0 624 554
bella 0.009783864 5 563 167 929
dog-shiba_inu 0.009671003 40 0 310 133
dog-great_pyrenees 0.009559393 0 0 168 140
cat-Siamese 0.009485722 158 0 260 51
dog-leonberger 0.008124709 177 372 218 489
bella 0.007876694 2 448 41 657
cat-Bengal 0.007460654 325 343 512 523
dog-leonberger 0.007289082 437 579 481 686
bella 0.0070390403 2 623 46 816
cat-Abyssinian 0.007011801 158 0 260 51
cat-Egyptian_Mau 0.007011801 30 2 220 128
cat-British_Shorthair 0.006749898 0 0 624 554
cat-Egyptian_Mau 0.0066411197 0 456 41 658
cat-Ragdoll 0.0066154003 325 340 514 524
dog-basset_hound 0.0065897703 654 524 693 735
dog-great_pyrenees 0.006538838 325 343 512 523
bella 0.0064631402 659 524 697 689
dog-wheaten_terrier 0.0064381063 74 0 179 49
dog-wheaten_terrier 0.0064131618 330 342 519 525
cat-Persian 0.0064112544 0 0 479 494
dog-wheaten_terrier 0.006192714 0 0 661 650
cat-Egyptian_Mau 0.0060035884 162 0 264 65
dog-yorkshire_terrier 0.0059571564 34 8 566 516
dog-american_bulldog 0.005774915 6 1 184 134
cat-Bengal 0.005708933 0 0 620 574
dog-great_pyrenees 0.00564152 198 0 697 455
dog-leonberger 0.005598247 330 342 519 525
dog-samoyed 0.0053225458 0 157 41 368
bella 0.0053225458 6 1 184 134
cat-Maine_Coon 0.0053018928 167 800 245 845
cat-Bombay 0.005139619 558 0 646 48
cat-Maine_Coon 0.005060345 0 0 157 160
cat-Ragdoll 0.005040705 0 157 41 368
dog-basset_hound 0.005021155 651 627 697 831
dog-beagle 0.005021155 6 1 184 134
cat-Siamese 0.004982263 7 0 232 136
dog-wheaten_terrier 0.0049436986 0 0 168 140
dog-beagle 0.004886389 158 0 260 51
cat-Siamese 0.0048674047 538 0 631 48
dog-pomeranian 0.004810989 0 0 464 371
cat-Persian 0.004755199 178 318 266 357
dog-boxer 0.004755199 325 343 512 523
dog-havanese 0.0047367513 229 313 518 533
dog-yorkshire_terrier 0.004718125 0 0 620 574
dog-havanese 0.004678458 0 0 527 441
cat-Bengal 0.004627526 513 468 697 929
dog-wheaten_terrier 0.004609585 5 1 116 62
dog-keeshond 0.0045916736 0 770 143 929
dog-shiba_inu 0.004538417 162 0 264 65
dog-havanese 0.00444293 198 0 697 455
dog-pug 0.004416555 259 359 367 428
dog-shiba_inu 0.004399419 136 0 241 67
cat-Maine_Coon 0.0043976307 0 0 661 650
dog-boxer 0.004365325 259 359 367 428
dog-leonberger 0.004365325 0 157 41 368
dog-wheaten_terrier 0.0043483675 0 210 195 850
dog-yorkshire_terrier 0.004343182 0 0 527 441
cat-Persian 0.0043314993 0 480 41 682
bella 0.0042480826 653 531 694 759
dog-american_bulldog 0.004215151 158 0 260 51
dog-beagle 0.004215151 81 0 289 102
dog-scottish_terrier 0.004214734 0 0 620 574
dog-leonberger 0.0041662455 436 548 484 667
cat-Birman 0.0041500926 538 0 631 48
cat-Siamese 0.0041500926 184 3 230 24
dog-wheaten_terrier 0.0041339695 182 386 268 585
cat-Abyssinian 0.004101932 6 1 184 134
dog-basset_hound 0.004085988 0 456 41 658
dog-havanese 0.004085988 0 64 203 614
dog-english_cocker_spaniel 0.004058987 0 0 527 441
dog-basset_hound 0.0040543377 6 1 184 134
cat-Siamese 0.004038602 68 2 291 124
