bella 0.8499712 325 346 527 524
dog-english_setter 0.42155182 321 346 527 525
dog-beagle 0.29543316 321 346 527 525
dog-basset_hound 0.17023194 321 346 527 525
dog-english_cocker_spaniel 0.12896329 321 346 527 525
dog-staffordshire_bull_terrier 0.061876 330 345 527 527
dog-american_bulldog 0.057599187 321 346 527 525
dog-american_pit_bull_terrier 0.05261895 321 346 527 525
cat-Persian 0.047956467 0 0 597 556
cat-Egyptian_Mau 0.044514418 321 346 527 525
cat-Maine_Coon 0.041852117 330 345 527 527
dog-shiba_inu 0.035948306 321 346 527 525
cat-Egyptian_Mau 0.03234434 0 0 167 145
dog-saint_bernard 0.01883313 323 344 534 526
dog-samoyed 0.018369645 321 346 527 525
dog-shiba_inu 0.018229306 0 0 187 145
cat-British_Shorthair 0.017917335 330 345 527 527
dog-english_cocker_spaniel 0.017753989 0 0 644 652
cat-Persian 0.01602915 199 564 271 613
dog-leonberger 0.01495707 330 345 527 527
cat-Persian 0.014664292 0 0 576 517
cat-Ragdoll 0.014447838 4 7 157 156
cat-Bengal 0.013325155 323 344 534 526
dog-havanese 0.012343615 0 0 644 652
dog-basset_hound 0.012241274 645 551 689 799
bella 0.011508137 334 357 466 518
dog-great_pyrenees 0.011463791 332 351 473 512
dog-wheaten_terrier 0.010735154 330 345 527 527
dog-shiba_inu 0.010248601 41 0 301 134
dog-leonberger 0.0094490945 411 530 473 673
dog-wheaten_terrier 0.009342939 0 0 644 652
dog-german_shorthaired 0.008644164 323 344 534 526
cat-Sphynx 0.008478403 323 344 534 526
dog-leonberger 0.008412987 434 571 477 684
dog-samoyed 0.008380443 7 1 183 140
dog-keeshond 0.008315772 0 773 155 924
cat-Bengal 0.008159846 0 0 644 652
cat-Abyssinian 0.0080932975 173 0 271 51
cat-Abyssinian 0.007999748 323 344 534 526
dog-yorkshire_terrier 0.007999748 22 7 579 507
dog-saint_bernard 0.007968813 7 1 183 140
dog-keeshond 0.0075187087 330 345 527 527
cat-British_Shorthair 0.007475853 0 0 644 652
dog-wheaten_terrier 0.007403016 76 0 179 47
cat-Siamese 0.007066399 183 3 226 24
cat-Birman 0.006850481 183 3 226 24
dog-havanese 0.006812513 18 0 591 529
cat-Maine_Coon 0.006747961 0 0 644 652
cat-Egyptian_Mau 0.0066928566 28 2 219 131
dog-english_setter 0.0066411197 7 0 229 139
cat-Egyptian_Mau 0.0066154003 173 0 271 51
cat-Siamese 0.0065897703 158 0 256 50
dog-great_pyrenees 0.006588042 203 0 691 457
cat-Siamese 0.0063883364 7 0 229 139
dog-leonberger 0.0063635707 183 3 226 24
cat-Abyssinian 0.006314367 183 3 226 24
bella 0.0062898993 1 449 45 641
dog-pomeranian 0.006265521 0 0 474 356
dog-leonberger 0.006097555 247 369 342 430
dog-beagle 0.006073922 158 0 256 50
dog-boxer 0.0059803426 323 344 534 526
dog-basset_hound 0.0059440136 0 8 661 841
dog-basset_hound 0.0059340596 645 624 691 826
cat-Ragdoll 0.005708039 330 345 527 527
dog-scottish_terrier 0.0056733787 0 0 644 652
bella 0.0055549145 3 619 44 804
dog-great_pyrenees 0.005448073 0 0 167 145
cat-Ragdoll 0.0053225458 0 158 41 359
dog-leonberger 0.0053018928 429 536 484 673
cat-Maine_Coon 0.0052404404 0 0 157 163
dog-yorkshire_terrier 0.0052058697 0 0 644 652
dog-leonberger 0.0051998794 63 462 145 512
dog-american_bulldog 0.005060345 7 1 183 140
dog-shiba_inu 0.005021155 165 0 259 64
dog-samoyed 0.005001664 0 158 41 359
cat-Persian 0.004982263 195 560 262 600
dog-newfoundland 0.0049605668 0 0 644 652
dog-pomeranian 0.0049436986 22 7 579 507
bella 0.004886389 652 529 691 686
cat-Maine_Coon 0.0048674047 160 802 239 842
dog-miniature_pinscher 0.004773736 654 91 691 260
cat-Ragdoll 0.0047000647 28 2 219 131
cat-Sphynx 0.0046818256 191 0 291 64
cat-Maine_Coon 0.004663646 124 801 212 842
dog-american_bulldog 0.004609585 80 0 285 102
dog-saint_bernard 0.0045916736 247 369 342 430
dog-beagle 0.004573852 525 2 577 27
dog-leonberger 0.004573852 175 373 218 476
dog-wheaten_terrier 0.004573852 5 0 111 62
dog-havanese 0.004563689 0 0 576 517
cat-Siamese 0.004538417 67 3 285 124
dog-english_setter 0.004538417 321 354 441 505
cat-Egyptian_Mau 0.00450328 183 3 226 24
dog-leonberger 0.00450328 671 280 691 332
dog-pomeranian 0.004458934 203 0 691 457
cat-Russian_Blue 0.0044510365 330 345 527 527
cat-Russian_Blue 0.004433751 183 3 226 24
dog-yorkshire_terrier 0.0044324994 0 0 520 443
cat-Maine_Coon 0.004372567 0 0 576 517
cat-Abyssinian 0.004365325 1 12 160 154
