bella 0.9877114 185 453 417 662
cat-Bombay 0.05986643 323 0 517 76
dog-american_bulldog 0.05986643 185 453 416 659
dog-english_cocker_spaniel 0.040540725 185 453 417 658
cat-Egyptian_Mau 0.033844054 185 453 416 659
cat-Maine_Coon 0.026556581 185 453 416 659
dog-staffordshire_bull_terrier 0.025957376 185 453 417 658
dog-beagle 0.02157405 185 453 417 658
dog-basset_hound 0.02048856 179 461 415 686
cat-Bengal 0.019908786 323 0 517 76
dog-shiba_inu 0.016785502 185 453 416 659
dog-english_setter 0.01495707 185 453 417 658
cat-Bombay 0.014559507 261 0 477 100
cat-Siamese 0.014392346 9 0 191 99
cat-Russian_Blue 0.012241274 339 0 521 87
cat-Bombay 0.0118691325 29 0 225 98
cat-Siamese 0.011072159 30 0 237 113
cat-Ragdoll 0.010328144 185 453 416 659
cat-Russian_Blue 0.009974927 261 0 477 100
dog-miniature_pinscher 0.0098466575 0 0 463 626
dog-samoyed 0.009232223 185 453 416 659
cat-Birman 0.00895071 29 0 225 98
bella 0.0087791085 199 478 331 654
dog-great_pyrenees 0.008062005 187 450 419 658
cat-Bengal 0.0076362193 0 110 40 317
cat-Bombay 0.007547915 230 4 470 132
dog-scottish_terrier 0.0074932277 0 0 463 626
cat-Bengal 0.007374376 102 0 275 76
cat-Bombay 0.007289082 81 0 280 100
dog-american_pit_bull_terrier 0.007260859 462 99 695 779
cat-Bombay 0.0072327554 307 0 433 56
cat-Bombay 0.0070938766 367 0 584 74
cat-Russian_Blue 0.006718874 9 0 191 99
dog-american_pit_bull_terrier 0.0065442324 92 2 695 629
cat-Bombay 0.0064631402 456 0 680 101
cat-Egyptian_Mau 0.0063635707 0 92 40 292
dog-shiba_inu 0.0062873363 0 3 497 611
dog-american_pit_bull_terrier 0.0062738955 171 0 695 495
dog-miniature_pinscher 0.006272763 0 0 441 485
cat-Bombay 0.0062170923 378 0 625 98
bella 0.006192982 289 462 422 658
dog-newfoundland 0.00614509 573 38 695 348
dog-miniature_pinscher 0.006097555 297 0 468 73
cat-Bombay 0.0058199465 491 5 695 129
cat-Bombay 0.0057525337 289 1 552 111
dog-shiba_inu 0.005708039 0 738 239 921
cat-Bombay 0.005576551 338 0 481 59
cat-Bombay 0.0055549145 280 0 393 50
cat-Russian_Blue 0.0055549145 30 0 237 113
dog-basset_hound 0.0054905713 96 472 392 741
dog-yorkshire_terrier 0.0054062307 171 0 695 495
dog-havanese 0.0051422417 171 0 695 495
dog-yorkshire_terrier 0.005139619 497 18 695 490
cat-Bengal 0.0051196814 235 0 452 104
dog-great_pyrenees 0.0051091015 171 0 695 495
cat-Bengal 0.0050800443 307 0 433 56
cat-Bombay 0.0048674047 205 0 422 106
cat-Bengal 0.0048297346 0 0 134 81
cat-Birman 0.004773736 498 0 695 105
dog-staffordshire_bull_terrier 0.0047114193 0 3 497 611
cat-Maine_Coon 0.0046818256 0 0 484 627
dog-pomeranian 0.004621476 171 0 695 495
cat-Bengal 0.004546851 0 0 463 626
cat-Siamese 0.004485786 378 0 625 98
bella 0.0044683814 648 303 693 553
dog-miniature_pinscher 0.0044543147 171 0 695 495
cat-Persian 0.004416555 15 0 116 53
dog-yorkshire_terrier 0.004382342 177 7 695 535
dog-english_cocker_spaniel 0.0043314993 645 441 694 701
cat-Bombay 0.004314691 0 0 171 71
dog-english_cocker_spaniel 0.004231602 648 554 693 797
bella 0.004231602 655 334 695 525
dog-basset_hound 0.0041987896 0 110 40 317
dog-yorkshire_terrier 0.0041987896 449 30 695 691
cat-Bombay 0.0041339695 426 0 638 74
dog-scottish_terrier 0.004053861 0 0 441 485
dog-english_cocker_spaniel 0.0039853454 0 0 463 626
cat-Bengal 0.003976226 182 0 468 159
dog-american_pit_bull_terrier 0.003976226 185 453 417 658
cat-Birman 0.0039454103 378 0 625 98
dog-miniature_pinscher 0.0039064586 92 2 695 629
cat-Siamese 0.003899634 278 459 478 627
bella 0.003899634 651 278 695 492
dog-newfoundland 0.0038693845 550 107 690 396
cat-Bengal 0.0038543642 47 0 226 76
cat-Bengal 0.0038244724 0 181 40 370
cat-Russian_Blue 0.0038244724 367 0 584 74
dog-chihuahua 0.0038107336 171 0 695 495
cat-Bengal 0.0037948191 353 0 496 59
cat-Bengal 0.0037654042 280 0 393 50
dog-basset_hound 0.0037654042 647 606 693 836
cat-Bengal 0.00370726 367 0 584 74
cat-Bombay 0.0036785007 594 4 695 87
dog-miniature_pinscher 0.0036675334 0 0 569 512
dog-samoyed 0.0036675036 171 0 695 495
bella 0.0036642253 646 207 693 461
cat-Siamese 0.0036499798 456 0 680 101
dog-miniature_pinscher 0.0036499798 307 0 433 56
dog-yorkshire_terrier 0.003635794 432 0 695 222
cat-Bengal 0.0036216974 0 0 110 57
