bella 0.8852352 131 212 471 609
dog-beagle 0.19253936 135 210 472 609
dog-english_setter 0.170508 135 210 472 609
dog-basset_hound 0.08540368 133 211 466 605
dog-english_cocker_spaniel 0.065844715 133 211 466 605
dog-basset_hound 0.04894036 0 187 513 678
cat-Maine_Coon 0.046378195 138 213 472 609
dog-american_bulldog 0.042009056 138 213 472 609
dog-staffordshire_bull_terrier 0.041152894 138 213 472 609
cat-Bengal 0.03113532 0 187 513 678
dog-english_setter 0.02949822 0 187 513 678
cat-Egyptian_Mau 0.024609923 138 213 472 609
dog-american_pit_bull_terrier 0.024423093 138 213 472 609
dog-shiba_inu 0.022074401 138 213 472 609
dog-english_cocker_spaniel 0.020881832 0 187 513 678
dog-saint_bernard 0.016914904 138 213 472 609
cat-Abyssinian 0.016340137 0 209 48 393
dog-beagle 0.016313434 0 187 513 678
cat-Maine_Coon 0.016045898 0 187 513 678
dog-miniature_pinscher 0.014324129 0 187 513 678
dog-boxer 0.011552662 138 213 472 609
cat-British_Shorthair 0.0115477145 0 187 513 678
dog-basset_hound 0.011348635 103 202 561 924
dog-basset_hound 0.011331767 645 192 693 435
dog-japanese_chin 0.011072159 307 611 366 717
dog-english_cocker_spaniel 0.010448635 0 499 45 712
bella 0.01024273 0 187 513 678
cat-Siamese 0.010130405 117 2 217 60
dog-leonberger 0.010091305 138 213 472 609
cat-Egyptian_Mau 0.009796083 0 187 513 678
bella 0.009485722 135 238 341 561
cat-Siamese 0.009340018 146 6 246 63
bella 0.009232223 650 16 689 232
dog-samoyed 0.00912565 138 213 472 609
cat-Egyptian_Mau 0.009020269 0 390 44 577
cat-Ragdoll 0.008644164 0 280 45 469
cat-Egyptian_Mau 0.008544326 0 242 45 430
dog-american_bulldog 0.008392543 0 84 478 596
cat-British_Shorthair 0.008124709 138 213 472 609
dog-wheaten_terrier 0.008122653 0 187 513 678
cat-Abyssinian 0.008030802 0 242 45 430
dog-german_shorthaired 0.0076282024 0 187 513 678
cat-Ragdoll 0.007547915 135 195 467 612
cat-Bengal 0.0075187087 138 213 472 609
dog-english_cocker_spaniel 0.007460654 1 561 54 749
cat-Sphynx 0.007455826 0 84 478 596
cat-Bombay 0.006984651 440 0 651 66
cat-Persian 0.006930679 139 197 481 629
dog-basset_hound 0.006903827 0 595 54 772
cat-Siamese 0.006823957 149 0 244 49
dog-american_pit_bull_terrier 0.0067188144 0 84 478 596
cat-Siamese 0.0066928566 169 12 277 69
dog-great_pyrenees 0.0066928566 138 213 472 609
dog-havanese 0.0065865815 0 187 513 678
dog-shiba_inu 0.006584555 0 84 478 596
cat-Bengal 0.006338924 0 156 45 367
cat-Sphynx 0.006314367 138 213 472 609
cat-Bombay 0.006050408 357 0 476 52
cat-Ragdoll 0.0060035884 640 2 675 34
dog-basset_hound 0.0060035884 650 246 690 471
bella 0.0060035884 655 312 693 495
dog-scottish_terrier 0.0059716105 0 187 513 678
dog-shiba_inu 0.0059340596 503 2 691 126
bella 0.005911082 2 395 41 580
dog-german_shorthaired 0.005888164 138 213 472 609
cat-Egyptian_Mau 0.0058653355 0 338 44 498
cat-Egyptian_Mau 0.005576551 0 194 45 386
cat-Siamese 0.0054692626 169 0 268 52
cat-Russian_Blue 0.005448073 0 194 45 386
dog-basset_hound 0.005448073 0 499 45 712
dog-staffordshire_bull_terrier 0.0053358674 0 84 478 596
dog-newfoundland 0.0053225458 0 401 44 604
cat-Siamese 0.0053018928 103 0 205 51
dog-leonberger 0.0053018928 0 280 45 469
dog-english_cocker_spaniel 0.005260855 0 437 45 651
dog-wheaten_terrier 0.005260855 138 213 472 609
cat-Persian 0.0051998794 452 840 496 871
cat-Russian_Blue 0.005185306 0 187 513 678
cat-Maine_Coon 0.0050800443 434 786 566 910
dog-basset_hound 0.005040705 0 194 45 386
cat-Bengal 0.005001664 0 598 48 781
dog-basset_hound 0.004987985 163 163 693 763
dog-havanese 0.004982263 244 2 290 39
cat-Bombay 0.004962951 383 0 582 67
dog-keeshond 0.004859954 0 187 513 678
dog-pomeranian 0.004810989 155 50 425 247
dog-leonberger 0.0047367513 432 282 459 338
cat-Bombay 0.0047183633 458 0 674 95
cat-Siamese 0.0047183633 142 211 479 615
dog-basset_hound 0.0047183633 0 437 45 651
dog-japanese_chin 0.0047183633 0 280 45 469
dog-miniature_pinscher 0.0046818256 0 184 47 385
dog-staffordshire_bull_terrier 0.004645556 0 401 44 604
dog-basset_hound 0.0046307445 0 239 511 873
dog-american_pit_bull_terrier 0.0045916736 446 0 693 236
cat-Abyssinian 0.004573852 138 213 472 609
cat-Persian 0.004573852 460 849 505 875
dog-american_bulldog 0.0045561194 0 280 45 469
cat-Birman 0.00450328 0 280 45 469
cat-Ragdoll 0.004485786 0 338 44 498
