dog-english_setter 0.4531384 241 108 682 900
dog-english_cocker_spaniel 0.056667328 243 74 679 910
dog-american_pit_bull_terrier 0.04722187 238 41 689 902
dog-newfoundland 0.040999025 250 102 694 873
dog-havanese 0.036029518 238 41 689 902
dog-leonberger 0.035055697 243 74 679 910
dog-basset_hound 0.031830043 241 108 682 900
dog-wheaten_terrier 0.029929757 251 132 695 872
dog-american_pit_bull_terrier 0.02418223 272 0 695 801
bella 0.023599297 0 813 54 925
dog-havanese 0.021545976 272 0 695 801
cat-Egyptian_Mau 0.02120611 652 6 690 188
dog-basset_hound 0.018546551 3 459 60 706
cat-Egyptian_Mau 0.017576873 651 51 695 256
dog-english_setter 0.01704532 2 397 63 651
dog-shiba_inu 0.013795376 0 0 394 368
dog-beagle 0.013655841 241 108 682 900
cat-Egyptian_Mau 0.013070792 651 95 690 323
dog-wheaten_terrier 0.013020486 2 397 63 651
dog-leonberger 0.012821227 2 397 63 651
dog-american_pit_bull_terrier 0.012722701 479 350 542 472
cat-Egyptian_Mau 0.011732459 657 1 695 146
dog-pug 0.011687249 473 310 549 452
cat-Egyptian_Mau 0.010902375 339 0 417 48
dog-basset_hound 0.010758907 0 181 687 924
dog-yorkshire_terrier 0.010675043 272 0 695 801
dog-english_setter 0.010633081 329 225 695 925
dog-yorkshire_terrier 0.010529697 384 23 695 227
dog-german_shorthaired 0.010302991 241 108 682 900
dog-leonberger 0.00963366 456 3 526 26
dog-miniature_pinscher 0.009614915 274 62 695 911
cat-Persian 0.009412587 541 1 599 22
cat-Egyptian_Mau 0.009090394 657 125 695 302
cat-Egyptian_Mau 0.009055257 0 0 52 177
dog-basset_hound 0.009020269 1 495 47 757
dog-yorkshire_terrier 0.008511305 178 19 649 416
cat-Egyptian_Mau 0.008283615 654 191 695 391
dog-english_cocker_spaniel 0.008062005 4 425 61 689
dog-pomeranian 0.008062005 337 0 644 147
cat-Birman 0.007937998 423 0 493 47
cat-Bengal 0.007826626 241 108 682 900
dog-pomeranian 0.0074231327 331 0 695 724
cat-Birman 0.007403016 449 0 580 49
dog-yorkshire_terrier 0.007403016 233 90 689 765
dog-newfoundland 0.0073980093 272 0 695 801
dog-great_pyrenees 0.007285714 238 41 689 902
cat-Egyptian_Mau 0.007260859 637 8 692 223
cat-Egyptian_Mau 0.0072327554 6 489 154 925
cat-Bombay 0.0070390403 409 0 524 48
cat-Persian 0.006823957 561 1 618 22
cat-Siamese 0.006718874 409 0 524 48
dog-samoyed 0.0066669285 283 23 680 353
cat-Persian 0.0066411197 519 1 584 24
dog-yorkshire_terrier 0.0066411197 447 0 533 30
dog-saint_bernard 0.006575376 241 108 682 900
dog-havanese 0.0064882636 251 215 446 361
cat-Persian 0.0064631402 490 0 579 28
dog-american_bulldog 0.0063477755 238 41 689 902
dog-english_setter 0.0063251853 0 181 687 924
dog-yorkshire_terrier 0.006314367 512 23 695 501
cat-Egyptian_Mau 0.0062898993 0 527 117 925
cat-Birman 0.0061689913 423 0 543 49
dog-keeshond 0.006121278 507 78 695 602
dog-american_bulldog 0.006097555 2 397 63 651
dog-pug 0.0060159266 272 0 695 801
cat-Egyptian_Mau 0.005911082 3 459 60 706
dog-american_bulldog 0.0058653355 0 119 201 793
dog-english_setter 0.0058653355 3 249 91 514
dog-great_pyrenees 0.0058653355 2 397 63 651
cat-Bengal 0.0058425963 0 481 50 697
dog-beagle 0.0058199465 3 249 91 514
dog-english_cocker_spaniel 0.005797416 0 481 50 697
cat-Birman 0.005598247 427 4 493 26
dog-leonberger 0.005598247 474 2 542 25
dog-newfoundland 0.005576551 473 310 549 452
cat-Abyssinian 0.005448073 657 148 695 327
dog-newfoundland 0.005448073 4 406 62 670
dog-leonberger 0.0053994358 272 0 695 801
dog-leonberger 0.0053640604 491 209 567 273
cat-Bengal 0.0053432584 0 527 117 925
dog-havanese 0.005281329 218 93 687 607
cat-Persian 0.005260855 423 0 493 47
dog-newfoundland 0.0052404404 479 350 542 472
dog-japanese_chin 0.0052392185 272 0 695 801
dog-samoyed 0.005220115 310 0 685 243
dog-great_pyrenees 0.005122304 272 0 695 801
dog-english_setter 0.005040705 0 339 81 686
dog-yorkshire_terrier 0.005040705 473 310 549 452
dog-yorkshire_terrier 0.0050190687 197 0 695 904
cat-Persian 0.004982263 427 4 493 26
dog-shiba_inu 0.004982263 5 30 366 486
cat-Egyptian_Mau 0.004962951 0 1 45 36
cat-Egyptian_Mau 0.004962951 94 0 168 47
dog-yorkshire_terrier 0.004962951 468 3 552 26
dog-pomeranian 0.004924506 96 0 563 296
cat-Persian 0.004903823 229 138 695 925
bella 0.004886389 2 397 63 651
cat-Birman 0.0048674047 498 0 625 47
cat-Egyptian_Mau 0.0048297346 337 1 402 37
dog-basset_hound 0.004755199 0 527 117 925
