bella 0.7386691 266 110 695 581
dog-english_setter 0.29583985 266 110 695 581
dog-american_bulldog 0.14128143 266 110 695 581
dog-beagle 0.093678 265 114 696 587
dog-english_cocker_spaniel 0.046692967 259 84 682 756
dog-great_pyrenees 0.032100707 265 114 696 587
dog-basset_hound 0.022726059 259 84 682 756
cat-Persian 0.022672445 269 118 693 582
dog-american_pit_bull_terrier 0.021948248 269 118 693 582
dog-basset_hound 0.016198665 114 73 726 927
dog-english_cocker_spaniel 0.01600942 308 122 873 738
cat-Ragdoll 0.015906394 269 118 693 582
cat-Egyptian_Mau 0.013848603 269 118 693 582
cat-Bengal 0.013645947 259 84 682 756
dog-saint_bernard 0.012673736 265 114 696 587
dog-shiba_inu 0.011244565 637 1 695 123
dog-english_cocker_spaniel 0.01100269 114 73 726 927
dog-staffordshire_bull_terrier 0.010489106 269 118 693 582
cat-Maine_Coon 0.010145277 308 25 873 611
cat-Bengal 0.010052383 0 390 54 599
dog-beagle 0.00891614 115 379 231 439
bella 0.008827776 308 25 873 611
dog-shiba_inu 0.007999748 269 118 693 582
dog-miniature_pinscher 0.007964551 259 84 682 756
dog-shiba_inu 0.007861406 308 25 873 611
cat-Bengal 0.007857412 0 38 689 616
dog-staffordshire_bull_terrier 0.007695645 493 110 556 149
cat-Bengal 0.0076362193 745 3 873 113
dog-staffordshire_bull_terrier 0.007289082 505 118 568 163
dog-saint_bernard 0.0066669285 421 600 521 675
dog-english_cocker_spaniel 0.0064311028 0 80 750 799
cat-Ragdoll 0.0062901974 308 25 873 611
cat-Egyptian_Mau 0.006121278 98 71 154 94
dog-german_shorthaired 0.0060902536 259 84 682 756
bella 0.0060498416 114 73 726 927
cat-Sphynx 0.0059378743 0 38 689 616
cat-Siamese 0.0059340596 543 155 622 183
cat-British_Shorthair 0.005868107 0 38 689 616
dog-samoyed 0.0056419075 269 118 693 582
dog-english_setter 0.00548172 183 125 700 927
cat-Maine_Coon 0.005448073 266 113 701 573
dog-wheaten_terrier 0.0054269433 269 118 693 582
cat-Siamese 0.005405903 546 144 640 178
cat-Birman 0.0053225458 149 0 411 99
dog-samoyed 0.0052645504 308 25 873 611
dog-staffordshire_bull_terrier 0.0052585006 308 25 873 611
dog-basset_hound 0.0051736236 0 80 750 799
cat-Egyptian_Mau 0.005153328 308 25 873 611
dog-basset_hound 0.0050800443 0 390 54 599
cat-Egyptian_Mau 0.005060345 637 1 695 123
cat-Siamese 0.005040705 482 0 596 50
dog-staffordshire_bull_terrier 0.005001664 527 167 589 202
cat-Siamese 0.004924506 654 0 869 103
dog-beagle 0.004872352 308 25 873 611
dog-miniature_pinscher 0.004792303 0 0 308 231
cat-Bengal 0.0047367513 709 0 854 58
cat-Egyptian_Mau 0.004645556 97 62 157 87
cat-Egyptian_Mau 0.0046314895 114 73 726 927
dog-basset_hound 0.00461334 280 160 864 927
cat-Siamese 0.0045916736 103 0 374 97
cat-Egyptian_Mau 0.004573852 644 2 700 22
cat-Siamese 0.00450328 510 0 623 51
dog-staffordshire_bull_terrier 0.004492432 114 73 726 927
dog-staffordshire_bull_terrier 0.004416555 536 155 609 186
dog-american_pit_bull_terrier 0.004406035 308 25 873 611
dog-american_bulldog 0.004382342 655 2 708 21
dog-saint_bernard 0.0043483675 405 580 496 657
dog-leonberger 0.0043314993 266 113 701 573
dog-english_cocker_spaniel 0.004297942 812 535 872 792
cat-Egyptian_Mau 0.0042812526 0 390 54 599
cat-Siamese 0.004264623 543 0 678 57
cat-British_Shorthair 0.004215151 269 118 693 582
cat-Birman 0.0041930974 308 25 873 611
cat-Birman 0.0041500926 644 2 700 22
dog-boxer 0.0041500926 437 2 498 26
cat-Egyptian_Mau 0.0041339695 0 527 51 739
bella 0.004101932 271 162 496 517
dog-english_cocker_spaniel 0.004085988 813 115 872 376
dog-yorkshire_terrier 0.00405547 308 25 873 611
dog-pomeranian 0.004038602 262 0 566 141
cat-Bengal 0.00400728 0 465 52 660
dog-english_cocker_spaniel 0.0039535165 280 160 864 927
dog-chihuahua 0.0039187074 308 25 873 611
dog-basset_hound 0.0039123893 308 25 873 611
cat-Russian_Blue 0.0038543642 654 0 869 103
dog-staffordshire_bull_terrier 0.0038543642 512 110 576 149
dog-staffordshire_bull_terrier 0.0038543642 484 118 544 165
dog-english_setter 0.0037948191 266 170 502 537
dog-american_bulldog 0.0037913322 308 25 873 611
dog-english_setter 0.0037889779 308 25 873 611
bella 0.0037800968 814 235 870 482
cat-Bengal 0.0035883486 114 73 726 927
dog-beagle 0.0035840273 0 38 689 616
dog-basset_hound 0.0035657287 91 72 145 94
cat-Bengal 0.0035518706 664 0 809 55
bella 0.0035518706 813 167 870 413
bella 0.003538072 814 306 870 551
cat-Birman 0.003510654 370 111 426 143
bella 0.0034834146 823 289 873 478
cat-Egyptian_Mau 0.0034528375 0 38 689 616
