bella 0.6940604 77 160 609 869
dog-american_bulldog 0.6803127 77 160 609 869
dog-beagle 0.6302846 77 160 609 869
cat-Egyptian_Mau 0.26156187 77 160 609 869
dog-shiba_inu 0.2454466 82 190 590 839
dog-staffordshire_bull_terrier 0.086532414 77 160 609 869
dog-basset_hound 0.038971514 77 160 609 869
dog-english_setter 0.030967504 99 186 590 814
dog-american_pit_bull_terrier 0.022457063 87 185 588 835
dog-samoyed 0.022286177 82 190 590 839
cat-Ragdoll 0.015318155 61 165 623 925
cat-Egyptian_Mau 0.0151307285 646 0 692 162
dog-great_pyrenees 0.0136368275 93 187 585 829
dog-shiba_inu 0.01355955 0 164 617 925
cat-Persian 0.012147158 412 190 503 243
dog-keeshond 0.011331767 86 180 589 792
dog-english_cocker_spaniel 0.010967106 0 164 617 925
cat-Maine_Coon 0.010729432 0 106 615 875
cat-Persian 0.010368168 465 1 564 35
dog-shiba_inu 0.010368168 460 540 596 627
bella 0.010328144 659 475 696 636
dog-wheaten_terrier 0.010248601 86 180 589 792
dog-english_cocker_spaniel 0.0098980665 86 180 589 792
dog-leonberger 0.00891614 86 180 589 792
dog-saint_bernard 0.008537203 85 165 621 848
cat-British_Shorthair 0.008382082 77 160 609 869
cat-Bengal 0.0082196295 0 164 617 925
cat-Persian 0.007695645 234 0 314 33
cat-Egyptian_Mau 0.007547915 649 5 693 257
cat-Sphynx 0.0074846447 0 106 615 875
dog-samoyed 0.007461697 0 164 617 925
dog-chihuahua 0.007289082 661 621 696 782
dog-yorkshire_terrier 0.0069576204 430 0 534 31
dog-leonberger 0.006771207 595 2 651 24
cat-Egyptian_Mau 0.0066928566 0 514 194 925
dog-samoyed 0.0066669285 279 254 325 286
cat-Birman 0.0066411197 635 2 689 25
dog-wheaten_terrier 0.0066154003 512 162 593 215
cat-Persian 0.0064882636 399 182 489 236
dog-newfoundland 0.0064131618 234 205 584 518
dog-boxer 0.0061720014 85 165 621 848
cat-Birman 0.006073922 657 2 696 27
bella 0.0059340596 655 402 694 624
cat-Birman 0.0057525337 474 3 687 143
dog-yorkshire_terrier 0.005533397 454 0 557 34
dog-american_bulldog 0.005468577 0 0 574 873
dog-shiba_inu 0.0053432584 490 553 599 617
cat-Persian 0.005312413 61 165 623 925
dog-great_pyrenees 0.0052983165 43 0 639 889
cat-Maine_Coon 0.0051998794 646 0 692 162
cat-Egyptian_Mau 0.0051797032 655 93 696 299
cat-Persian 0.0051797032 445 190 529 242
dog-wheaten_terrier 0.0050750077 0 106 615 875
cat-Birman 0.005021155 615 2 669 24
dog-saint_bernard 0.004982263 516 628 582 694
dog-leonberger 0.004967302 0 106 615 875
cat-Egyptian_Mau 0.0049436986 654 209 696 414
cat-Russian_Blue 0.0049054027 0 777 146 925
dog-leonberger 0.004886389 428 2 501 27
cat-Birman 0.0048297346 447 0 681 107
cat-Bombay 0.004609585 165 3 225 25
cat-Maine_Coon 0.0045916736 553 0 633 30
cat-Persian 0.004573852 99 0 179 30
dog-havanese 0.004433751 486 145 574 199
cat-Persian 0.004416555 375 187 467 233
dog-scottish_terrier 0.004399419 86 180 589 792
cat-Persian 0.004365325 430 0 534 31
dog-leonberger 0.004314691 577 2 638 25
dog-wheaten_terrier 0.0041662455 543 161 605 220
dog-leonberger 0.0041339695 408 0 492 40
cat-Siamese 0.004085988 437 0 562 47
bella 0.004085988 652 166 692 404
dog-american_pit_bull_terrier 0.004041612 43 0 639 889
cat-Birman 0.004038602 437 0 562 47
dog-english_setter 0.004020542 0 106 615 875
dog-havanese 0.003991723 86 180 589 792
dog-samoyed 0.0039454103 276 243 326 272
cat-Egyptian_Mau 0.0038844645 657 62 696 243
cat-Abyssinian 0.0038543642 677 600 696 665
dog-scottish_terrier 0.0038543642 661 621 696 782
cat-Egyptian_Mau 0.0038394034 658 172 696 357
cat-Bombay 0.0038096309 455 0 582 48
cat-Egyptian_Mau 0.0037654042 653 281 696 482
bella 0.003750801 0 833 50 920
cat-Bombay 0.00370726 288 0 482 73
dog-newfoundland 0.0036928654 442 251 578 510
dog-havanese 0.0036785007 483 145 562 180
dog-basset_hound 0.0036499798 653 137 694 389
dog-shiba_inu 0.0036216974 474 3 687 143
dog-saint_bernard 0.0035657287 501 633 564 695
cat-Egyptian_Mau 0.0035518706 654 349 696 551
dog-shiba_inu 0.0035518706 457 553 569 658
dog-havanese 0.0034834146 435 99 515 132
cat-Bengal 0.0034698844 0 514 194 925
cat-Birman 0.0034564137 676 9 696 73
cat-Birman 0.003442973 295 0 557 103
cat-Maine_Coon 0.0034295917 430 0 534 31
dog-havanese 0.0034295917 463 140 542 182
dog-havanese 0.00341627 353 136 426 163
dog-shiba_inu 0.00341627 661 621 696 782
