bella 0.9619649 53 248 548 796
dog-american_bulldog 0.2511472 59 245 548 791
dog-beagle 0.1690895 59 245 548 791
dog-great_pyrenees 0.1245873 59 245 548 791
dog-shiba_inu 0.065604836 59 246 533 801
cat-Egyptian_Mau 0.05477661 59 245 548 791
dog-samoyed 0.042036057 54 244 554 792
dog-english_setter 0.040087372 55 245 542 796
cat-Ragdoll 0.03777492 68 221 551 785
dog-staffordshire_bull_terrier 0.036356658 59 246 533 801
dog-english_cocker_spaniel 0.024845421 61 252 537 797
cat-Maine_Coon 0.023504168 0 209 528 765
dog-saint_bernard 0.02028644 68 221 551 785
cat-Egyptian_Mau 0.019719124 539 563 692 925
dog-american_pit_bull_terrier 0.013121277 55 245 542 796
dog-havanese 0.012673736 437 133 521 172
cat-Birman 0.012431651 458 0 673 96
cat-Russian_Blue 0.012053788 450 0 649 66
dog-basset_hound 0.0118691325 54 253 537 807
cat-Egyptian_Mau 0.011732459 593 546 695 900
cat-Russian_Blue 0.011244565 404 0 597 67
cat-Bombay 0.010209054 390 0 556 68
cat-Siamese 0.009783864 458 0 673 96
cat-Sphynx 0.009591341 0 209 528 765
bella 0.008216411 122 160 695 785
dog-havanese 0.007937998 463 151 526 178
dog-wheaten_terrier 0.007680893 0 209 528 765
cat-Egyptian_Mau 0.0075187087 632 545 695 811
cat-Persian 0.007204771 640 0 692 223
dog-pomeranian 0.0071537793 68 221 551 785
dog-newfoundland 0.0065897703 415 281 530 531
cat-Bombay 0.006338924 375 0 498 52
dog-pomeranian 0.0062898993 367 3 425 23
dog-keeshond 0.006241262 367 3 425 23
dog-keeshond 0.006192982 0 797 178 925
dog-beagle 0.006129861 122 160 695 785
bella 0.006097555 78 359 222 715
cat-Birman 0.006073922 356 2 419 23
cat-Bengal 0.0060391426 0 209 528 765
cat-Abyssinian 0.0059601665 0 209 528 765
cat-British_Shorthair 0.005911082 59 246 533 801
dog-american_bulldog 0.005911082 505 0 691 102
dog-havanese 0.0058199465 215 255 545 562
dog-leonberger 0.0057302415 447 4 535 58
cat-Ragdoll 0.0056717694 122 160 695 785
cat-Bombay 0.005598247 450 0 649 66
cat-British_Shorthair 0.005598247 312 3 374 24
cat-Birman 0.0055549145 510 4 689 140
cat-Siamese 0.005533397 510 4 689 140
cat-Persian 0.0054692626 343 1 413 23
dog-leonberger 0.0054269433 446 57 509 99
dog-leonberger 0.0051998794 0 558 42 701
dog-great_pyrenees 0.0050800443 341 142 395 190
dog-leonberger 0.005021155 418 302 530 551
cat-British_Shorthair 0.004982263 390 0 516 55
cat-Egyptian_Mau 0.004982263 643 576 695 783
dog-staffordshire_bull_terrier 0.0049436986 0 177 46 385
dog-leonberger 0.004924506 437 45 507 88
cat-Ragdoll 0.00489974 0 0 465 756
cat-Siamese 0.004886389 390 0 556 68
cat-Persian 0.0048674047 321 183 392 228
dog-leonberger 0.0048297346 0 177 46 385
dog-leonberger 0.004790902 0 209 528 765
dog-great_pyrenees 0.004781425 25 0 625 815
dog-newfoundland 0.004755199 215 255 545 562
dog-shiba_inu 0.004755199 510 4 689 140
dog-wheaten_terrier 0.0046818256 215 255 545 562
cat-Birman 0.004663646 675 9 694 70
bella 0.0046433806 0 0 465 756
cat-Ragdoll 0.0046409667 25 0 625 815
dog-american_bulldog 0.0046306252 25 0 625 815
cat-Egyptian_Mau 0.004609585 0 607 37 727
cat-Bombay 0.004573852 418 302 530 551
cat-Siamese 0.004573852 197 0 391 71
dog-leonberger 0.004573852 463 151 526 178
cat-Egyptian_Mau 0.0045492053 0 0 465 756
dog-english_cocker_spaniel 0.0045208335 215 255 545 562
cat-Persian 0.00450328 425 0 528 53
dog-great_pyrenees 0.004485786 324 142 384 186
cat-Maine_Coon 0.0044625998 0 0 465 756
bella 0.004460484 0 0 552 806
dog-american_bulldog 0.0044591725 122 160 695 785
cat-Maine_Coon 0.004416555 425 0 528 53
dog-pomeranian 0.004399419 112 0 600 358
dog-havanese 0.004365325 423 214 514 249
dog-newfoundland 0.004365325 0 177 46 385
cat-Bombay 0.004314691 458 0 673 96
dog-english_setter 0.004231602 625 57 695 353
dog-leonberger 0.004231602 447 66 505 108
dog-english_setter 0.0042292774 0 0 465 756
dog-leonberger 0.0042129457 0 0 465 756
dog-english_setter 0.0041987896 418 302 530 551
cat-Birman 0.0041662455 375 0 498 52
cat-Ragdoll 0.0041500926 505 0 691 102
dog-saint_bernard 0.004121244 0 0 465 756
cat-Bombay 0.004101932 312 3 374 24
cat-Persian 0.004101932 326 3 394 24
cat-Persian 0.004101932 83 283 189 331
cat-Birman 0.0040228963 648 354 695 545
bella 0.0040228963 641 29 693 270
