bella 0.92656994 214 165 504 535
dog-beagle 0.11143446 218 168 501 508
bella 0.081852555 0 61 510 533
cat-Egyptian_Mau 0.060575157 0 61 510 533
dog-beagle 0.060370058 0 61 510 533
dog-english_setter 0.05728197 214 165 504 535
dog-english_cocker_spaniel 0.055208683 183 162 509 543
dog-basset_hound 0.054600596 214 165 504 535
dog-american_bulldog 0.04471892 0 61 510 533
dog-american_bulldog 0.03690806 183 162 509 543
dog-english_setter 0.034794956 0 61 510 533
dog-shiba_inu 0.030946046 0 61 510 533
cat-Bengal 0.028679729 0 61 510 533
dog-staffordshire_bull_terrier 0.026963502 183 162 509 543
cat-Maine_Coon 0.0255166 183 162 509 543
cat-Egyptian_Mau 0.024423093 183 162 509 543
dog-great_pyrenees 0.024258643 0 61 510 533
dog-shiba_inu 0.023330778 183 162 509 543
dog-basset_hound 0.02153495 0 61 510 533
dog-samoyed 0.020093173 0 61 510 533
cat-British_Shorthair 0.017676264 0 61 510 533
dog-basset_hound 0.014531791 4 159 537 583
dog-staffordshire_bull_terrier 0.013829082 0 61 510 533
dog-saint_bernard 0.013787955 0 61 510 533
dog-samoyed 0.013742328 183 162 509 543
dog-wheaten_terrier 0.013571173 0 61 510 533
dog-american_pit_bull_terrier 0.013376594 222 165 504 505
cat-Russian_Blue 0.013240308 0 61 510 533
cat-Maine_Coon 0.012842178 0 61 510 533
cat-Egyptian_Mau 0.012722701 46 1 149 35
cat-Sphynx 0.012653083 0 61 510 533
dog-american_pit_bull_terrier 0.012510747 0 61 510 533
cat-Ragdoll 0.0124209225 0 61 510 533
dog-leonberger 0.011548221 0 61 510 533
dog-english_cocker_spaniel 0.010864913 0 61 510 533
dog-keeshond 0.010506809 0 61 510 533
dog-staffordshire_bull_terrier 0.00985986 284 305 313 360
dog-saint_bernard 0.00963366 233 541 336 636
dog-basset_hound 0.0095386505 0 221 509 927
cat-Abyssinian 0.009410232 0 61 510 533
dog-boxer 0.0091742575 0 61 510 533
cat-Egyptian_Mau 0.009090394 652 119 694 326
cat-Egyptian_Mau 0.009055257 23 2 126 41
bella 0.008892596 4 159 537 583
dog-leonberger 0.008813173 0 222 43 405
dog-basset_hound 0.008577496 652 98 693 347
dog-havanese 0.008059353 0 61 510 533
cat-British_Shorthair 0.007999748 183 162 509 543
cat-Bengal 0.007176876 0 186 45 374
dog-miniature_pinscher 0.007149309 0 61 510 533
dog-staffordshire_bull_terrier 0.007121414 281 294 321 360
cat-Ragdoll 0.0069576204 183 162 509 543
cat-Egyptian_Mau 0.006930679 655 91 694 265
cat-Persian 0.006744981 512 0 608 40
cat-Bombay 0.0066669285 0 222 43 405
cat-Persian 0.0066669285 172 0 268 42
cat-Egyptian_Mau 0.0066411197 0 173 40 330
dog-german_shorthaired 0.006636679 0 61 510 533
dog-american_bulldog 0.0066148043 0 0 463 459
dog-pomeranian 0.006563574 0 61 510 533
dog-basset_hound 0.006538838 644 263 691 453
dog-keeshond 0.0064631402 222 165 504 505
cat-Abyssinian 0.006314367 2 177 49 369
cat-Egyptian_Mau 0.00614509 655 171 694 362
cat-Russian_Blue 0.006050408 0 186 45 374
dog-great_pyrenees 0.0060035884 3 386 269 602
cat-Egyptian_Mau 0.005986333 26 174 603 927
cat-Siamese 0.005948454 0 61 510 533
bella 0.005910486 0 0 425 502
dog-staffordshire_bull_terrier 0.005797416 346 326 373 384
cat-Bengal 0.0057525337 557 3 694 99
cat-Bombay 0.0057302415 446 2 500 21
cat-Egyptian_Mau 0.0057302415 0 532 195 927
cat-Ragdoll 0.0056419075 592 668 694 914
cat-Egyptian_Mau 0.005524665 0 176 489 927
bella 0.005412638 26 174 603 927
cat-Persian 0.005410254 0 61 510 533
dog-scottish_terrier 0.0053640604 222 165 504 505
cat-Egyptian_Mau 0.0053432584 0 0 81 55
dog-great_pyrenees 0.0053432584 77 395 219 554
dog-scottish_terrier 0.0051172078 0 61 510 533
dog-basset_hound 0.0050800443 652 163 694 374
cat-British_Shorthair 0.005001664 234 394 282 416
dog-boxer 0.005001664 222 165 504 505
cat-Egyptian_Mau 0.004982263 0 222 43 405
cat-Egyptian_Mau 0.0049054027 652 53 694 208
cat-Persian 0.0048674047 266 70 355 126
dog-beagle 0.0047994554 0 0 463 459
cat-Egyptian_Mau 0.0047793686 0 0 463 459
cat-Egyptian_Mau 0.004768431 0 94 588 708
cat-Bombay 0.004755199 462 2 521 23
cat-Egyptian_Mau 0.0047000647 2 446 283 927
cat-Bengal 0.0045916736 222 165 504 505
dog-english_cocker_spaniel 0.004538417 229 399 281 437
cat-Ragdoll 0.00450328 0 186 45 374
cat-Persian 0.0044683814 489 1 567 34
bella 0.004433751 655 110 694 290
cat-Birman 0.004399419 0 222 43 405
cat-Egyptian_Mau 0.004391581 4 159 537 583
cat-Egyptian_Mau 0.004382342 3 153 53 329
