bella 0.4668456 358 329 565 559
dog-english_setter 0.2260994 358 329 565 559
dog-american_bulldog 0.16344544 358 328 564 561
dog-beagle 0.11676401 358 328 565 560
dog-american_pit_bull_terrier 0.037326872 358 328 565 560
dog-great_pyrenees 0.02120611 358 329 565 559
dog-saint_bernard 0.019870698 358 329 565 559
cat-Bengal 0.01784873 0 364 42 567
cat-Siamese 0.015365332 138 282 226 337
cat-Egyptian_Mau 0.014899641 0 351 43 546
cat-Siamese 0.014392346 121 263 239 316
dog-japanese_chin 0.014172375 163 304 240 364
dog-samoyed 0.011597365 342 314 566 559
cat-Maine_Coon 0.010986954 0 364 42 567
cat-Egyptian_Mau 0.009708464 358 329 565 559
dog-basset_hound 0.00963366 0 364 42 567
dog-english_cocker_spaniel 0.009559393 358 329 565 559
dog-shiba_inu 0.009522498 342 314 566 559
dog-boxer 0.009412587 71 247 155 313
dog-boxer 0.00919655 80 144 173 277
dog-wheaten_terrier 0.009161025 0 364 42 567
dog-boxer 0.00912565 280 333 364 398
dog-samoyed 0.009090394 0 364 42 567
cat-Maine_Coon 0.008881688 0 741 103 925
dog-japanese_chin 0.008445621 12 139 139 441
dog-japanese_chin 0.008062005 209 339 264 430
dog-staffordshire_bull_terrier 0.007815897 66 118 113 160
dog-boxer 0.007289082 151 283 246 338
dog-japanese_chin 0.007121414 185 329 258 393
cat-Siamese 0.0069576204 165 284 264 339
cat-Egyptian_Mau 0.0066928566 0 597 42 790
cat-Birman 0.0066411197 348 0 588 98
cat-Persian 0.0065897703 414 0 631 72
dog-scottish_terrier 0.0064131618 0 364 42 567
dog-japanese_chin 0.006338924 222 340 279 430
dog-leonberger 0.006097555 488 577 539 675
dog-leonberger 0.0060035884 3 334 46 492
dog-boxer 0.0059571564 55 283 135 339
cat-Maine_Coon 0.005911082 342 314 566 559
dog-shiba_inu 0.005888164 0 364 42 567
dog-leonberger 0.0058653355 0 303 47 450
cat-Persian 0.0057792068 0 0 624 688
cat-Birman 0.005774915 433 0 650 70
cat-Bengal 0.0056858957 0 597 42 790
dog-great_pyrenees 0.005632341 256 0 693 491
dog-boxer 0.005598247 533 350 605 433
dog-pomeranian 0.005574107 256 0 693 491
bella 0.005533397 3 501 52 683
dog-basset_hound 0.0055119395 358 329 565 559
dog-boxer 0.0054905713 106 258 214 315
dog-english_cocker_spaniel 0.005395174 0 0 653 678
dog-japanese_chin 0.005384952 193 340 248 432
dog-japanese_chin 0.005384952 11 214 124 527
dog-wheaten_terrier 0.0053225458 0 331 45 507
dog-english_setter 0.0053018928 250 664 329 822
dog-havanese 0.0052993596 0 0 653 678
dog-japanese_chin 0.005060345 152 301 216 367
dog-pomeranian 0.005060345 342 314 566 559
dog-leonberger 0.005040705 502 580 553 675
dog-leonberger 0.005040705 250 627 319 779
cat-Bombay 0.0048297346 215 0 340 54
dog-english_cocker_spaniel 0.0048297346 0 364 42 567
dog-japanese_chin 0.004792303 170 326 236 393
bella 0.004773736 368 352 501 535
dog-havanese 0.0047736764 88 38 617 558
dog-boxer 0.0047367513 281 307 358 373
dog-japanese_chin 0.0047183633 190 307 277 366
cat-Egyptian_Mau 0.0046818256 0 741 103 925
dog-japanese_chin 0.004645556 1 281 53 395
dog-staffordshire_bull_terrier 0.004573852 98 131 147 167
dog-boxer 0.004538417 90 250 184 312
dog-keeshond 0.00450328 342 314 566 559
dog-yorkshire_terrier 0.0044510365 41 0 603 434
dog-japanese_chin 0.004433751 243 818 287 851
dog-japanese_chin 0.004433751 2 320 50 454
dog-japanese_chin 0.004416555 138 322 193 412
dog-pomeranian 0.0043675303 255 47 693 583
cat-Maine_Coon 0.0043314993 414 0 631 72
dog-leonberger 0.004314691 670 333 692 413
cat-Bengal 0.004264623 649 93 693 282
dog-japanese_chin 0.0042480826 157 322 209 405
dog-pomeranian 0.0041987896 424 464 545 561
dog-boxer 0.0041500926 48 252 138 316
dog-japanese_chin 0.004117906 138 282 226 337
cat-British_Shorthair 0.004101932 0 351 43 546
bella 0.004101932 0 364 42 567
dog-staffordshire_bull_terrier 0.0040228963 119 168 174 200
cat-Abyssinian 0.0039454103 0 364 42 567
dog-saint_bernard 0.0039454103 55 283 135 339
dog-leonberger 0.003930092 514 582 571 672
dog-boxer 0.003914833 79 280 150 337
dog-japanese_chin 0.003914833 26 319 68 344
cat-Russian_Blue 0.0038693845 0 364 42 567
cat-Russian_Blue 0.0038543642 214 0 406 67
bella 0.0038394034 645 447 690 677
cat-Birman 0.0038096309 281 0 527 96
dog-havanese 0.0038096309 336 334 564 585
cat-Birman 0.0037948191 452 0 671 107
dog-chihuahua 0.0037948191 649 378 693 587
dog-basset_hound 0.0037800968 650 784 693 922
