dog-english_setter 0.35309356 293 303 488 475
bella 0.31912142 293 303 488 475
dog-american_pit_bull_terrier 0.08756384 289 301 489 479
dog-beagle 0.08725226 293 303 488 475
dog-great_pyrenees 0.06325051 292 311 484 480
dog-american_bulldog 0.0556176 289 301 489 479
dog-wheaten_terrier 0.04603389 581 99 689 326
dog-saint_bernard 0.037047178 289 301 489 479
dog-wheaten_terrier 0.017176718 292 311 484 480
dog-shiba_inu 0.01554364 289 301 489 479
dog-samoyed 0.014615655 293 303 488 475
dog-leonberger 0.013121277 297 305 482 468
dog-english_cocker_spaniel 0.012053788 293 306 489 475
dog-shiba_inu 0.011375606 16 0 337 128
cat-Egyptian_Mau 0.010902375 289 301 489 479
dog-basset_hound 0.0087451935 291 304 487 476
cat-Siamese 0.008478403 7 0 211 101
cat-Maine_Coon 0.008380443 289 301 489 479
cat-Egyptian_Mau 0.007876694 495 0 585 37
cat-British_Shorthair 0.007785648 503 1 591 35
dog-basset_hound 0.0075128376 0 402 637 923
cat-Persian 0.007403016 503 1 591 35
dog-boxer 0.007176876 289 301 489 479
dog-shiba_inu 0.0071491003 27 0 258 100
dog-leonberger 0.007121414 0 41 44 252
cat-Siamese 0.006930679 716 9 736 78
cat-Maine_Coon 0.0062170923 12 0 138 68
dog-great_pyrenees 0.0062170923 295 306 422 465
dog-american_pit_bull_terrier 0.006192982 28 0 369 127
dog-chihuahua 0.0059340596 27 0 258 100
dog-chihuahua 0.005888164 289 301 489 479
bella 0.0058199465 5 612 50 782
dog-staffordshire_bull_terrier 0.0057525337 285 222 339 250
dog-american_pit_bull_terrier 0.005649328 186 47 736 549
dog-havanese 0.005598247 292 311 484 480
dog-newfoundland 0.0053432584 0 64 207 706
dog-pomeranian 0.005295843 244 0 736 422
dog-great_pyrenees 0.0052856505 244 0 736 422
dog-wheaten_terrier 0.005260855 0 80 44 304
dog-leonberger 0.0051596165 232 512 307 568
cat-Egyptian_Mau 0.0050800443 702 292 736 447
cat-Abyssinian 0.005021155 289 301 489 479
bella 0.004982263 4 681 68 913
cat-Siamese 0.004962951 29 0 153 51
cat-Ragdoll 0.0049054027 293 303 488 475
dog-leonberger 0.004755199 436 556 492 651
dog-basset_hound 0.004663646 0 80 44 304
dog-english_cocker_spaniel 0.0045916736 0 80 44 304
cat-Egyptian_Mau 0.004573852 0 41 44 252
dog-leonberger 0.004573852 405 480 494 548
dog-newfoundland 0.0045561194 568 104 688 332
dog-japanese_chin 0.004538417 297 305 482 468
dog-samoyed 0.004529208 244 0 736 422
cat-British_Shorthair 0.0045208335 529 1 612 32
dog-american_pit_bull_terrier 0.00450328 72 0 329 101
cat-Bombay 0.0044510365 29 0 153 51
dog-basset_hound 0.004371166 3 240 683 923
bella 0.004314691 6 640 49 841
dog-staffordshire_bull_terrier 0.004264623 314 307 484 472
dog-american_pit_bull_terrier 0.0041520596 297 0 736 485
cat-Egyptian_Mau 0.0041500926 5 708 99 923
cat-Bengal 0.0041339695 289 301 489 479
cat-Birman 0.0041339695 29 0 153 51
dog-yorkshire_terrier 0.00410375 186 47 736 549
cat-Maine_Coon 0.004085988 0 0 98 80
dog-american_pit_bull_terrier 0.004070133 542 0 736 293
bella 0.0040228963 691 423 733 655
dog-basset_hound 0.003976226 5 626 50 812
cat-Egyptian_Mau 0.003956318 0 335 634 923
dog-yorkshire_terrier 0.0039503276 244 0 736 422
bella 0.003930092 699 349 736 519
cat-Egyptian_Mau 0.003899634 700 332 736 494
dog-samoyed 0.003899634 620 0 736 113
dog-shiba_inu 0.003899634 694 9 736 168
dog-pug 0.003898114 186 47 736 549
dog-leonberger 0.0038844645 0 0 47 180
cat-Persian 0.003836453 23 85 713 595
cat-Abyssinian 0.0038096309 18 0 125 49
dog-wheaten_terrier 0.0038096309 149 299 477 544
dog-keeshond 0.0037948191 289 301 489 479
cat-Bengal 0.0036785007 581 99 689 326
bella 0.0036785007 4 578 50 729
dog-english_setter 0.0036642253 288 309 412 460
dog-leonberger 0.0036642253 5 626 50 812
cat-Bengal 0.0036216974 495 0 580 35
cat-Persian 0.0035935938 540 1 620 31
dog-american_bulldog 0.0035913587 186 47 736 549
dog-yorkshire_terrier 0.0035796463 557 0 736 324
bella 0.0035657287 0 80 44 304
dog-newfoundland 0.003538072 0 58 44 279
dog-samoyed 0.003538072 0 41 44 252
dog-chihuahua 0.0035203695 186 47 736 549
cat-Egyptian_Mau 0.003510654 0 0 55 57
dog-american_bulldog 0.003510654 7 0 211 101
dog-havanese 0.0034970045 591 76 695 284
cat-Persian 0.0034698844 612 101 702 149
dog-great_pyrenees 0.0034698844 218 318 471 496
dog-basset_hound 0.003403008 0 395 220 917
dog-english_cocker_spaniel 0.003403008 5 626 50 812
dog-wheaten_terrier 0.003403008 5 612 50 782
