cat-Bengal 0.746139 60 43 209 214
cat-Egyptian_Mau 0.7364006 59 44 208 213
cat-Abyssinian 0.5097644 58 42 207 213
dog-basset_hound 0.14080817 57 42 208 214
cat-Russian_Blue 0.1305069 58 42 208 213
dog-beagle 0.10894504 57 42 208 214
dog-shiba_inu 0.043365806 60 44 209 211
dog-miniature_pinscher 0.040540725 60 44 209 211
cat-Sphynx 0.039048284 57 42 208 214
cat-Bengal 0.032161444 0 37 210 231
cat-Maine_Coon 0.028274596 60 44 209 211
cat-British_Shorthair 0.01890546 57 42 208 214
dog-saint_bernard 0.014672041 283 167 339 197
cat-Egyptian_Mau 0.013742328 549 149 581 215
dog-saint_bernard 0.013428271 273 167 321 200
cat-Abyssinian 0.012624949 458 210 577 371
cat-Bombay 0.012147158 57 42 208 214
dog-yorkshire_terrier 0.0119611025 212 0 581 134
dog-staffordshire_bull_terrier 0.011687249 325 320 474 367
dog-basset_hound 0.010818452 3 277 35 344
cat-Bengal 0.010570496 64 83 150 173
cat-Abyssinian 0.010448635 0 37 210 231
cat-Egyptian_Mau 0.009708464 0 37 210 231
dog-english_setter 0.009559393 58 44 208 210
dog-staffordshire_bull_terrier 0.00919655 248 321 392 367
cat-Bombay 0.009161025 334 0 522 30
dog-yorkshire_terrier 0.008813173 421 1 581 160
dog-japanese_chin 0.008711398 60 45 207 214
dog-saint_bernard 0.008711398 283 162 340 188
cat-Bengal 0.008677721 56 49 202 145
cat-Bombay 0.008610755 245 0 436 31
cat-Egyptian_Mau 0.008577496 550 164 581 233
dog-staffordshire_bull_terrier 0.00818792 1 159 40 236
cat-Abyssinian 0.00815624 492 216 581 368
dog-saint_bernard 0.008030802 297 166 355 196
dog-american_pit_bull_terrier 0.007606685 58 44 208 210
bella 0.0074317753 1 159 40 236
cat-Egyptian_Mau 0.0073458254 502 208 581 357
cat-Bombay 0.007260859 198 0 378 30
dog-miniature_pinscher 0.0072327554 0 113 17 153
dog-wheaten_terrier 0.007176876 57 42 208 214
cat-Abyssinian 0.007011801 108 163 195 210
dog-german_shorthaired 0.006984651 57 42 208 214
dog-saint_bernard 0.0069576204 258 168 306 197
dog-chihuahua 0.006823957 58 44 208 210
cat-Egyptian_Mau 0.0065897703 547 122 581 203
dog-basset_hound 0.0065642595 0 280 39 360
dog-english_cocker_spaniel 0.0065642595 57 42 208 214
bella 0.006513506 550 164 581 233
cat-Abyssinian 0.0064882636 420 157 581 371
dog-saint_bernard 0.0064882636 270 162 322 188
dog-yorkshire_terrier 0.0064131618 383 0 581 97
cat-Bengal 0.006097555 0 191 39 272
dog-miniature_pinscher 0.0059803426 0 130 17 173
dog-german_shorthaired 0.005888164 0 137 38 211
cat-Bengal 0.005797416 0 0 190 198
cat-Siamese 0.005797416 207 0 411 39
dog-english_cocker_spaniel 0.005774915 0 191 39 272
cat-Egyptian_Mau 0.0054692626 0 280 39 360
dog-saint_bernard 0.0054692626 57 42 208 214
cat-Bombay 0.005384952 292 0 474 35
cat-Bengal 0.0053432584 0 280 39 360
dog-basset_hound 0.005260855 543 95 580 186
dog-newfoundland 0.005260855 0 117 37 192
dog-staffordshire_bull_terrier 0.0052404404 0 146 38 221
dog-miniature_pinscher 0.0051797032 0 100 17 138
cat-Egyptian_Mau 0.005099833 0 156 39 232
dog-japanese_chin 0.005099833 283 167 339 197
bella 0.005060345 549 106 581 179
dog-newfoundland 0.004886389 0 137 38 211
cat-Bombay 0.0047000647 380 0 562 29
dog-newfoundland 0.0047000647 0 136 18 176
cat-Bengal 0.004645556 485 206 581 371
cat-Birman 0.004538417 234 0 434 39
dog-havanese 0.0044510365 433 31 581 219
cat-Egyptian_Mau 0.004433751 174 40 245 64
cat-Egyptian_Mau 0.004416555 0 0 190 198
dog-shiba_inu 0.0043483675 550 157 581 223
dog-yorkshire_terrier 0.0043314993 0 136 18 176
cat-Russian_Blue 0.004231602 289 0 478 30
bella 0.0041500926 552 184 581 251
dog-yorkshire_terrier 0.004101932 433 31 581 219
dog-japanese_chin 0.004085988 283 162 340 188
dog-basset_hound 0.004070133 0 146 38 221
dog-saint_bernard 0.00400728 274 177 320 211
cat-Bengal 0.0040028095 0 0 240 236
cat-Egyptian_Mau 0.003976226 0 183 39 267
dog-basset_hound 0.003930092 0 183 39 267
dog-staffordshire_bull_terrier 0.003930092 367 317 518 368
bella 0.0038693845 549 149 581 215
dog-miniature_pinscher 0.0037800968 0 90 17 127
dog-german_shorthaired 0.0037654042 0 156 39 232
dog-boxer 0.003750801 57 42 208 214
bella 0.003750801 57 42 208 214
dog-basset_hound 0.0037362278 0 59 211 202
dog-miniature_pinscher 0.0037362278 0 77 16 113
dog-saint_bernard 0.003721714 243 168 295 196
dog-basset_hound 0.00370726 549 115 581 189
cat-Bombay 0.0036928654 481 3 576 33
dog-german_shorthaired 0.0036785007 0 117 37 192
