cat-Abyssinian 0.98403233 66 17 230 159
cat-Bengal 0.4016878 65 18 229 159
cat-Egyptian_Mau 0.16478512 65 18 229 159
cat-Sphynx 0.14294827 66 17 230 161
cat-Russian_Blue 0.08374041 65 18 229 159
cat-Bengal 0.05069837 0 4 234 159
dog-beagle 0.040845722 65 17 230 159
cat-Abyssinian 0.030528724 0 4 234 159
cat-Sphynx 0.029048711 0 4 234 159
dog-basset_hound 0.028652668 66 17 230 161
cat-Russian_Blue 0.021422744 0 4 234 159
cat-Bombay 0.018034935 0 4 234 159
cat-Egyptian_Mau 0.014920652 0 4 234 159
dog-japanese_chin 0.012673736 140 151 159 173
dog-basset_hound 0.012029201 0 4 234 159
dog-miniature_pinscher 0.011877567 0 4 234 159
cat-British_Shorthair 0.010499269 0 4 234 159
cat-Egyptian_Mau 0.01001358 3 145 79 246
dog-saint_bernard 0.009743243 63 6 233 162
cat-Maine_Coon 0.009156972 0 4 234 159
cat-Bombay 0.009020597 64 14 228 163
dog-shiba_inu 0.008644164 66 17 230 161
dog-beagle 0.008439481 0 4 234 159
cat-Bombay 0.008030802 222 0 301 19
dog-shiba_inu 0.00798136 0 4 234 159
dog-boxer 0.007659048 63 6 233 162
dog-german_shorthaired 0.007576853 63 6 233 162
cat-Abyssinian 0.0075187087 145 129 213 157
dog-leonberger 0.007289082 107 152 136 178
dog-english_setter 0.0070671737 63 6 233 162
cat-Bengal 0.0068020523 0 0 219 126
cat-Abyssinian 0.006133944 85 0 317 163
dog-boxer 0.0060269535 307 0 316 18
cat-Sphynx 0.005816579 85 0 317 163
dog-chihuahua 0.005695969 0 4 234 159
cat-Sphynx 0.005694151 0 0 219 126
cat-Ragdoll 0.005406201 0 4 234 159
cat-Abyssinian 0.005384952 69 39 124 117
dog-wheaten_terrier 0.0053707957 0 4 234 159
dog-shiba_inu 0.0053432584 0 0 102 41
cat-Russian_Blue 0.005308956 0 0 219 126
cat-Siamese 0.005209267 0 4 234 159
dog-pomeranian 0.005075872 0 4 234 159
cat-Bengal 0.005060345 118 113 195 156
cat-Bombay 0.005021155 114 0 134 5
cat-Abyssinian 0.0049823523 0 0 219 126
cat-Bombay 0.0049436986 102 0 158 13
cat-Abyssinian 0.0049054027 105 89 227 160
cat-Bombay 0.004886389 122 0 142 5
cat-Bombay 0.0048297346 67 43 86 83
cat-Russian_Blue 0.004755199 219 0 295 18
dog-great_pyrenees 0.0047183633 299 11 317 51
dog-great_pyrenees 0.0046818256 196 0 242 14
cat-Egyptian_Mau 0.0045595467 0 0 219 126
cat-Bombay 0.0045561194 106 0 126 5
cat-Bombay 0.0044510365 238 0 258 5
cat-Bombay 0.004433751 225 0 282 14
cat-Bombay 0.004399419 130 0 150 5
dog-chihuahua 0.004385859 64 14 228 163
cat-Bombay 0.004365325 85 0 143 13
cat-Bombay 0.0043314993 117 0 173 13
cat-Abyssinian 0.004314691 124 130 198 157
dog-miniature_pinscher 0.004314691 64 18 228 158
cat-Birman 0.0041987896 228 0 317 29
dog-japanese_chin 0.0041987896 148 151 166 172
cat-British_Shorthair 0.0041905046 0 0 219 126
dog-beagle 0.0041698217 0 0 219 126
dog-keeshond 0.0041179955 0 4 234 159
cat-Egyptian_Mau 0.004117906 137 123 213 158
bella 0.0040543377 175 159 204 217
cat-Bombay 0.00400728 230 0 250 5
dog-miniature_pinscher 0.003930092 69 39 124 117
cat-Egyptian_Mau 0.003899634 124 103 176 154
cat-Egyptian_Mau 0.0038543642 119 113 203 157
dog-scottish_terrier 0.003833264 0 4 234 159
cat-Bombay 0.0038196146 0 0 219 126
dog-yorkshire_terrier 0.0037830472 0 4 234 159
bella 0.0037654042 176 157 197 203
cat-Maine_Coon 0.0037342906 85 0 317 163
cat-Bombay 0.003721714 99 0 118 5
cat-Egyptian_Mau 0.0037204921 26 27 264 246
bella 0.0037017465 63 6 233 162
dog-japanese_chin 0.0036928654 138 153 152 171
dog-miniature_pinscher 0.003689587 85 0 317 163
dog-yorkshire_terrier 0.003635794 0 18 156 111
dog-chihuahua 0.003606528 85 0 317 163
cat-Bombay 0.0035657287 138 0 157 5
dog-shiba_inu 0.003534466 51 41 253 246
dog-basset_hound 0.0035016835 51 41 253 246
dog-basset_hound 0.0034970045 214 170 237 188
dog-shiba_inu 0.003495127 85 0 317 163
cat-Bombay 0.0034834146 68 0 128 13
cat-Maine_Coon 0.0034712255 64 14 228 163
dog-leonberger 0.0034659505 63 6 233 162
dog-staffordshire_bull_terrier 0.003442973 211 210 233 222
cat-Bombay 0.0034295917 245 0 266 5
dog-samoyed 0.0034065843 0 4 234 159
cat-Bengal 0.0033684373 85 0 317 163
cat-Birman 0.0033636987 0 4 234 159
dog-yorkshire_terrier 0.00336349 0 42 157 135
