dog-shiba_inu 0.8401241 59 91 461 321
dog-american_bulldog 0.656214 59 91 461 321
bella 0.19914895 59 91 461 321
dog-samoyed 0.10169917 59 91 461 321
dog-staffordshire_bull_terrier 0.0853726 59 91 461 321
cat-Egyptian_Mau 0.06906676 59 91 461 321
dog-beagle 0.065485686 61 89 463 320
dog-american_bulldog 0.023933351 31 0 484 323
dog-chihuahua 0.02280265 384 113 490 265
dog-samoyed 0.016859114 31 0 484 323
dog-great_pyrenees 0.016071826 31 0 484 323
dog-keeshond 0.014172375 304 0 408 31
dog-miniature_pinscher 0.012870759 384 113 490 265
cat-Ragdoll 0.012862802 31 0 484 323
cat-Persian 0.012527943 300 0 413 26
dog-chihuahua 0.012241274 382 58 500 235
bella 0.012127757 31 0 484 323
cat-Ragdoll 0.011915743 63 90 461 319
cat-Maine_Coon 0.0118224025 0 79 459 333
cat-Birman 0.010818452 300 0 413 26
dog-shiba_inu 0.010188222 31 0 484 323
cat-Sphynx 0.009783864 54 89 437 325
dog-boxer 0.008478403 484 250 499 269
dog-american_pit_bull_terrier 0.008198291 44 82 467 333
dog-shiba_inu 0.007856518 0 112 444 333
dog-keeshond 0.007846236 256 0 410 33
cat-Persian 0.0076362193 262 0 395 31
dog-leonberger 0.0074896216 215 0 253 8
dog-american_bulldog 0.0074317753 226 103 443 300
dog-chihuahua 0.0074317753 369 123 460 265
dog-havanese 0.007374376 118 0 438 81
cat-Bombay 0.007289082 88 0 236 25
dog-american_pit_bull_terrier 0.0072327554 384 113 490 265
cat-Birman 0.0070938766 331 0 416 19
dog-japanese_chin 0.006850481 318 0 417 24
cat-Egyptian_Mau 0.0067799687 0 112 444 333
dog-yorkshire_terrier 0.006718874 284 0 428 33
cat-Bengal 0.00659281 0 79 459 333
dog-keeshond 0.006578326 0 79 459 333
dog-yorkshire_terrier 0.0065642595 38 0 428 103
bella 0.006538838 1 87 32 144
dog-shiba_inu 0.006513506 58 89 308 308
dog-yorkshire_terrier 0.0064882636 3 2 197 71
dog-yorkshire_terrier 0.0064131618 300 0 413 26
cat-Egyptian_Mau 0.0062898993 0 100 32 157
cat-British_Shorthair 0.00607875 0 79 459 333
dog-pomeranian 0.0060035884 374 31 500 216
dog-american_pit_bull_terrier 0.0059803426 436 17 500 138
dog-yorkshire_terrier 0.0059340596 209 1 247 9
dog-yorkshire_terrier 0.0059340596 352 0 402 16
dog-pomeranian 0.005930662 69 45 500 315
dog-havanese 0.005911082 273 1 425 39
dog-leonberger 0.0058653355 318 0 417 24
cat-Maine_Coon 0.0058425963 310 0 419 26
dog-chihuahua 0.005769551 0 79 459 333
dog-american_pit_bull_terrier 0.0057525337 382 58 500 235
cat-Persian 0.0057302415 218 0 343 28
dog-basset_hound 0.005576551 62 85 443 310
cat-Siamese 0.005520284 0 79 459 333
cat-Persian 0.0055119395 217 293 253 303
cat-Birman 0.0054905713 256 0 410 33
cat-Ragdoll 0.0054905713 331 0 429 23
dog-yorkshire_terrier 0.0054692626 230 0 397 34
dog-english_cocker_spaniel 0.0053576827 0 79 459 333
dog-pug 0.005260855 0 0 184 74
cat-Bombay 0.005220115 254 0 292 8
cat-Maine_Coon 0.0051814914 31 0 484 323
dog-american_bulldog 0.0051778555 0 112 444 333
dog-leonberger 0.0051596165 228 0 268 8
dog-samoyed 0.0051494837 0 112 444 333
cat-Egyptian_Mau 0.005099833 1 87 32 144
dog-scottish_terrier 0.0049436986 62 85 443 310
dog-havanese 0.004886389 347 53 480 242
dog-yorkshire_terrier 0.004886389 124 0 347 50
dog-yorkshire_terrier 0.004810989 340 0 475 34
cat-Birman 0.0047183633 279 0 385 20
cat-Birman 0.0046818256 312 0 451 33
cat-Bombay 0.0046818256 0 146 31 213
cat-Persian 0.0046818256 331 0 416 19
dog-yorkshire_terrier 0.004663646 369 123 460 265
dog-havanese 0.004627526 312 0 451 33
dog-yorkshire_terrier 0.0045916736 305 1 451 41
dog-leonberger 0.004538417 484 250 499 269
dog-yorkshire_terrier 0.004485786 169 0 476 79
dog-pomeranian 0.004399419 310 0 419 26
dog-saint_bernard 0.00436604 31 0 484 323
cat-Russian_Blue 0.004365325 246 0 393 27
dog-beagle 0.00432986 31 0 484 323
cat-Birman 0.0041987896 220 0 308 20
dog-pomeranian 0.0041500926 383 0 415 15
dog-keeshond 0.004101932 228 0 366 31
dog-samoyed 0.004101932 312 0 451 33
dog-havanese 0.00400728 217 0 500 78
dog-leonberger 0.00400728 242 0 279 8
cat-Egyptian_Mau 0.003975153 31 0 484 323
dog-great_pyrenees 0.0039454103 312 0 451 33
dog-english_setter 0.0038934052 0 79 459 333
cat-Egyptian_Mau 0.0038844645 470 93 500 163
dog-keeshond 0.0038693845 312 0 451 33
cat-Maine_Coon 0.0038543642 354 0 405 12
