dog-german_shorthaired 0.94292855 130 62 192 116
dog-miniature_pinscher 0.12635332 130 62 192 117
dog-english_cocker_spaniel 0.12463856 130 61 193 116
dog-newfoundland 0.04360953 130 61 193 116
dog-american_pit_bull_terrier 0.04161781 130 61 193 116
dog-beagle 0.040162593 130 61 193 116
dog-staffordshire_bull_terrier 0.039862514 130 62 192 117
dog-basset_hound 0.036631376 130 61 193 116
dog-pug 0.035344094 167 0 255 26
cat-British_Shorthair 0.029479414 90 56 111 61
cat-Bombay 0.02665773 130 62 192 117
cat-Bombay 0.026556581 185 0 255 18
dog-boxer 0.019643754 130 61 193 116
cat-Bombay 0.014672041 193 0 251 25
cat-Bombay 0.013689488 116 0 205 15
dog-american_pit_bull_terrier 0.013376594 148 1 253 25
dog-leonberger 0.011815727 119 40 300 199
dog-chihuahua 0.011158019 167 0 255 26
cat-Bengal 0.011072159 130 62 192 117
dog-english_setter 0.010860324 130 61 193 116
dog-yorkshire_terrier 0.010570496 121 24 201 118
dog-american_pit_bull_terrier 0.009340018 169 0 255 20
cat-Bombay 0.009268016 29 0 104 17
dog-miniature_pinscher 0.00891614 167 0 255 26
dog-american_pit_bull_terrier 0.0087451935 111 0 210 21
dog-beagle 0.008445621 3 0 22 6
dog-newfoundland 0.008124709 57 100 99 151
dog-pug 0.008062005 153 0 249 20
dog-american_pit_bull_terrier 0.007547915 83 0 174 20
dog-american_pit_bull_terrier 0.0074317753 110 0 239 30
dog-american_pit_bull_terrier 0.0073458254 47 0 147 25
dog-staffordshire_bull_terrier 0.0071491003 167 0 255 26
dog-beagle 0.007121414 11 0 29 5
dog-american_pit_bull_terrier 0.0069651008 117 0 300 188
dog-keeshond 0.0067975223 129 63 189 100
cat-Bengal 0.006771207 0 122 17 154
cat-Egyptian_Mau 0.006718874 0 109 19 149
dog-pug 0.0066154003 120 0 252 29
dog-beagle 0.0065642595 129 65 168 101
dog-german_shorthaired 0.0065642595 129 65 168 101
dog-scottish_terrier 0.006513506 129 63 189 100
cat-Sphynx 0.0064131618 159 63 192 96
dog-american_pit_bull_terrier 0.0063635707 121 24 201 118
dog-yorkshire_terrier 0.0063635707 113 1 211 107
cat-Egyptian_Mau 0.006338924 0 122 17 154
dog-german_shorthaired 0.0062898993 163 62 192 91
cat-Siamese 0.0062170923 167 0 255 26
dog-chihuahua 0.0061689913 153 0 249 20
cat-Egyptian_Mau 0.006073922 290 144 299 164
dog-miniature_pinscher 0.006050408 47 0 147 25
dog-saint_bernard 0.0060035884 129 65 168 101
cat-Abyssinian 0.0058653355 61 79 70 95
cat-Russian_Blue 0.0058199465 159 63 192 96
cat-Bombay 0.005774915 139 0 229 15
dog-pug 0.005774915 87 15 201 128
dog-miniature_pinscher 0.0056858957 121 24 201 118
dog-miniature_pinscher 0.0054905713 153 0 249 20
dog-chihuahua 0.005448073 121 24 201 118
dog-keeshond 0.0053432584 163 62 192 91
dog-american_bulldog 0.0053225458 129 65 168 101
dog-beagle 0.0053225458 8 0 24 7
dog-leonberger 0.005310744 128 23 300 194
dog-leonberger 0.0053018928 0 89 20 126
dog-yorkshire_terrier 0.0053018928 167 0 255 26
bella 0.0052404404 129 65 168 101
cat-Bombay 0.0051797032 194 0 248 13
dog-leonberger 0.0051797032 129 63 189 100
cat-British_Shorthair 0.0051596165 130 62 192 116
dog-basset_hound 0.0051596165 129 60 213 162
dog-leonberger 0.005139619 51 100 93 150
dog-pug 0.0051196814 111 0 210 21
dog-miniature_pinscher 0.005099833 120 0 252 29
dog-miniature_pinscher 0.005060345 129 65 168 101
dog-samoyed 0.005021155 129 63 189 100
dog-american_pit_bull_terrier 0.004982263 37 0 132 21
dog-havanese 0.004937917 114 0 282 146
dog-pug 0.0048674047 98 0 200 26
dog-american_pit_bull_terrier 0.004826367 150 0 300 142
cat-Abyssinian 0.004773736 59 100 76 115
cat-Siamese 0.004773736 0 14 18 38
dog-american_pit_bull_terrier 0.004773736 98 0 200 26
dog-english_cocker_spaniel 0.004755199 129 65 168 101
dog-havanese 0.0047370493 150 0 300 142
dog-boxer 0.0046818256 163 62 192 91
cat-Bombay 0.004609585 159 63 192 96
dog-miniature_pinscher 0.004609585 14 10 92 37
dog-miniature_pinscher 0.004609585 267 49 300 108
dog-pug 0.004609585 90 56 111 61
cat-Egyptian_Mau 0.00450328 129 63 189 100
dog-staffordshire_bull_terrier 0.00450328 291 151 300 168
cat-Bengal 0.004485786 0 132 18 167
dog-miniature_pinscher 0.0044683814 37 0 132 21
dog-staffordshire_bull_terrier 0.0044683814 197 56 238 68
cat-British_Shorthair 0.004416555 130 64 164 98
dog-miniature_pinscher 0.004382342 22 0 124 26
dog-yorkshire_terrier 0.004365325 153 0 249 20
cat-Bengal 0.0042812526 192 0 257 19
dog-japanese_chin 0.004228115 119 40 300 199
dog-yorkshire_terrier 0.0041662455 120 0 252 29
dog-havanese 0.0041547716 119 40 300 199
