dog-american_bulldog 0.8577681 53 42 289 250
dog-american_pit_bull_terrier 0.66714764 53 41 287 247
dog-staffordshire_bull_terrier 0.15584779 53 41 287 247
dog-shiba_inu 0.09501305 53 41 287 247
bella 0.06500873 53 41 287 247
dog-boxer 0.043397844 54 32 298 251
dog-leonberger 0.037750274 53 41 287 247
dog-keeshond 0.036083937 53 41 287 247
dog-beagle 0.03456849 49 36 292 244
dog-pug 0.033347756 48 39 292 255
dog-pomeranian 0.024798155 53 41 287 247
dog-saint_bernard 0.020534962 54 32 298 251
dog-great_pyrenees 0.019466192 54 32 298 251
dog-english_setter 0.016336799 48 39 292 255
dog-chihuahua 0.015577614 54 32 298 251
dog-japanese_chin 0.0129496455 54 32 298 251
cat-Siamese 0.012832195 54 32 298 251
cat-Ragdoll 0.012558848 54 32 298 251
dog-american_bulldog 0.012369245 72 2 334 274
dog-havanese 0.011343569 48 39 292 255
cat-Sphynx 0.011097312 0 14 287 286
cat-British_Shorthair 0.01092869 48 39 292 255
bella 0.010408312 317 167 334 254
dog-basset_hound 0.010359764 48 39 292 255
bella 0.010288298 1 253 18 371
dog-samoyed 0.010273159 54 32 298 251
dog-staffordshire_bull_terrier 0.009904057 72 2 334 274
cat-Abyssinian 0.009761095 54 32 298 251
dog-newfoundland 0.009649664 48 39 292 255
dog-yorkshire_terrier 0.009251535 48 39 292 255
dog-american_bulldog 0.009174764 0 14 287 286
dog-shiba_inu 0.009155571 72 2 334 274
cat-Egyptian_Mau 0.008757949 54 32 298 251
cat-Sphynx 0.0085572 48 39 292 255
cat-Birman 0.0084937215 54 32 298 251
cat-British_Shorthair 0.008080304 0 14 287 286
dog-shiba_inu 0.007927746 0 14 287 286
dog-pug 0.0074213445 0 14 287 286
cat-Bengal 0.0073803365 0 14 287 286
cat-Egyptian_Mau 0.007121414 0 59 19 171
dog-pomeranian 0.007096201 96 0 334 243
dog-american_pit_bull_terrier 0.0070714056 72 2 334 274
cat-Maine_Coon 0.006984651 280 357 334 493
dog-leonberger 0.006903827 235 336 292 371
cat-Sphynx 0.006761849 72 2 334 274
dog-pug 0.0067351162 72 2 334 274
cat-Russian_Blue 0.0065257847 48 39 292 255
cat-Birman 0.006429285 96 0 334 243
dog-american_pit_bull_terrier 0.006292671 0 14 287 286
dog-leonberger 0.006161362 0 14 287 286
dog-miniature_pinscher 0.0060269535 322 91 333 149
cat-Abyssinian 0.0057318807 0 14 287 286
dog-american_pit_bull_terrier 0.0057055056 96 0 334 243
cat-British_Shorthair 0.005623728 72 2 334 274
dog-chihuahua 0.0055378377 0 14 287 286
dog-miniature_pinscher 0.0055212975 0 14 287 286
dog-english_cocker_spaniel 0.0054489374 48 39 292 255
dog-boxer 0.0054372847 0 14 287 286
dog-american_pit_bull_terrier 0.005384952 134 49 287 217
bella 0.0053432584 1 296 18 406
cat-Russian_Blue 0.00529176 0 14 287 286
cat-Siamese 0.00529173 0 14 287 286
dog-yorkshire_terrier 0.0051015913 0 14 287 286
bella 0.0050872564 72 2 334 274
cat-British_Shorthair 0.005012244 57 39 295 453
cat-Siamese 0.0049741864 96 0 334 243
dog-staffordshire_bull_terrier 0.0049562156 0 14 287 286
cat-Siamese 0.0049054027 8 3 82 45
cat-Ragdoll 0.0048268437 0 14 287 286
cat-Maine_Coon 0.0048219264 0 14 287 286
dog-american_bulldog 0.0047264695 96 0 334 243
dog-leonberger 0.0047000647 50 266 76 330
dog-samoyed 0.0046996474 96 0 334 243
dog-havanese 0.004699558 0 14 287 286
cat-Ragdoll 0.004674107 96 0 334 243
cat-Siamese 0.0046440363 88 61 334 368
dog-great_pyrenees 0.004627615 0 14 287 286
dog-beagle 0.004615873 0 14 287 286
cat-Persian 0.004581809 0 14 287 286
dog-staffordshire_bull_terrier 0.004538417 226 329 269 365
cat-Bengal 0.0044808984 0 0 252 227
dog-shiba_inu 0.0044767857 96 0 334 243
cat-Egyptian_Mau 0.004433751 0 25 19 134
dog-english_setter 0.004416555 57 50 183 240
dog-boxer 0.004377067 96 0 334 243
cat-Egyptian_Mau 0.004365325 0 284 19 392
dog-keeshond 0.0043554604 0 14 287 286
cat-Siamese 0.0043314993 4 1 72 35
cat-Egyptian_Mau 0.004314691 0 100 19 207
dog-yorkshire_terrier 0.004301369 96 0 334 243
dog-american_bulldog 0.004264593 27 63 310 500
dog-beagle 0.0042406023 72 2 334 274
dog-great_pyrenees 0.0042133927 96 0 334 243
dog-leonberger 0.0041824877 51 251 77 314
dog-german_shorthaired 0.0041602254 0 14 287 286
dog-scottish_terrier 0.0041567385 48 39 292 255
dog-german_shorthaired 0.0041395426 48 39 292 255
dog-english_setter 0.004075557 0 14 287 286
cat-Egyptian_Mau 0.0040690303 0 14 287 286
dog-boxer 0.0040543377 226 332 268 370
