dog-american_bulldog 0.71223223 132 178 233 274
dog-beagle 0.40074936 133 178 233 274
dog-boxer 0.106690586 133 178 233 274
dog-american_pit_bull_terrier 0.049589008 133 178 233 274
dog-boxer 0.046378195 104 166 230 293
dog-staffordshire_bull_terrier 0.045015544 133 178 233 274
dog-saint_bernard 0.03173858 133 178 233 274
dog-boxer 0.019719124 2 150 49 314
bella 0.016914904 133 178 233 274
cat-Sphynx 0.016657054 104 166 230 293
cat-Egyptian_Mau 0.01554364 133 177 235 276
dog-american_bulldog 0.013222814 104 166 230 293
cat-Egyptian_Mau 0.011687249 0 268 24 375
bella 0.011552662 2 264 23 370
cat-Sphynx 0.011244565 133 177 235 276
dog-pug 0.011105835 60 8 375 311
dog-shiba_inu 0.010408312 133 177 235 276
dog-english_cocker_spaniel 0.009055257 0 293 23 409
cat-Russian_Blue 0.00898543 156 0 264 37
cat-Russian_Blue 0.008881688 0 174 25 272
dog-english_setter 0.008380443 133 177 235 276
dog-beagle 0.008348048 104 166 230 293
dog-basset_hound 0.008062005 0 282 23 398
dog-staffordshire_bull_terrier 0.007460654 2 150 49 314
dog-boxer 0.007289082 215 184 231 211
dog-american_pit_bull_terrier 0.007204771 37 0 170 54
dog-american_pit_bull_terrier 0.0068204105 60 8 375 311
dog-boxer 0.006718874 29 144 212 313
dog-boxer 0.006538838 59 78 80 133
cat-British_Shorthair 0.0064882636 133 179 233 274
dog-basset_hound 0.006192982 348 282 374 405
cat-Bengal 0.0060269535 133 177 235 276
bella 0.0058425963 2 287 22 415
cat-Bombay 0.005708039 147 0 257 37
dog-pug 0.005708039 131 126 237 277
cat-Abyssinian 0.0055549145 0 174 25 272
dog-pug 0.005411178 94 0 375 250
dog-yorkshire_terrier 0.005252987 60 8 375 311
dog-staffordshire_bull_terrier 0.0051797032 137 163 290 297
dog-great_pyrenees 0.005139619 133 177 235 276
cat-Russian_Blue 0.005099833 0 199 24 301
cat-Bengal 0.005060345 164 0 269 37
dog-german_shorthaired 0.005060345 133 178 233 274
dog-boxer 0.005030811 2 11 338 302
dog-leonberger 0.005021155 133 177 235 276
dog-american_pit_bull_terrier 0.005019754 94 0 375 250
cat-Ragdoll 0.004982263 133 178 233 274
dog-english_cocker_spaniel 0.004982263 2 314 22 437
dog-german_shorthaired 0.004962951 2 49 61 219
dog-german_shorthaired 0.0049054027 2 89 55 249
dog-yorkshire_terrier 0.00487566 94 0 375 250
dog-american_pit_bull_terrier 0.00484854 0 158 47 355
dog-staffordshire_bull_terrier 0.0048297346 0 158 47 355
dog-staffordshire_bull_terrier 0.004810989 188 172 214 193
cat-Bengal 0.004773736 0 293 23 409
dog-american_pit_bull_terrier 0.0047367513 10 0 188 66
dog-miniature_pinscher 0.0046818256 142 0 375 257
bella 0.004663646 341 0 375 121
cat-Abyssinian 0.004645556 0 199 24 301
dog-english_cocker_spaniel 0.004645556 0 268 24 375
dog-leonberger 0.004573852 0 221 24 320
cat-Egyptian_Mau 0.004538417 0 174 25 272
cat-Egyptian_Mau 0.004485786 0 293 23 409
cat-Egyptian_Mau 0.004399419 0 199 24 301
cat-Bombay 0.004297942 345 141 375 250
dog-american_pit_bull_terrier 0.0040543377 0 166 55 399
dog-basset_hound 0.004038602 133 177 235 276
dog-pomeranian 0.00403291 94 0 375 250
dog-miniature_pinscher 0.00400728 2 13 65 171
dog-basset_hound 0.003991723 0 262 24 363
dog-chihuahua 0.003977835 60 8 375 311
dog-american_bulldog 0.003976226 153 360 191 391
dog-basset_hound 0.003976226 347 315 373 430
dog-american_bulldog 0.0039457977 2 11 338 302
dog-boxer 0.0038543642 71 56 108 85
dog-staffordshire_bull_terrier 0.0038394034 0 293 23 409
dog-basset_hound 0.0038244724 2 299 22 426
dog-miniature_pinscher 0.0037948191 4 0 169 67
cat-Bombay 0.0037800968 2 0 108 53
cat-Bengal 0.0037362278 0 199 24 301
dog-boxer 0.00370726 0 144 41 285
dog-american_bulldog 0.0036928654 0 166 55 399
cat-Ragdoll 0.0036785007 0 199 24 301
dog-boxer 0.0036642253 137 163 290 297
dog-yorkshire_terrier 0.0036642253 82 0 340 198
dog-english_cocker_spaniel 0.0036499798 133 177 235 276
dog-german_shorthaired 0.0036499798 0 157 29 256
dog-pomeranian 0.0036499798 130 43 278 199
dog-staffordshire_bull_terrier 0.0036499798 298 418 322 456
dog-saint_bernard 0.0036125183 0 88 232 500
dog-newfoundland 0.0035935938 0 293 23 409
dog-chihuahua 0.0035890043 94 0 375 250
cat-Birman 0.0035657287 131 126 237 277
dog-miniature_pinscher 0.0035657287 0 305 23 421
cat-Siamese 0.003538072 131 126 237 277
dog-staffordshire_bull_terrier 0.003538072 3 173 52 388
dog-staffordshire_bull_terrier 0.0034970045 104 166 230 293
dog-miniature_pinscher 0.0034834146 0 158 47 355
dog-wheaten_terrier 0.0034834146 0 293 23 409
dog-staffordshire_bull_terrier 0.0034698844 187 177 214 200
