dog-german_shorthaired 0.88563144 111 34 337 285
dog-american_pit_bull_terrier 0.5535053 111 31 338 290
dog-beagle 0.21311995 111 32 335 290
dog-english_setter 0.16349456 111 32 335 290
dog-miniature_pinscher 0.13442558 109 29 337 293
dog-staffordshire_bull_terrier 0.13385653 111 32 335 290
dog-boxer 0.1185891 113 33 339 284
dog-english_cocker_spaniel 0.07980758 111 32 335 290
bella 0.06681234 286 187 329 236
dog-basset_hound 0.056474477 111 32 335 290
dog-newfoundland 0.039446324 109 29 337 293
cat-Egyptian_Mau 0.01897803 220 283 350 383
cat-Bombay 0.015014738 57 0 156 30
bella 0.012722701 328 178 349 254
bella 0.0118691325 300 183 340 243
cat-Bengal 0.010609746 119 44 346 295
dog-wheaten_terrier 0.009936422 143 0 165 9
dog-basset_hound 0.0092611015 42 35 334 383
dog-scottish_terrier 0.009062856 119 44 346 295
dog-yorkshire_terrier 0.008847356 91 0 191 40
cat-Russian_Blue 0.008644164 60 0 135 30
dog-keeshond 0.0084400475 119 44 346 295
cat-Bengal 0.00815624 0 206 22 290
dog-leonberger 0.008124709 0 178 22 259
cat-Bombay 0.0080932975 63 0 130 25
dog-pug 0.007937998 169 0 200 13
dog-yorkshire_terrier 0.007937998 63 0 168 40
dog-basset_hound 0.007876694 182 44 337 185
dog-american_pit_bull_terrier 0.007800132 89 38 350 383
cat-British_Shorthair 0.0075665712 119 44 346 295
dog-english_setter 0.007559687 42 35 334 383
dog-wheaten_terrier 0.007547915 148 0 171 9
dog-saint_bernard 0.007350832 119 44 346 295
cat-Egyptian_Mau 0.007289082 0 206 22 290
dog-german_shorthaired 0.0070763826 89 38 350 383
dog-basset_hound 0.006930679 252 53 334 176
dog-yorkshire_terrier 0.006850481 60 0 185 58
dog-basset_hound 0.006718874 0 206 22 290
dog-american_bulldog 0.0064887106 119 44 346 295
dog-american_pit_bull_terrier 0.0063436925 134 0 350 290
cat-Russian_Blue 0.006236285 119 44 346 295
bella 0.0059937835 119 44 346 295
dog-staffordshire_bull_terrier 0.0059571564 253 54 282 70
dog-wheaten_terrier 0.0057525337 0 184 21 267
dog-staffordshire_bull_terrier 0.0055549145 261 59 292 73
dog-basset_hound 0.005429566 130 66 350 383
cat-Bengal 0.0051652193 0 29 350 334
dog-yorkshire_terrier 0.005113572 118 8 350 274
dog-staffordshire_bull_terrier 0.005099833 259 55 293 69
cat-Maine_Coon 0.005040705 0 126 58 179
dog-german_shorthaired 0.004968792 130 66 350 383
cat-Bombay 0.0049436986 63 0 168 40
dog-chihuahua 0.004924506 54 0 156 40
dog-staffordshire_bull_terrier 0.0048854053 89 38 350 383
dog-english_setter 0.004810989 0 178 22 259
dog-leonberger 0.004809171 119 44 346 295
bella 0.004792303 2 203 23 292
dog-great_pyrenees 0.004773736 151 0 259 45
dog-scottish_terrier 0.004663646 7 0 192 93
dog-american_pit_bull_terrier 0.004573852 170 38 342 245
dog-shiba_inu 0.004573852 0 259 116 337
dog-yorkshire_terrier 0.0044683814 7 0 192 93
cat-Sphynx 0.004455477 119 44 346 295
dog-miniature_pinscher 0.004302144 110 61 350 383
cat-Egyptian_Mau 0.004264623 0 178 22 259
dog-german_shorthaired 0.004264623 170 38 342 245
dog-english_cocker_spaniel 0.0042479336 42 35 334 383
dog-beagle 0.0042085946 42 35 334 383
dog-german_shorthaired 0.0041987896 257 43 331 157
cat-Bombay 0.004070133 56 0 110 22
dog-english_cocker_spaniel 0.0040569603 0 29 350 334
dog-staffordshire_bull_terrier 0.0040543377 339 64 350 94
cat-Egyptian_Mau 0.00400728 0 1 45 34
dog-shiba_inu 0.003976226 3 0 121 64
dog-pug 0.003950447 117 9 343 287
dog-american_bulldog 0.0039454103 0 178 22 259
dog-scottish_terrier 0.0039454103 143 0 165 9
dog-chihuahua 0.0039207637 119 44 346 295
cat-Abyssinian 0.0038096309 329 143 350 212
cat-Egyptian_Mau 0.0037948191 338 188 350 230
dog-american_bulldog 0.0037948191 291 189 350 330
cat-Sphynx 0.0037777722 0 3 344 268
dog-american_pit_bull_terrier 0.003761679 130 66 350 383
dog-newfoundland 0.0037362278 0 178 22 259
bella 0.0037362278 333 324 350 383
dog-keeshond 0.0036785007 63 0 168 40
dog-wheaten_terrier 0.0036785007 143 35 174 45
dog-pomeranian 0.0036216974 150 0 291 55
cat-Egyptian_Mau 0.0035935938 328 245 350 327
dog-staffordshire_bull_terrier 0.0035657287 251 49 278 67
cat-Egyptian_Mau 0.003538072 339 291 350 327
dog-wheaten_terrier 0.0035092533 119 44 346 295
dog-staffordshire_bull_terrier 0.0034970045 253 58 280 75
dog-english_setter 0.0034800768 130 66 350 383
dog-shiba_inu 0.0034719706 119 44 346 295
dog-boxer 0.003403008 204 269 240 295
dog-beagle 0.0033807158 0 29 350 334
dog-miniature_pinscher 0.0033569336 0 29 350 334
bella 0.0033504367 336 335 350 380
dog-havanese 0.003337413 91 0 191 40
