dog-beagle 0.8267118 144 123 351 276
dog-american_bulldog 0.33285236 144 123 351 276
dog-staffordshire_bull_terrier 0.22101423 144 123 351 276
bella 0.16132021 144 123 351 276
dog-american_pit_bull_terrier 0.15253651 144 123 351 276
dog-boxer 0.082401514 144 123 351 276
dog-basset_hound 0.06992185 144 123 351 276
dog-beagle 0.049681157 429 200 500 300
dog-shiba_inu 0.036220074 144 123 351 276
dog-english_setter 0.030271858 144 123 351 276
cat-Sphynx 0.024469674 130 99 345 277
dog-saint_bernard 0.02346465 130 99 345 277
dog-german_shorthaired 0.022715747 144 123 351 276
dog-miniature_pinscher 0.022286177 427 194 500 307
cat-Egyptian_Mau 0.020685464 144 123 351 276
cat-Bengal 0.01998514 428 199 499 301
dog-keeshond 0.0198327 224 0 398 37
dog-basset_hound 0.01879707 142 133 220 207
dog-basset_hound 0.018194377 428 199 499 301
cat-Sphynx 0.017572671 0 81 362 304
dog-beagle 0.016542643 0 81 362 304
cat-Ragdoll 0.01495707 130 99 345 277
cat-Birman 0.0136368275 247 0 424 38
dog-german_shorthaired 0.013532162 428 199 499 301
cat-Abyssinian 0.013273895 130 99 345 277
cat-Bombay 0.012100399 22 0 171 42
dog-yorkshire_terrier 0.011072159 203 0 373 37
cat-Russian_Blue 0.010902375 207 0 382 38
dog-leonberger 0.010860324 255 0 430 38
dog-beagle 0.010693878 147 83 500 296
dog-basset_hound 0.010630995 0 81 362 304
cat-Bengal 0.010601133 0 81 362 304
dog-keeshond 0.010368168 180 0 350 37
cat-Bengal 0.010328144 132 126 349 284
cat-Bengal 0.009936422 142 133 220 207
cat-Birman 0.00985986 203 0 373 37
dog-american_pit_bull_terrier 0.009522498 429 205 456 217
cat-Bombay 0.009485722 40 2 211 55
dog-leonberger 0.00919655 207 0 382 38
cat-Birman 0.009090394 297 0 473 39
cat-Egyptian_Mau 0.009055257 428 199 499 301
dog-keeshond 0.008881688 271 0 449 39
dog-boxer 0.008831292 147 83 500 296
dog-american_pit_bull_terrier 0.00876829 147 83 500 296
cat-Bengal 0.008478403 137 130 320 213
cat-Bengal 0.008380443 48 127 311 306
cat-British_Shorthair 0.0076658726 312 198 342 208
dog-staffordshire_bull_terrier 0.0074317753 304 196 338 206
cat-Russian_Blue 0.0070390403 130 99 345 277
dog-pomeranian 0.006984651 224 0 398 37
dog-havanese 0.0069576204 226 0 500 92
dog-yorkshire_terrier 0.006850481 247 0 424 38
cat-Bombay 0.0066411197 325 244 359 258
dog-boxer 0.0065953434 0 81 362 304
cat-Sphynx 0.0065359473 147 83 500 296
cat-Persian 0.0064882636 224 0 398 37
cat-British_Shorthair 0.0064131618 304 196 338 206
dog-japanese_chin 0.006376624 92 0 393 269
cat-Bengal 0.006338924 429 211 500 329
dog-boxer 0.006192982 304 196 338 206
dog-miniature_pinscher 0.006121278 130 99 345 277
dog-english_cocker_spaniel 0.006097555 139 120 359 277
dog-yorkshire_terrier 0.0060269535 47 0 394 136
dog-beagle 0.005863875 125 96 427 284
dog-boxer 0.0057525337 295 195 334 205
cat-Persian 0.0057302415 422 1 500 35
cat-Persian 0.005708039 349 0 500 41
cat-Bombay 0.0055549145 438 205 464 216
cat-Birman 0.0055119395 349 0 500 41
cat-Egyptian_Mau 0.0055119395 0 312 110 375
cat-Bengal 0.0054269433 139 124 301 185
cat-Egyptian_Mau 0.0054269433 48 127 311 306
dog-pug 0.005384952 304 196 338 206
dog-miniature_pinscher 0.005374372 82 113 386 375
cat-Abyssinian 0.005340576 0 81 362 304
cat-Birman 0.0053018928 154 0 327 38
dog-staffordshire_bull_terrier 0.005260855 295 195 334 205
dog-yorkshire_terrier 0.0051797032 0 0 322 180
dog-miniature_pinscher 0.0051689744 0 81 362 304
dog-yorkshire_terrier 0.0050800443 154 0 327 38
dog-havanese 0.005021155 127 0 500 126
dog-miniature_pinscher 0.0049215257 147 83 500 296
cat-Russian_Blue 0.0048297346 244 0 418 33
dog-basset_hound 0.0047183633 48 127 311 306
dog-boxer 0.0047183633 428 199 499 301
cat-Siamese 0.0047000647 247 0 424 38
cat-Egyptian_Mau 0.0046290755 0 81 362 304
dog-basset_hound 0.0045797825 82 113 386 375
cat-Siamese 0.004573852 130 99 345 277
dog-american_bulldog 0.004559517 147 83 500 296
dog-beagle 0.0045523345 82 113 386 375
dog-havanese 0.004538417 203 0 373 37
dog-chihuahua 0.0044683814 224 0 398 37
cat-Bengal 0.004433453 0 106 350 375
dog-beagle 0.004416555 48 127 311 306
cat-Bombay 0.004365325 335 245 365 259
cat-Persian 0.004314691 271 0 449 39
dog-yorkshire_terrier 0.004297942 14 0 205 58
dog-chihuahua 0.0042719245 147 83 500 296
dog-american_pit_bull_terrier 0.0042480826 433 156 500 292
