dog-american_pit_bull_terrier 0.93674946 49 18 165 145
dog-american_bulldog 0.45713672 49 18 165 145
dog-pomeranian 0.065844715 49 18 165 145
dog-shiba_inu 0.056236327 48 18 165 145
dog-beagle 0.042324603 50 19 165 145
cat-Bengal 0.029703736 184 187 244 300
dog-samoyed 0.027066171 50 19 165 145
dog-chihuahua 0.02566272 48 18 165 145
dog-english_setter 0.019643754 50 19 165 145
dog-american_bulldog 0.018220276 48 17 209 170
bella 0.01646617 50 19 165 145
dog-pug 0.011597365 51 0 165 147
dog-great_pyrenees 0.009268016 49 18 165 145
dog-yorkshire_terrier 0.00919655 50 19 165 145
dog-shiba_inu 0.008644164 232 59 246 109
dog-boxer 0.007606685 50 19 165 145
cat-Bengal 0.0076026022 0 7 190 169
dog-english_setter 0.007547915 228 2 246 63
bella 0.0075187087 227 0 246 63
dog-english_setter 0.00732103 0 7 190 169
dog-miniature_pinscher 0.007317394 1 14 39 93
cat-Egyptian_Mau 0.007260859 0 200 60 300
dog-american_bulldog 0.007204771 61 162 86 180
dog-scottish_terrier 0.0069576204 48 18 165 145
dog-shiba_inu 0.006930083 0 7 190 169
cat-Birman 0.006823957 178 0 221 16
cat-Bombay 0.0065897703 138 0 153 7
dog-american_bulldog 0.006504476 0 7 190 169
cat-Egyptian_Mau 0.006338924 1 0 33 16
dog-american_bulldog 0.0061617196 0 0 167 134
cat-British_Shorthair 0.0059223473 0 7 190 169
cat-Maine_Coon 0.0058752 0 7 190 169
dog-saint_bernard 0.0058653355 49 17 166 147
cat-Egyptian_Mau 0.005738318 0 7 190 169
dog-staffordshire_bull_terrier 0.005598247 50 19 165 145
dog-great_pyrenees 0.005576551 164 0 240 36
dog-leonberger 0.0055549145 48 18 165 145
dog-beagle 0.005544901 48 17 209 170
dog-english_setter 0.0054905713 230 14 246 75
dog-havanese 0.0054121614 0 7 190 169
dog-pomeranian 0.005390972 75 0 246 150
cat-Abyssinian 0.0053432584 4 0 43 15
dog-japanese_chin 0.0051797032 61 151 98 217
dog-american_pit_bull_terrier 0.005090624 0 7 190 169
dog-havanese 0.004982263 51 0 165 147
dog-keeshond 0.004982263 48 18 165 145
dog-japanese_chin 0.004962951 72 145 109 215
dog-shiba_inu 0.004902065 0 0 167 134
dog-shiba_inu 0.004886389 4 0 69 44
cat-Ragdoll 0.004830241 63 6 246 191
dog-beagle 0.004792303 201 0 215 8
cat-Ragdoll 0.004665643 75 0 246 150
cat-Abyssinian 0.004627526 166 0 211 16
dog-wheaten_terrier 0.0046184957 0 7 190 169
cat-Egyptian_Mau 0.004609585 66 20 84 27
cat-Siamese 0.004609585 171 0 216 16
cat-Bombay 0.0045561194 19 1 40 8
cat-Sphynx 0.00450328 203 0 214 11
cat-Siamese 0.0044683814 7 0 51 16
dog-american_bulldog 0.0044549704 63 6 246 191
dog-miniature_pinscher 0.0044482946 0 7 190 169
dog-chihuahua 0.004433751 10 1 85 43
dog-american_bulldog 0.004314691 144 152 170 170
cat-Persian 0.004281491 0 7 190 169
cat-Egyptian_Mau 0.0042812526 230 55 245 113
bella 0.004231602 230 57 245 120
dog-american_pit_bull_terrier 0.0041987896 2 0 66 33
dog-keeshond 0.004172504 0 7 190 169
dog-beagle 0.004167199 0 7 190 169
cat-Bombay 0.0041662455 131 0 147 7
dog-american_bulldog 0.0041500926 87 196 112 218
cat-Birman 0.004146874 75 0 246 150
cat-Egyptian_Mau 0.0041315258 81 71 246 300
cat-Ragdoll 0.004085988 178 0 221 16
cat-Birman 0.0040228963 194 0 232 17
cat-Bengal 0.003991723 183 143 246 296
cat-Bombay 0.003991723 27 0 48 7
dog-samoyed 0.0039454103 159 0 246 71
dog-boxer 0.003939539 63 6 246 191
bella 0.003930092 231 11 246 64
dog-great_pyrenees 0.003916651 0 7 190 169
dog-american_pit_bull_terrier 0.0038973093 0 0 167 134
cat-Egyptian_Mau 0.0037948191 231 34 246 96
cat-Bengal 0.0037800968 206 208 246 298
dog-pomeranian 0.0037800968 75 79 161 144
cat-Bombay 0.0037654042 31 0 95 22
dog-samoyed 0.00372532 0 7 190 169
dog-boxer 0.003721714 92 204 117 226
cat-Egyptian_Mau 0.00370726 171 0 216 16
cat-Egyptian_Mau 0.0036785007 64 21 79 28
cat-Egyptian_Mau 0.0036785007 7 0 51 16
dog-basset_hound 0.0036785007 232 26 246 81
cat-Bengal 0.0036642253 154 163 243 297
dog-boxer 0.0036556125 48 17 209 170
cat-Ragdoll 0.0036216974 194 0 232 17
dog-miniature_pinscher 0.0036216974 10 1 85 43
cat-Abyssinian 0.0036076307 197 0 212 8
cat-Birman 0.0036076307 88 205 110 231
cat-Egyptian_Mau 0.0036076307 0 0 16 22
cat-Persian 0.0036076307 86 0 116 15
