dog-american_bulldog 0.84543264 184 75 338 272
dog-american_pit_bull_terrier 0.06954175 184 75 338 272
dog-great_pyrenees 0.06853747 180 59 346 276
cat-Birman 0.06371498 0 271 91 333
dog-miniature_pinscher 0.04663804 0 0 190 75
dog-leonberger 0.030214578 1 188 34 255
dog-staffordshire_bull_terrier 0.02620542 184 105 341 268
dog-shiba_inu 0.023109287 184 75 338 272
dog-english_setter 0.021864563 180 59 346 276
dog-pomeranian 0.0204103 173 21 376 272
dog-beagle 0.01897803 184 75 338 272
dog-miniature_pinscher 0.017712295 0 1 123 83
dog-american_bulldog 0.017110884 173 21 376 272
dog-leonberger 0.01672113 180 59 346 276
bella 0.015784562 184 75 338 272
dog-american_bulldog 0.015448183 0 17 342 333
dog-saint_bernard 0.015247583 180 59 346 276
dog-miniature_pinscher 0.014785409 0 0 256 83
dog-miniature_pinscher 0.013121277 0 0 188 71
dog-chihuahua 0.012891829 190 57 500 279
cat-Egyptian_Mau 0.012870759 0 264 216 333
cat-Bombay 0.012576342 0 0 305 89
dog-saint_bernard 0.010524571 0 49 344 282
cat-Ragdoll 0.010209054 180 84 352 285
cat-Russian_Blue 0.009485722 0 264 193 333
dog-samoyed 0.009303957 184 74 339 275
dog-american_bulldog 0.009303868 28 48 330 286
dog-pomeranian 0.00891614 101 0 450 108
dog-boxer 0.007907301 184 75 338 272
dog-pug 0.0073078573 190 57 500 279
cat-British_Shorthair 0.007066399 0 266 168 333
dog-japanese_chin 0.006850481 189 85 232 155
dog-yorkshire_terrier 0.0065642595 101 0 450 108
dog-english_cocker_spaniel 0.0064882636 455 66 500 157
dog-yorkshire_terrier 0.0064882636 316 0 500 82
dog-american_pit_bull_terrier 0.0064748228 190 57 500 279
dog-japanese_chin 0.0063883364 1 188 36 250
dog-yorkshire_terrier 0.006241262 193 0 500 108
cat-Birman 0.0062170923 349 0 500 36
dog-samoyed 0.006121278 173 21 376 272
dog-leonberger 0.006059259 0 49 344 282
cat-Birman 0.0056200325 263 312 330 331
dog-leonberger 0.0056200325 0 183 34 237
dog-basset_hound 0.005576551 239 1 284 10
dog-japanese_chin 0.0055549145 189 106 227 187
dog-keeshond 0.005533397 184 74 339 275
dog-samoyed 0.0054692626 0 215 32 277
cat-Egyptian_Mau 0.005405903 180 84 352 285
dog-havanese 0.0053432584 173 21 376 272
cat-Birman 0.005220115 84 0 365 77
dog-american_pit_bull_terrier 0.005099833 173 21 376 272
dog-english_cocker_spaniel 0.005099833 452 109 500 187
dog-wheaten_terrier 0.005099833 0 190 33 259
dog-havanese 0.0050964653 111 0 385 260
dog-american_pit_bull_terrier 0.0050566196 193 79 500 333
dog-american_bulldog 0.0049848557 0 0 368 291
dog-yorkshire_terrier 0.004962951 336 10 500 171
dog-yorkshire_terrier 0.0049436986 34 0 322 72
dog-miniature_pinscher 0.004933059 190 57 500 279
dog-japanese_chin 0.004810989 173 21 376 272
dog-english_setter 0.004645556 0 190 33 259
dog-yorkshire_terrier 0.0046077073 111 0 385 260
dog-newfoundland 0.0045208335 449 4 500 88
dog-newfoundland 0.0044510365 0 190 33 259
cat-Birman 0.004433751 88 0 281 38
dog-boxer 0.0044330657 0 49 344 282
cat-Egyptian_Mau 0.004416555 0 197 32 263
dog-english_cocker_spaniel 0.004416555 459 32 500 122
dog-leonberger 0.0043314993 0 119 75 197
dog-pomeranian 0.0043314993 183 77 338 273
dog-american_bulldog 0.004317522 0 79 337 333
cat-Bombay 0.004314691 0 0 235 69
dog-american_bulldog 0.0043087304 0 0 315 267
dog-yorkshire_terrier 0.0042865574 180 9 500 238
dog-great_pyrenees 0.0042306185 0 49 344 282
dog-chihuahua 0.0041466653 140 0 500 258
dog-pomeranian 0.004130751 111 0 385 260
dog-wheaten_terrier 0.004101932 184 60 341 270
dog-japanese_chin 0.0040711164 0 49 344 282
cat-Ragdoll 0.0040543377 2 270 80 333
dog-basset_hound 0.004038602 227 1 274 10
dog-japanese_chin 0.0040315688 104 82 383 333
dog-pomeranian 0.0040228963 84 0 365 77
dog-beagle 0.0039607286 0 49 344 282
dog-keeshond 0.003930092 173 21 376 272
dog-great_pyrenees 0.0038844645 1 188 36 250
dog-keeshond 0.0038693845 0 267 136 333
dog-german_shorthaired 0.0038543642 254 113 340 208
dog-newfoundland 0.0038394034 0 66 69 184
dog-american_bulldog 0.0038244724 246 115 340 226
dog-chihuahua 0.0038244724 0 0 305 89
dog-pomeranian 0.0038244724 156 0 481 156
cat-Sphynx 0.0037948191 0 0 305 89
dog-leonberger 0.0037948191 0 180 39 220
dog-german_shorthaired 0.0037362278 0 0 188 71
dog-chihuahua 0.003721714 0 0 247 67
dog-german_shorthaired 0.0036928654 295 114 337 164
dog-english_cocker_spaniel 0.0035935938 396 189 500 333
dog-american_pit_bull_terrier 0.003584385 111 0 385 260
cat-Birman 0.0035657287 189 105 226 179
