dog-boxer 0.91212356 148 66 333 218
dog-saint_bernard 0.5496406 148 66 333 218
dog-american_bulldog 0.19345194 148 66 333 218
dog-japanese_chin 0.041384727 148 66 333 218
cat-Ragdoll 0.037116915 132 25 336 220
dog-beagle 0.027428538 148 69 334 219
cat-Sphynx 0.021044552 148 66 333 218
dog-pug 0.019382179 132 25 336 220
cat-Siamese 0.017176718 132 25 336 220
cat-British_Shorthair 0.015014738 148 66 333 218
dog-boxer 0.01429987 150 25 500 236
cat-Birman 0.014227033 132 25 336 220
dog-boxer 0.011933893 0 12 354 227
cat-Sphynx 0.011914194 0 12 354 227
bella 0.011732459 169 36 188 54
dog-american_pit_bull_terrier 0.011552662 0 0 141 88
cat-Abyssinian 0.011288077 148 66 333 218
cat-Persian 0.010735154 399 0 500 55
cat-Bengal 0.010652512 0 257 163 375
dog-saint_bernard 0.010518491 0 12 354 227
dog-american_bulldog 0.010128856 0 12 354 227
cat-Persian 0.009974927 0 89 51 176
dog-boxer 0.009268016 406 254 457 282
bella 0.00895071 132 25 336 220
dog-staffordshire_bull_terrier 0.008644164 401 185 431 195
dog-saint_bernard 0.008577496 70 58 317 226
cat-British_Shorthair 0.0081398785 0 12 354 227
cat-Abyssinian 0.008062005 0 246 158 375
bella 0.008062005 466 99 499 184
dog-japanese_chin 0.0077326894 0 12 354 227
dog-staffordshire_bull_terrier 0.007606685 152 79 337 223
cat-Bombay 0.0073458254 285 0 364 21
cat-British_Shorthair 0.007289082 167 326 200 338
cat-Siamese 0.007281035 150 25 500 236
dog-american_bulldog 0.0072306693 150 25 500 236
cat-Sphynx 0.0072080195 150 25 500 236
dog-staffordshire_bull_terrier 0.006771207 234 81 266 100
dog-beagle 0.0067596138 0 12 354 227
dog-boxer 0.006667644 132 46 441 227
dog-yorkshire_terrier 0.0064631402 330 0 500 90
dog-boxer 0.0063883364 431 249 486 275
bella 0.006338924 471 118 500 183
dog-yorkshire_terrier 0.006265521 28 2 218 51
cat-Ragdoll 0.0061064363 0 12 354 227
cat-Bombay 0.0058199465 280 1 316 8
cat-Bombay 0.0057302415 365 0 457 21
dog-boxer 0.0057302415 420 255 472 282
dog-leonberger 0.0057302415 135 231 157 256
cat-Abyssinian 0.0056934953 0 12 354 227
dog-miniature_pinscher 0.005576551 337 0 372 10
dog-miniature_pinscher 0.005448073 338 1 374 14
dog-japanese_chin 0.0054269433 158 213 200 249
cat-Egyptian_Mau 0.0054138303 0 12 354 227
dog-boxer 0.0053018928 433 254 487 284
dog-samoyed 0.0053018928 330 0 500 90
cat-Birman 0.0051998794 370 0 499 41
dog-samoyed 0.0051998794 311 0 500 121
cat-Bombay 0.0051196814 285 1 325 10
dog-beagle 0.005070746 150 25 500 236
dog-english_cocker_spaniel 0.005060345 461 68 500 172
dog-japanese_chin 0.005040705 151 209 192 246
cat-Persian 0.0049054027 412 1 500 38
dog-boxer 0.0049054027 389 254 442 281
dog-miniature_pinscher 0.004886389 318 0 352 8
dog-yorkshire_terrier 0.0048674047 22 0 258 98
cat-Bombay 0.00484854 251 0 334 20
cat-Egyptian_Mau 0.004810989 169 37 189 53
dog-yorkshire_terrier 0.004773736 0 0 177 86
dog-boxer 0.004755199 406 247 458 273
dog-american_bulldog 0.0047367513 151 131 306 218
cat-Bengal 0.0046435297 0 12 354 227
dog-boxer 0.004627526 444 248 498 277
bella 0.004627526 468 268 498 343
dog-japanese_chin 0.0045561194 185 213 220 232
dog-american_bulldog 0.004528582 132 46 441 227
cat-Egyptian_Mau 0.00450328 7 1 89 25
cat-Persian 0.0044683814 420 0 498 76
dog-saint_bernard 0.0044177473 132 46 441 227
dog-great_pyrenees 0.004382342 132 25 336 220
dog-yorkshire_terrier 0.004365325 347 0 487 39
dog-great_pyrenees 0.0043483675 170 81 209 97
cat-Egyptian_Mau 0.004314691 0 223 143 375
dog-boxer 0.004314691 419 248 471 274
dog-american_bulldog 0.004215151 98 96 134 142
dog-keeshond 0.004215151 370 0 499 41
dog-japanese_chin 0.0041500926 117 0 339 218
dog-boxer 0.004101932 70 58 317 226
bella 0.004085988 480 146 500 184
dog-havanese 0.004070133 117 0 339 218
dog-shiba_inu 0.004070133 132 25 336 220
dog-miniature_pinscher 0.004038602 325 0 359 12
cat-Siamese 0.0040069222 0 12 354 227
dog-boxer 0.0039835274 0 59 370 282
dog-yorkshire_terrier 0.003976226 76 0 240 40
dog-saint_bernard 0.0039454103 433 254 487 284
cat-Ragdoll 0.0038149655 164 0 500 204
cat-Sphynx 0.0038136542 0 59 370 282
cat-Sphynx 0.0037800968 156 127 319 219
dog-miniature_pinscher 0.0037800968 285 1 323 8
dog-basset_hound 0.0037764013 0 12 354 227
