dog-boxer 0.829492 164 39 263 147
dog-pug 0.56025267 164 39 263 147
dog-staffordshire_bull_terrier 0.28937167 161 39 263 145
cat-Siamese 0.22337705 165 39 263 148
dog-leonberger 0.11260012 165 39 263 148
dog-american_bulldog 0.11143446 161 39 263 145
dog-american_pit_bull_terrier 0.09859887 161 39 263 145
dog-newfoundland 0.063482374 161 39 263 145
cat-Birman 0.06233102 161 39 263 145
cat-Bombay 0.02665773 165 39 263 148
cat-British_Shorthair 0.02157405 161 39 263 145
dog-german_shorthaired 0.021125197 161 39 263 145
dog-saint_bernard 0.020215958 161 39 263 145
dog-japanese_chin 0.019719124 165 39 263 148
cat-Sphynx 0.017712295 161 39 263 145
bella 0.01602915 161 39 263 145
cat-Russian_Blue 0.015906394 161 39 263 145
dog-basset_hound 0.015784562 161 39 263 145
cat-Russian_Blue 0.012194127 236 44 267 85
cat-Egyptian_Mau 0.011732459 312 3 500 69
cat-Ragdoll 0.011597365 161 39 263 145
dog-leonberger 0.011419624 1 45 29 91
cat-Bengal 0.011158019 312 3 500 69
dog-beagle 0.010818452 161 39 263 145
cat-Egyptian_Mau 0.010288298 236 44 267 85
dog-shiba_inu 0.009412587 161 39 263 145
dog-chihuahua 0.008348048 161 39 263 145
dog-english_setter 0.0074896216 161 39 263 145
dog-shiba_inu 0.007403016 0 0 178 43
dog-scottish_terrier 0.007204771 161 39 263 145
dog-beagle 0.007176876 237 42 268 79
dog-pug 0.00716275 143 16 500 189
dog-german_shorthaired 0.0068770945 237 42 268 79
dog-staffordshire_bull_terrier 0.006850481 237 42 268 79
dog-boxer 0.0067975223 237 42 268 79
bella 0.006718874 0 0 38 18
dog-great_pyrenees 0.0063635707 161 39 263 145
dog-boxer 0.006241262 168 88 258 147
dog-american_bulldog 0.00614509 237 42 268 79
dog-pomeranian 0.0059340596 161 39 263 145
dog-keeshond 0.0058425963 161 39 263 145
cat-Abyssinian 0.0056858957 236 44 267 85
dog-american_bulldog 0.0055549145 102 38 169 57
cat-Bengal 0.005021155 0 60 15 89
cat-Maine_Coon 0.005021155 277 212 500 281
dog-american_bulldog 0.004810989 68 38 119 54
cat-Bengal 0.004755199 0 55 16 82
dog-boxer 0.004663646 102 38 169 57
dog-american_bulldog 0.004609585 92 38 151 55
dog-miniature_pinscher 0.0045916736 160 38 264 147
dog-newfoundland 0.004573852 0 48 60 143
dog-yorkshire_terrier 0.004573852 360 23 500 160
cat-Egyptian_Mau 0.0045561194 472 69 500 116
dog-american_bulldog 0.004538417 47 38 107 54
cat-Egyptian_Mau 0.0045208335 463 29 498 76
cat-Ragdoll 0.0044683814 236 44 267 85
dog-newfoundland 0.004416555 0 49 30 106
cat-Egyptian_Mau 0.004382342 0 219 192 278
cat-Bengal 0.0043314993 277 212 500 281
dog-shiba_inu 0.0043314993 236 44 267 85
cat-Egyptian_Mau 0.004264623 471 35 500 76
cat-Bengal 0.004231602 319 0 404 22
dog-leonberger 0.0041987896 0 49 30 106
cat-Sphynx 0.0041662455 236 44 267 85
dog-scottish_terrier 0.004117906 163 43 261 98
cat-Sphynx 0.004085988 246 26 324 44
dog-beagle 0.0040543377 212 0 247 7
cat-British_Shorthair 0.00402385 143 16 500 189
cat-Egyptian_Mau 0.0039489865 0 57 300 281
dog-yorkshire_terrier 0.003914833 160 38 264 147
cat-Egyptian_Mau 0.0038844645 161 39 263 145
cat-Maine_Coon 0.0038844645 312 3 500 69
dog-leonberger 0.0038394034 0 38 32 85
dog-english_cocker_spaniel 0.0036785007 161 39 263 145
cat-Bengal 0.0035657287 340 0 408 16
cat-Birman 0.0035120249 164 0 500 141
cat-Bombay 0.0034970045 340 0 408 16
bella 0.0034698844 217 170 248 210
dog-american_bulldog 0.0034564137 119 38 180 59
dog-wheaten_terrier 0.003403008 312 3 500 69
cat-Egyptian_Mau 0.00336349 0 57 15 86
cat-Bengal 0.0033504367 399 0 486 18
cat-Bengal 0.0033504367 338 0 422 24
dog-boxer 0.0033115149 259 30 331 48
dog-beagle 0.0032858253 80 32 138 49
dog-american_bulldog 0.0032830834 0 57 300 281
dog-yorkshire_terrier 0.0032801628 143 16 500 189
cat-Bengal 0.0032224953 299 0 383 21
dog-wheaten_terrier 0.0032224953 0 49 30 106
cat-Bombay 0.0031603575 236 44 267 85
cat-Sphynx 0.0031603575 249 31 318 52
dog-leonberger 0.003099829 0 57 300 281
cat-Maine_Coon 0.0030994117 472 42 500 86
dog-havanese 0.0030994117 160 40 265 134
dog-boxer 0.0030634105 119 38 180 59
dog-pug 0.0030634105 120 16 275 156
cat-British_Shorthair 0.003039658 312 3 500 69
dog-boxer 0.0030278265 68 38 119 54
dog-boxer 0.0030278265 92 38 151 55
dog-pug 0.0030160546 74 47 262 156
