dog-american_pit_bull_terrier 0.8647679 49 13 220 179
dog-american_bulldog 0.8238959 48 13 220 180
dog-beagle 0.15203226 49 10 221 178
dog-boxer 0.113776386 49 12 220 178
dog-staffordshire_bull_terrier 0.08225393 48 13 220 180
dog-english_setter 0.031380415 48 11 222 178
dog-saint_bernard 0.018194377 48 13 220 180
dog-pug 0.015189052 48 11 222 178
dog-newfoundland 0.014227033 48 11 222 178
dog-american_pit_bull_terrier 0.013525546 0 3 216 205
dog-chihuahua 0.013428271 48 11 222 178
dog-american_bulldog 0.0130392015 35 25 248 224
dog-leonberger 0.01298973 46 12 217 179
cat-Egyptian_Mau 0.011823386 282 75 300 122
cat-Sphynx 0.011713326 0 23 219 181
dog-american_pit_bull_terrier 0.011604905 35 25 248 224
bella 0.011436731 48 16 217 180
dog-german_shorthaired 0.011072129 46 12 217 179
cat-Bombay 0.010860324 25 0 106 17
dog-boxer 0.010328144 155 88 168 96
dog-staffordshire_bull_terrier 0.009268016 245 45 260 50
dog-great_pyrenees 0.008845657 49 13 218 178
dog-shiba_inu 0.008511305 48 13 220 180
cat-Siamese 0.00818792 13 0 98 23
cat-Sphynx 0.00818792 243 45 258 52
cat-Bombay 0.0077555478 259 0 299 18
dog-beagle 0.0073458254 243 45 258 52
dog-miniature_pinscher 0.0072327554 48 11 222 178
dog-american_bulldog 0.0070515573 0 3 216 205
dog-boxer 0.0069576204 133 19 156 24
dog-staffordshire_bull_terrier 0.0068796277 52 39 234 224
dog-beagle 0.006859213 0 3 216 205
dog-pomeranian 0.0068585873 49 1 227 173
dog-staffordshire_bull_terrier 0.006771207 249 45 270 50
dog-boxer 0.0064882636 159 88 171 96
cat-Birman 0.006097555 0 172 30 224
dog-staffordshire_bull_terrier 0.006073922 289 0 300 15
bella 0.005911082 0 133 18 166
cat-Siamese 0.005708039 117 15 142 23
dog-english_setter 0.0055877566 52 39 234 224
cat-Bombay 0.005405903 13 0 98 23
dog-basset_hound 0.0052737296 0 23 219 181
dog-staffordshire_bull_terrier 0.005260855 155 74 176 82
cat-British_Shorthair 0.0051655173 0 23 219 181
cat-Siamese 0.004924506 5 0 84 32
dog-boxer 0.0049054027 170 19 215 90
dog-beagle 0.004884064 35 25 248 224
cat-British_Shorthair 0.00484854 111 0 137 6
cat-Sphynx 0.004792303 193 0 273 18
dog-american_pit_bull_terrier 0.004645556 242 45 258 50
dog-keeshond 0.0045386553 0 23 219 181
dog-pomeranian 0.0044510365 110 5 180 27
dog-pug 0.004436344 0 0 184 177
dog-boxer 0.004399419 243 45 258 52
dog-american_bulldog 0.0043492317 0 0 184 177
dog-boxer 0.0043035746 0 3 216 205
bella 0.0043004155 52 39 234 224
dog-beagle 0.0042755306 0 0 184 177
cat-Bombay 0.0041987896 124 16 150 22
cat-Bombay 0.0041824877 113 0 143 7
dog-yorkshire_terrier 0.0040228963 128 8 196 27
cat-Bombay 0.00400728 15 0 73 12
cat-Egyptian_Mau 0.003914833 0 25 18 71
dog-yorkshire_terrier 0.003899634 0 0 106 56
dog-pomeranian 0.0038693845 115 1 186 23
cat-Bombay 0.0038096309 13 0 105 31
cat-Bengal 0.0037435591 0 9 228 192
cat-Birman 0.0037362278 26 0 113 23
cat-Egyptian_Mau 0.0036642253 0 198 22 224
dog-german_shorthaired 0.0036642253 169 15 215 80
dog-staffordshire_bull_terrier 0.0036499798 155 72 178 78
bella 0.0036216974 0 113 11 137
dog-saint_bernard 0.003598243 0 3 216 205
cat-Egyptian_Mau 0.0035935938 284 88 300 126
dog-miniature_pinscher 0.0035935938 242 45 258 50
cat-Sphynx 0.0035796463 250 46 268 52
dog-german_shorthaired 0.003538072 113 0 141 6
dog-beagle 0.003510654 239 45 255 52
dog-boxer 0.0034970045 151 88 165 97
dog-german_shorthaired 0.0034834146 171 0 195 6
cat-Bengal 0.003442973 70 38 96 52
cat-Bombay 0.003442973 114 18 137 25
dog-basset_hound 0.00336349 0 25 18 71
cat-Bombay 0.0033504367 29 0 87 13
dog-miniature_pinscher 0.0033115149 73 29 110 40
dog-staffordshire_bull_terrier 0.0033115149 291 0 300 10
dog-english_setter 0.00330171 0 19 217 224
cat-Siamese 0.0032986403 0 176 25 224
dog-english_setter 0.003235519 0 23 183 224
dog-american_bulldog 0.003235042 242 45 258 50
dog-english_setter 0.0032313764 0 0 184 177
dog-staffordshire_bull_terrier 0.0031974912 291 2 300 19
cat-Russian_Blue 0.0031726956 289 131 300 155
dog-american_pit_bull_terrier 0.0031369925 53 13 300 198
cat-Russian_Blue 0.003123641 210 0 287 17
dog-boxer 0.0030753613 193 0 273 18
dog-chihuahua 0.0030589998 0 3 216 205
dog-leonberger 0.0030515194 0 176 25 224
dog-english_cocker_spaniel 0.0030489862 0 9 228 192
cat-Egyptian_Mau 0.003039658 0 0 18 42
