dog-american_bulldog 0.9346342 163 9 389 197
dog-staffordshire_bull_terrier 0.37159258 162 9 387 196
dog-american_pit_bull_terrier 0.2407746 162 9 387 196
dog-beagle 0.23616374 164 9 388 198
bella 0.17384851 164 9 388 198
dog-shiba_inu 0.16913125 164 9 388 198
dog-boxer 0.08525121 162 9 387 196
dog-great_pyrenees 0.057705313 164 9 388 198
dog-saint_bernard 0.04001227 162 9 387 196
dog-english_setter 0.035144836 164 9 388 198
cat-Egyptian_Mau 0.032100707 164 9 388 198
cat-Ragdoll 0.029367864 162 9 387 196
dog-boxer 0.02556473 172 0 500 203
dog-pug 0.021656692 162 9 387 196
dog-leonberger 0.020371288 162 9 387 196
dog-staffordshire_bull_terrier 0.017858833 172 0 500 203
dog-american_bulldog 0.016509831 172 0 500 203
cat-Siamese 0.015794128 172 0 500 203
cat-Egyptian_Mau 0.015663654 149 260 361 338
dog-american_pit_bull_terrier 0.01507768 172 0 500 203
dog-pomeranian 0.013848603 164 9 388 198
dog-basset_hound 0.013584405 402 196 500 338
dog-keeshond 0.012821227 163 1 387 193
dog-samoyed 0.0122886 164 9 388 198
dog-pug 0.011914432 172 0 500 203
dog-newfoundland 0.011642218 162 9 387 196
cat-Sphynx 0.011267453 172 0 500 203
dog-chihuahua 0.011263728 172 0 500 203
dog-basset_hound 0.011158019 164 9 388 198
dog-american_pit_bull_terrier 0.009708464 317 3 500 89
dog-newfoundland 0.009449214 123 12 386 303
dog-pug 0.00919655 221 1 262 14
cat-British_Shorthair 0.008944362 0 0 399 216
cat-Birman 0.008711398 465 82 498 148
cat-Bombay 0.008124709 328 0 365 8
dog-german_shorthaired 0.008030802 162 9 387 196
dog-shiba_inu 0.0077258945 172 0 500 203
cat-Birman 0.0075829327 172 0 500 203
cat-Persian 0.0075772405 165 21 386 202
cat-British_Shorthair 0.0074896216 322 0 359 8
cat-Bombay 0.0073458254 84 1 128 8
cat-British_Shorthair 0.0070506036 0 0 353 162
cat-Siamese 0.006984651 164 9 388 198
cat-Persian 0.0067975223 221 1 262 14
dog-american_pit_bull_terrier 0.006718874 426 23 500 109
cat-Bombay 0.006513506 71 1 111 8
cat-Sphynx 0.0065101087 0 0 399 216
dog-basset_hound 0.0064882636 0 165 317 338
cat-British_Shorthair 0.0064406097 172 0 500 203
cat-British_Shorthair 0.006050408 162 9 387 196
cat-Ragdoll 0.006046802 172 0 500 203
cat-British_Shorthair 0.0058425963 64 1 103 8
dog-beagle 0.0058378875 172 0 500 203
dog-american_bulldog 0.0056966245 0 0 399 216
cat-Bombay 0.0056200325 92 0 171 17
cat-Bombay 0.0053018928 315 0 354 8
cat-Sphynx 0.0053018928 164 9 388 198
cat-Bengal 0.005291879 0 0 399 216
cat-Abyssinian 0.005281329 171 9 226 102
cat-Birman 0.005281329 163 1 387 193
cat-Bombay 0.005260855 96 1 143 9
dog-staffordshire_bull_terrier 0.0052282214 123 12 386 303
cat-Russian_Blue 0.0051998794 165 21 386 202
dog-staffordshire_bull_terrier 0.0051797032 299 33 336 47
dog-pug 0.0051304996 0 0 399 216
dog-miniature_pinscher 0.0051233172 172 0 500 203
dog-american_bulldog 0.0050902367 0 0 353 162
cat-Bengal 0.0050800443 165 21 386 202
dog-great_pyrenees 0.0050010085 172 0 500 203
bella 0.0049767494 172 0 500 203
cat-Birman 0.0049436986 472 88 500 140
cat-Maine_Coon 0.0049436986 165 21 386 202
cat-Sphynx 0.0049435794 0 0 353 162
dog-english_setter 0.004897177 63 9 430 338
dog-pomeranian 0.004810989 472 88 500 140
cat-Bombay 0.004792303 401 0 451 12
cat-British_Shorthair 0.004755199 78 1 119 8
dog-leonberger 0.004611701 63 9 430 338
dog-yorkshire_terrier 0.0045265555 172 0 500 203
dog-pomeranian 0.004485786 173 16 224 109
dog-basset_hound 0.004468709 63 9 430 338
dog-american_pit_bull_terrier 0.004433751 384 0 500 60
dog-american_pit_bull_terrier 0.004416555 18 0 163 35
cat-Bengal 0.0044163167 0 0 353 162
dog-american_pit_bull_terrier 0.0043157637 183 55 500 338
cat-Birman 0.004297942 221 1 262 14
dog-leonberger 0.004297942 0 127 30 199
dog-pomeranian 0.0042812526 470 97 500 163
cat-Bombay 0.0042480826 396 0 441 9
dog-yorkshire_terrier 0.004231602 111 5 227 62
dog-pug 0.00420022 0 0 353 162
dog-yorkshire_terrier 0.0040543377 58 5 214 56
cat-Ragdoll 0.0040228963 173 16 224 109
dog-japanese_chin 0.00400728 221 1 262 14
cat-Abyssinian 0.0039454103 474 141 500 205
cat-Birman 0.003930092 96 1 143 9
dog-boxer 0.003928989 0 0 399 216
cat-Abyssinian 0.0039004683 172 0 500 203
dog-miniature_pinscher 0.003863722 0 0 399 216
dog-japanese_chin 0.0038244724 465 82 498 148
