dog-boxer 0.8086723 123 10 278 152
dog-american_bulldog 0.73335636 122 12 281 152
dog-saint_bernard 0.7162186 122 9 278 152
dog-beagle 0.34422296 123 10 278 152
dog-pug 0.10034841 123 12 281 153
cat-Sphynx 0.08663207 123 12 281 153
dog-japanese_chin 0.0669342 123 12 281 153
dog-american_pit_bull_terrier 0.052230865 123 12 281 153
cat-Abyssinian 0.046724975 123 12 281 153
dog-staffordshire_bull_terrier 0.044431448 123 12 281 153
cat-Ragdoll 0.041075885 123 10 278 152
cat-Siamese 0.03919512 123 12 281 153
dog-shiba_inu 0.033971995 123 12 281 153
dog-boxer 0.027532935 194 14 278 141
cat-British_Shorthair 0.027066171 123 12 281 153
dog-leonberger 0.025565207 123 12 281 153
bella 0.02517885 123 12 281 153
dog-great_pyrenees 0.024145424 122 11 278 152
cat-Egyptian_Mau 0.024007738 123 12 281 153
cat-Birman 0.01998514 123 10 278 152
cat-Egyptian_Mau 0.018653512 1 116 36 242
bella 0.017780393 330 201 351 318
dog-basset_hound 0.01724279 329 23 352 160
cat-Sphynx 0.01672113 194 14 278 141
dog-basset_hound 0.013955712 331 170 352 297
dog-german_shorthaired 0.013070792 123 12 281 153
cat-Egyptian_Mau 0.013020486 332 179 353 287
dog-american_bulldog 0.011687249 119 11 272 241
dog-basset_hound 0.011115015 123 12 281 153
dog-keeshond 0.010448635 123 12 281 153
dog-staffordshire_bull_terrier 0.010288298 203 71 237 96
cat-Egyptian_Mau 0.01001358 334 163 353 258
cat-Egyptian_Mau 0.009671003 334 289 353 380
dog-havanese 0.009522498 119 37 270 384
cat-Siamese 0.009303957 0 73 81 133
dog-basset_hound 0.00919655 330 66 351 181
dog-great_pyrenees 0.0087791085 119 37 270 384
cat-Russian_Blue 0.008412987 123 12 281 153
cat-Egyptian_Mau 0.008348048 334 139 353 232
cat-Abyssinian 0.008062005 332 135 353 238
dog-japanese_chin 0.007695645 31 142 43 179
cat-Egyptian_Mau 0.007606685 0 116 24 226
bella 0.007374376 333 193 353 292
cat-Birman 0.007289082 1 390 51 500
cat-Persian 0.007289082 201 274 267 375
cat-Abyssinian 0.007176876 332 151 353 276
cat-Birman 0.007066399 103 0 137 23
dog-staffordshire_bull_terrier 0.006718874 194 14 278 141
bella 0.006718874 1 116 36 242
dog-american_bulldog 0.006546229 0 0 247 236
bella 0.0064381063 333 228 353 324
dog-beagle 0.0063883364 194 14 278 141
dog-saint_bernard 0.006121278 194 14 278 141
dog-leonberger 0.006097555 158 173 182 232
dog-scottish_terrier 0.006073922 331 172 351 295
dog-leonberger 0.0059571564 119 37 270 384
dog-japanese_chin 0.005911082 27 140 40 179
cat-Egyptian_Mau 0.0058199465 332 255 353 362
cat-Birman 0.0056858957 97 1 128 13
cat-Persian 0.0056419075 250 2 277 23
cat-Bengal 0.0054905713 331 170 352 297
dog-boxer 0.0054905713 247 7 351 87
cat-Bombay 0.005448073 0 305 26 396
cat-Russian_Blue 0.005405903 230 7 320 85
dog-basset_hound 0.005220115 329 94 351 209
dog-pomeranian 0.0051797032 0 71 77 134
dog-pomeranian 0.005139619 123 12 281 153
dog-boxer 0.0050800443 230 7 320 85
dog-english_setter 0.005060345 123 12 281 153
dog-newfoundland 0.005040705 123 12 281 153
cat-Egyptian_Mau 0.0047000647 330 201 351 318
dog-japanese_chin 0.0047000647 35 144 47 178
dog-american_pit_bull_terrier 0.0046818256 194 14 278 141
dog-basset_hound 0.004609585 332 140 353 262
dog-american_bulldog 0.0046091974 0 0 304 386
cat-Sphynx 0.004485786 90 1 134 40
dog-american_bulldog 0.0044683814 76 18 255 198
dog-basset_hound 0.0044683814 330 201 351 318
dog-chihuahua 0.0044683814 123 12 281 153
dog-beagle 0.004401505 0 0 247 236
dog-american_bulldog 0.004319072 87 0 273 346
dog-boxer 0.0041500926 254 0 350 63
cat-Abyssinian 0.0041339695 90 1 134 40
cat-Egyptian_Mau 0.0041339695 333 228 353 324
dog-staffordshire_bull_terrier 0.0041339695 198 65 229 92
cat-Russian_Blue 0.004117906 254 0 350 63
dog-japanese_chin 0.004101932 31 152 43 185
dog-shiba_inu 0.0040543377 331 189 353 296
bella 0.0040543377 334 289 353 380
cat-Birman 0.004038602 109 1 139 13
dog-japanese_chin 0.003991723 27 151 39 186
cat-Bombay 0.003899634 90 1 134 40
cat-Birman 0.0038844645 0 424 77 500
cat-Siamese 0.0038693845 94 1 124 13
dog-chihuahua 0.0038291216 142 0 353 340
dog-japanese_chin 0.0038096309 22 23 33 57
cat-Maine_Coon 0.0037948191 333 183 353 282
cat-Egyptian_Mau 0.0037800968 331 103 353 206
dog-wheaten_terrier 0.0037362278 45 0 65 13
cat-Ragdoll 0.0036928654 97 1 128 13
