dog-shiba_inu 0.73942244 97 38 164 125
dog-american_pit_bull_terrier 0.68510735 97 38 164 125
dog-chihuahua 0.14804718 97 38 163 126
dog-american_bulldog 0.12808824 97 38 163 126
dog-pomeranian 0.08494711 95 38 167 125
dog-staffordshire_bull_terrier 0.07004896 97 39 164 125
dog-scottish_terrier 0.047161877 97 39 164 125
cat-Bombay 0.03690806 234 0 300 86
dog-samoyed 0.028980643 95 38 167 125
dog-keeshond 0.026556581 97 39 164 125
dog-yorkshire_terrier 0.025419652 224 5 300 121
dog-beagle 0.01672113 95 38 167 125
dog-english_setter 0.016340137 97 39 164 125
dog-english_cocker_spaniel 0.014785409 275 74 300 132
cat-Bombay 0.012576342 124 0 218 18
dog-miniature_pinscher 0.0122886 97 39 163 125
bella 0.010130405 97 39 164 125
cat-Siamese 0.010091305 0 0 109 36
cat-Bombay 0.009485722 255 20 300 85
dog-yorkshire_terrier 0.009376228 95 38 167 125
dog-pug 0.00895071 95 38 167 125
dog-yorkshire_terrier 0.008813173 225 0 300 81
dog-great_pyrenees 0.0087791085 97 39 165 124
cat-Egyptian_Mau 0.008511305 97 39 164 125
cat-Egyptian_Mau 0.0080932975 0 165 109 224
bella 0.007403016 1 52 21 94
dog-yorkshire_terrier 0.007317394 219 20 300 187
cat-Birman 0.007260859 195 1 300 32
cat-Siamese 0.0070390403 95 38 167 125
cat-Bombay 0.005888164 195 1 300 32
dog-yorkshire_terrier 0.005598247 5 0 152 56
dog-leonberger 0.0055549145 95 38 167 125
cat-Birman 0.005448073 148 0 256 24
cat-Siamese 0.0053018928 134 0 241 25
cat-Sphynx 0.005220115 97 39 164 125
dog-yorkshire_terrier 0.005220115 201 0 300 58
cat-Bengal 0.0051797032 103 41 154 64
cat-Bombay 0.005060345 259 1 300 19
dog-scottish_terrier 0.005021155 216 7 300 161
cat-Ragdoll 0.004982263 238 200 262 210
cat-Birman 0.004962951 174 0 285 25
cat-Siamese 0.0049436986 238 200 262 210
cat-Bombay 0.004792303 0 0 133 50
cat-Bombay 0.004627526 115 0 188 18
dog-yorkshire_terrier 0.0045916736 238 14 300 89
cat-Abyssinian 0.004433751 95 38 167 125
dog-english_setter 0.004399419 0 44 18 91
dog-english_cocker_spaniel 0.0042812526 244 76 300 174
cat-Egyptian_Mau 0.0042665303 0 54 186 225
cat-Birman 0.0041339695 0 0 122 36
cat-Siamese 0.004101932 230 200 253 210
cat-Russian_Blue 0.00400728 206 0 300 25
dog-pug 0.003991723 0 0 109 48
cat-Bombay 0.0039607882 132 0 194 15
cat-Bombay 0.003914833 186 0 283 18
cat-Maine_Coon 0.003914833 95 38 167 125
cat-Maine_Coon 0.0038844645 0 177 45 225
dog-yorkshire_terrier 0.0037800968 0 0 109 48
cat-Bombay 0.0037654042 134 0 241 25
cat-Birman 0.003750801 5 0 152 56
dog-havanese 0.003721714 62 15 80 26
dog-basset_hound 0.0036076307 97 39 164 125
cat-Ragdoll 0.0035657287 0 177 45 225
dog-pug 0.0035232008 93 38 300 203
dog-yorkshire_terrier 0.0034970045 192 0 300 110
cat-Ragdoll 0.0034564137 245 200 271 209
dog-leonberger 0.0034295917 54 39 76 65
dog-american_bulldog 0.0034291744 0 54 186 225
cat-Ragdoll 0.0033897758 96 38 164 123
cat-Maine_Coon 0.00336349 103 40 152 64
dog-boxer 0.003324449 238 200 262 210
dog-basset_hound 0.0033115149 0 39 18 88
dog-saint_bernard 0.0033115149 23 31 65 48
cat-Abyssinian 0.0032986403 195 1 300 32
cat-Bombay 0.0032986403 148 0 249 18
cat-Siamese 0.0032986403 195 1 300 32
dog-havanese 0.0032986403 95 38 167 125
dog-pug 0.0032603443 5 0 152 56
cat-Bombay 0.0032476783 275 49 300 85
dog-leonberger 0.0031603575 169 111 179 123
dog-samoyed 0.003123641 103 41 154 64
dog-newfoundland 0.0030994117 97 39 164 125
cat-Siamese 0.0030753613 109 0 212 26
dog-boxer 0.0030753613 95 38 167 125
dog-pomeranian 0.0030350983 99 0 300 119
dog-pomeranian 0.0030278265 0 0 139 39
cat-Siamese 0.0030213892 93 38 300 203
cat-Bengal 0.0029579103 97 39 164 125
dog-pomeranian 0.0029464066 5 0 152 56
cat-Bombay 0.0029121637 277 58 300 93
dog-miniature_pinscher 0.002878338 0 0 109 48
dog-american_bulldog 0.0028270483 0 8 187 142
cat-Ragdoll 0.0028228462 220 200 243 209
cat-Sphynx 0.0028118491 134 44 162 81
cat-Ragdoll 0.0028009415 230 200 253 210
cat-Egyptian_Mau 0.0027900338 103 41 154 64
dog-boxer 0.0027683973 227 200 249 209
cat-Maine_Coon 0.0027362108 195 1 300 32
dog-beagle 0.002716422 0 54 186 225
cat-Bengal 0.0027149916 206 0 300 25
