dog-beagle 0.9210741 138 56 305 216
dog-american_bulldog 0.57654196 136 55 303 216
bella 0.3468731 137 56 305 215
dog-american_pit_bull_terrier 0.28616923 136 55 303 216
dog-english_setter 0.23934937 136 55 303 216
dog-shiba_inu 0.21141681 136 55 303 216
dog-staffordshire_bull_terrier 0.14390808 136 55 303 216
cat-Egyptian_Mau 0.11201596 136 55 303 216
dog-saint_bernard 0.1023047 136 55 303 216
dog-basset_hound 0.06290424 137 56 305 215
dog-boxer 0.04858619 136 55 303 216
cat-Ragdoll 0.038178265 136 55 303 216
cat-Bengal 0.034880877 136 55 303 216
dog-great_pyrenees 0.03126192 136 55 303 216
dog-german_shorthaired 0.029090762 136 55 303 216
cat-Sphynx 0.028544158 136 55 303 216
dog-miniature_pinscher 0.02306521 136 55 303 216
cat-Abyssinian 0.018159509 136 55 303 216
dog-leonberger 0.01805535 136 55 303 216
cat-Maine_Coon 0.017176718 136 55 303 216
dog-english_cocker_spaniel 0.016340137 136 55 303 216
dog-newfoundland 0.012771875 136 55 303 216
cat-Persian 0.012722701 136 55 303 216
cat-Bombay 0.012007356 48 0 180 29
cat-Abyssinian 0.011915028 136 91 156 134
cat-Bombay 0.010368168 305 0 454 28
cat-British_Shorthair 0.010209054 136 55 303 216
dog-chihuahua 0.009821802 136 55 303 216
cat-Bengal 0.00971207 0 21 332 227
dog-samoyed 0.00963366 136 55 303 216
bella 0.00912565 2 158 59 231
dog-scottish_terrier 0.00891614 0 231 29 316
cat-British_Shorthair 0.008559883 0 21 332 227
dog-wheaten_terrier 0.008445621 136 55 303 216
cat-Bombay 0.0067975223 334 0 484 41
dog-miniature_pinscher 0.006587893 0 21 332 227
dog-yorkshire_terrier 0.0065642595 373 0 500 140
dog-beagle 0.006488502 147 19 500 245
dog-newfoundland 0.006192982 0 242 30 324
dog-samoyed 0.005774915 149 59 293 145
cat-Birman 0.0056200325 363 0 499 42
dog-basset_hound 0.0054692626 2 203 34 289
dog-yorkshire_terrier 0.0054269433 0 231 29 316
dog-miniature_pinscher 0.0053018928 0 242 30 324
cat-Egyptian_Mau 0.0052782893 0 21 332 227
dog-english_cocker_spaniel 0.0051797032 0 231 29 316
cat-Bombay 0.005099833 472 259 500 328
dog-yorkshire_terrier 0.005021155 0 0 184 91
dog-yorkshire_terrier 0.0049436986 339 0 500 103
cat-Bombay 0.0049054027 55 0 146 23
dog-basset_hound 0.004886389 0 305 113 373
cat-Egyptian_Mau 0.0048674047 144 58 288 146
dog-beagle 0.0048543215 0 21 332 227
cat-Siamese 0.00484854 14 1 166 50
dog-basset_hound 0.004840821 141 56 500 311
dog-staffordshire_bull_terrier 0.0048297346 295 274 375 304
cat-Bombay 0.004810989 253 0 411 29
dog-pug 0.004810989 136 55 303 216
dog-basset_hound 0.004796058 0 21 332 227
cat-Bengal 0.0047686994 0 63 356 280
cat-Bengal 0.0047367513 0 223 30 305
dog-japanese_chin 0.004663646 136 55 303 216
cat-Bengal 0.0045916736 144 58 288 146
cat-Bombay 0.00450328 329 4 494 54
cat-Bombay 0.0044510365 471 242 500 309
dog-wheaten_terrier 0.004314691 0 101 67 226
cat-Sphynx 0.004297942 144 58 288 146
dog-american_bulldog 0.0042971373 147 19 500 245
cat-Sphynx 0.0042132437 0 21 332 227
dog-basset_hound 0.0041987896 0 211 28 283
dog-german_shorthaired 0.0041987896 0 190 42 285
dog-basset_hound 0.004117906 0 326 87 373
dog-american_bulldog 0.004107237 0 21 332 227
bella 0.0039607882 3 159 42 214
dog-shiba_inu 0.0038447678 0 21 332 227
dog-wheaten_terrier 0.0037948191 0 158 103 223
cat-Maine_Coon 0.0037654042 238 0 291 14
cat-Maine_Coon 0.003721714 361 0 428 16
dog-german_shorthaired 0.003718257 0 21 332 227
dog-american_pit_bull_terrier 0.0037075877 0 21 332 227
cat-Persian 0.00370726 455 0 499 87
dog-leonberger 0.00370726 1 159 82 235
dog-basset_hound 0.0036928654 135 79 166 149
dog-basset_hound 0.0036851764 0 63 356 280
cat-Russian_Blue 0.0036697686 0 21 332 227
dog-yorkshire_terrier 0.0036642253 341 0 500 195
dog-miniature_pinscher 0.0035546124 0 63 356 280
cat-British_Shorthair 0.0035367906 0 63 356 280
cat-Abyssinian 0.0035243332 138 84 163 122
cat-Persian 0.003510654 0 2 33 86
dog-english_cocker_spaniel 0.003504008 0 21 332 227
dog-boxer 0.0035000145 147 19 500 245
dog-havanese 0.0034970045 358 0 500 128
dog-wheaten_terrier 0.0034970045 0 231 29 316
dog-english_setter 0.0034295917 0 157 83 233
dog-american_pit_bull_terrier 0.00341627 0 242 30 324
dog-wheaten_terrier 0.0033380985 0 21 332 227
cat-Persian 0.003324449 452 0 499 47
cat-Siamese 0.003324449 2 0 130 42
dog-american_pit_bull_terrier 0.0032986403 358 0 500 128
