dog-basset_hound 0.8558512 81 39 326 309
dog-saint_bernard 0.5195213 90 41 322 307
dog-basset_hound 0.122820795 0 30 299 316
cat-Bengal 0.06862545 18 34 319 331
dog-beagle 0.045437217 90 41 322 307
dog-boxer 0.0413073 98 43 316 305
dog-yorkshire_terrier 0.031026185 370 1 500 78
dog-english_setter 0.027795613 98 43 316 305
dog-saint_bernard 0.026405513 105 41 264 205
dog-leonberger 0.026355356 106 44 263 214
dog-german_shorthaired 0.025068164 18 34 319 331
dog-leonberger 0.022977382 107 46 135 103
cat-Abyssinian 0.01998514 81 37 323 310
dog-basset_hound 0.01684019 0 32 299 333
dog-english_cocker_spaniel 0.012888879 70 33 333 320
dog-newfoundland 0.011823386 107 46 135 103
dog-basset_hound 0.011419624 1 194 41 299
dog-yorkshire_terrier 0.010902375 316 2 500 59
dog-yorkshire_terrier 0.009161025 338 0 500 76
dog-japanese_chin 0.00891614 81 39 326 309
dog-american_bulldog 0.0087791085 107 46 135 103
cat-Bombay 0.008544326 186 0 323 25
dog-wheaten_terrier 0.008544326 107 44 136 98
dog-basset_hound 0.008323312 38 33 389 333
dog-german_shorthaired 0.00818792 100 40 290 241
cat-British_Shorthair 0.008124709 103 48 315 261
cat-Bengal 0.00805074 0 0 292 291
cat-Egyptian_Mau 0.007682383 0 0 292 291
dog-basset_hound 0.0075273514 0 0 292 291
dog-basset_hound 0.007460654 296 234 335 297
dog-yorkshire_terrier 0.007176876 390 0 500 54
dog-yorkshire_terrier 0.006984651 363 10 500 157
cat-British_Shorthair 0.006828338 0 0 292 291
cat-Siamese 0.006771207 21 0 139 34
dog-leonberger 0.006718874 95 42 302 265
cat-Bombay 0.006597638 0 0 292 291
dog-great_pyrenees 0.006338924 107 44 136 98
dog-pomeranian 0.006338924 150 0 498 103
dog-german_shorthaired 0.006303221 0 0 292 291
cat-Abyssinian 0.0062420964 0 0 292 291
dog-saint_bernard 0.0062360466 0 15 327 333
dog-saint_bernard 0.006231576 0 0 292 291
dog-leonberger 0.0059571564 111 43 151 105
dog-staffordshire_bull_terrier 0.0059571564 153 75 194 90
dog-miniature_pinscher 0.0059403777 18 34 319 331
dog-basset_hound 0.0058653355 109 44 309 220
dog-english_setter 0.0057944655 0 41 318 333
cat-Bombay 0.0057302415 182 0 272 19
dog-basset_hound 0.0057302415 152 74 358 316
dog-pomeranian 0.005384952 71 0 205 37
dog-english_cocker_spaniel 0.0053543746 0 32 299 333
dog-japanese_chin 0.005260855 107 44 136 98
cat-Bengal 0.0052404404 0 32 299 333
cat-Siamese 0.0051998794 3 1 103 49
cat-Birman 0.005139619 238 111 279 124
dog-basset_hound 0.0051196814 0 190 37 270
dog-pomeranian 0.0051196814 80 0 244 47
cat-Birman 0.004924506 249 113 284 125
dog-yorkshire_terrier 0.004924506 418 0 500 73
cat-Egyptian_Mau 0.004886389 0 184 37 262
cat-Bengal 0.0048674047 320 229 500 333
cat-Bombay 0.004792303 213 0 374 27
dog-pomeranian 0.004792303 237 0 500 81
cat-Bombay 0.0047367513 174 0 209 8
dog-beagle 0.004716307 0 0 292 291
cat-Birman 0.0045561194 228 0 395 34
dog-basset_hound 0.0045561194 5 122 201 321
cat-Egyptian_Mau 0.004538417 81 39 326 309
dog-beagle 0.0045166314 0 15 327 333
dog-american_bulldog 0.00450328 98 43 316 305
cat-Russian_Blue 0.004425913 0 0 292 291
dog-havanese 0.0043314993 107 44 136 98
dog-boxer 0.0042812526 107 46 135 103
cat-Bombay 0.004264623 156 0 190 7
cat-Siamese 0.004264623 207 0 371 34
dog-english_setter 0.004264623 107 46 135 103
cat-Siamese 0.0042480826 44 0 177 35
cat-Abyssinian 0.004208535 0 15 327 333
dog-chihuahua 0.0041339695 486 101 500 125
dog-english_cocker_spaniel 0.004101515 0 0 292 291
cat-Bombay 0.004085988 187 0 223 8
cat-Siamese 0.004070133 195 59 229 71
dog-pomeranian 0.004070133 198 0 500 122
dog-wheaten_terrier 0.0040623248 0 0 292 291
dog-american_pit_bull_terrier 0.004038602 107 46 135 103
dog-chihuahua 0.0040228963 21 2 136 46
dog-english_cocker_spaniel 0.00400728 0 197 37 278
dog-boxer 0.0039946735 0 15 327 333
dog-basset_hound 0.00398314 96 88 423 328
dog-yorkshire_terrier 0.003976226 366 40 500 208
dog-yorkshire_terrier 0.0039607882 431 0 500 51
cat-Russian_Blue 0.0038244724 199 0 349 30
dog-great_pyrenees 0.0037948191 98 0 228 38
cat-Siamese 0.003750801 154 70 205 87
cat-Bombay 0.0037362278 200 0 299 20
dog-chihuahua 0.0037362278 486 106 500 131
cat-Abyssinian 0.0037096739 0 32 299 333
dog-staffordshire_bull_terrier 0.0036928654 154 70 205 87
dog-yorkshire_terrier 0.0036499798 405 0 500 40
dog-japanese_chin 0.0036216974 31 94 46 113
