dog-basset_hound 0.91086304 79 167 291 455
dog-english_cocker_spaniel 0.3468731 79 170 290 450
dog-german_shorthaired 0.14829373 79 170 290 450
cat-Bengal 0.08122775 80 167 295 456
cat-Egyptian_Mau 0.02605629 1 85 31 213
dog-basset_hound 0.022441745 107 147 334 500
dog-chihuahua 0.013222814 0 0 143 83
dog-basset_hound 0.012923747 98 160 334 500
dog-english_setter 0.012502521 91 169 334 479
dog-beagle 0.012287766 91 169 334 479
cat-Egyptian_Mau 0.010818452 0 90 21 197
dog-miniature_pinscher 0.010529697 0 0 143 83
dog-basset_hound 0.010408312 116 353 197 442
cat-Egyptian_Mau 0.009340018 0 118 19 237
dog-japanese_chin 0.009020269 323 261 333 288
dog-yorkshire_terrier 0.008610755 189 0 334 71
cat-Bengal 0.008139819 0 100 287 426
dog-basset_hound 0.008018434 0 159 296 500
cat-British_Shorthair 0.0077555478 79 170 290 450
dog-yorkshire_terrier 0.007066399 0 0 143 83
bella 0.006538838 1 87 30 202
cat-Sphynx 0.006365955 0 100 287 426
cat-Egyptian_Mau 0.00614509 79 170 290 450
dog-basset_hound 0.006121278 0 118 19 237
dog-japanese_chin 0.0059803426 319 260 334 280
dog-havanese 0.005820334 33 0 322 480
cat-Egyptian_Mau 0.0058199465 0 185 20 301
cat-Bengal 0.0057302415 0 106 20 223
dog-yorkshire_terrier 0.005708039 217 0 334 114
cat-Persian 0.0056419075 0 423 91 500
dog-english_cocker_spaniel 0.005437851 0 0 260 401
bella 0.005260855 1 293 21 411
cat-Siamese 0.005001664 325 5 334 42
dog-basset_hound 0.004924506 119 373 180 441
dog-miniature_pinscher 0.0049209893 67 159 295 491
dog-miniature_pinscher 0.004810989 11 0 105 77
dog-american_pit_bull_terrier 0.004773736 298 203 334 328
cat-Birman 0.004755199 283 210 301 225
dog-miniature_pinscher 0.004711479 0 100 287 426
dog-scottish_terrier 0.0047000647 80 167 295 456
dog-basset_hound 0.0046818256 0 90 21 197
dog-basset_hound 0.004627526 80 328 155 408
bella 0.004627526 315 203 334 280
bella 0.0045411885 81 167 313 456
dog-yorkshire_terrier 0.0044683814 233 0 334 59
dog-basset_hound 0.004433751 83 324 124 400
dog-beagle 0.004433751 291 208 331 333
dog-english_setter 0.004231602 291 208 331 333
dog-basset_hound 0.0041987896 0 185 20 301
dog-yorkshire_terrier 0.003930092 191 0 334 145
dog-yorkshire_terrier 0.003914833 0 0 253 185
dog-wheaten_terrier 0.0038844645 298 259 334 421
cat-Abyssinian 0.0038543642 317 268 334 347
dog-chihuahua 0.0038244724 298 217 334 349
dog-basset_hound 0.0038187206 0 225 268 500
dog-english_cocker_spaniel 0.0038147569 33 0 322 480
dog-yorkshire_terrier 0.0036785007 269 0 334 57
dog-yorkshire_terrier 0.0036630332 0 0 236 269
cat-Bengal 0.0036499798 0 88 22 186
dog-leonberger 0.0035796463 298 259 334 421
dog-yorkshire_terrier 0.0034834146 239 12 334 252
cat-Bombay 0.0034828186 0 100 287 426
dog-shiba_inu 0.0034698844 1 90 32 187
cat-Bombay 0.0034519732 0 0 236 269
dog-english_cocker_spaniel 0.003442973 0 244 20 364
bella 0.003442973 1 213 20 341
dog-german_shorthaired 0.003403008 72 152 230 407
cat-Egyptian_Mau 0.0033897758 0 219 20 336
dog-american_pit_bull_terrier 0.0033766031 294 145 334 305
cat-Maine_Coon 0.0033504367 0 90 21 197
dog-havanese 0.0033462048 0 0 260 401
cat-Abyssinian 0.0033400059 67 159 295 491
dog-leonberger 0.003324449 323 261 333 288
dog-pomeranian 0.003324449 42 0 301 275
dog-basset_hound 0.0032986403 0 219 20 336
dog-english_cocker_spaniel 0.0032986403 0 185 20 301
dog-american_pit_bull_terrier 0.0032858253 299 236 334 381
dog-basset_hound 0.0032730699 325 122 334 155
dog-yorkshire_terrier 0.0032476783 259 0 334 72
dog-samoyed 0.003235042 1 87 30 202
cat-Bengal 0.0032296777 0 0 236 269
cat-British_Shorthair 0.0031974912 21 59 42 72
dog-english_cocker_spaniel 0.0031974912 0 132 19 251
cat-Maine_Coon 0.003186196 33 0 322 480
dog-miniature_pinscher 0.0031850636 0 0 126 112
dog-staffordshire_bull_terrier 0.0030994117 42 44 68 69
dog-yorkshire_terrier 0.0030873716 67 33 212 335
dog-yorkshire_terrier 0.0030753613 249 0 334 148
dog-basset_hound 0.0030651987 33 0 322 480
dog-basset_hound 0.0030160546 310 201 332 290
dog-staffordshire_bull_terrier 0.0029694438 181 231 203 260
dog-basset_hound 0.0029579103 88 327 205 443
dog-pomeranian 0.0029579103 312 341 334 451
dog-american_pit_bull_terrier 0.0028895736 0 0 143 83
dog-english_cocker_spaniel 0.0028793216 0 71 290 454
cat-Bengal 0.002878338 118 358 193 444
bella 0.0028449 1 171 19 296
dog-saint_bernard 0.002824992 92 124 334 442
dog-yorkshire_terrier 0.0027791858 298 259 334 421
dog-yorkshire_terrier 0.0027683973 33 0 281 274
