dog-american_pit_bull_terrier 0.6693173 5 16 348 427
dog-shiba_inu 0.5921027 3 14 347 429
dog-chihuahua 0.1755892 1 13 349 424
dog-american_bulldog 0.05169812 0 13 350 444
dog-samoyed 0.04519233 5 16 348 427
dog-beagle 0.03943813 0 13 350 444
cat-Sphynx 0.03809917 0 13 350 444
dog-staffordshire_bull_terrier 0.037244797 0 13 350 444
dog-pomeranian 0.03642845 5 16 348 427
dog-miniature_pinscher 0.03276223 0 13 350 444
dog-scottish_terrier 0.024197161 0 13 350 444
cat-Maine_Coon 0.022070378 0 13 350 444
bella 0.019782364 5 16 348 427
dog-english_setter 0.019663304 0 13 350 444
cat-Abyssinian 0.018645257 0 13 350 444
cat-Bengal 0.018281192 0 13 350 444
cat-Egyptian_Mau 0.017576456 0 13 350 444
dog-boxer 0.014347613 0 13 350 444
cat-Siamese 0.014292806 0 13 350 444
dog-leonberger 0.013042033 0 13 350 444
dog-keeshond 0.01302591 0 13 350 444
dog-great_pyrenees 0.0117351115 0 13 350 444
dog-saint_bernard 0.010943353 0 13 350 444
dog-wheaten_terrier 0.010448635 234 2 263 13
dog-english_cocker_spaniel 0.010152608 0 13 350 444
dog-wheaten_terrier 0.009599566 0 13 350 444
dog-saint_bernard 0.008445621 102 337 134 375
dog-miniature_pinscher 0.007846236 11 17 164 324
bella 0.007785648 2 313 21 422
cat-Birman 0.007460654 199 0 225 12
dog-shiba_inu 0.007305622 0 0 270 397
cat-Birman 0.007204771 59 0 86 13
cat-Birman 0.0068770945 66 0 129 26
dog-yorkshire_terrier 0.0067824125 0 13 350 444
cat-Egyptian_Mau 0.0065642595 0 53 22 144
dog-pug 0.0065416694 0 13 350 444
dog-english_setter 0.0064381063 12 44 177 351
dog-basset_hound 0.006238252 0 13 350 444
dog-chihuahua 0.0061508715 0 0 270 397
cat-Birman 0.006121278 24 0 88 27
cat-Ragdoll 0.005990565 0 13 350 444
dog-havanese 0.005972743 0 13 350 444
cat-Siamese 0.0058199465 4 0 88 57
dog-yorkshire_terrier 0.0056858957 90 0 127 23
dog-chihuahua 0.0055119395 11 17 164 324
dog-pomeranian 0.005448073 64 0 90 12
dog-saint_bernard 0.0054269433 92 335 126 374
dog-chihuahua 0.0053018928 347 166 357 202
dog-american_pit_bull_terrier 0.0051642954 88 0 357 386
cat-Bombay 0.0051596165 240 0 311 30
dog-english_cocker_spaniel 0.0051196814 332 288 355 407
cat-Egyptian_Mau 0.005060345 0 270 21 375
dog-staffordshire_bull_terrier 0.005060345 141 226 165 252
dog-yorkshire_terrier 0.0049436986 11 17 164 324
bella 0.0049054027 2 335 23 447
dog-shiba_inu 0.004792303 7 0 86 74
dog-pomeranian 0.004755199 81 0 113 25
cat-Siamese 0.0047000647 66 0 129 26
dog-miniature_pinscher 0.0046818256 238 6 355 89
dog-leonberger 0.004645556 91 335 130 370
bella 0.004609585 2 283 21 394
cat-Birman 0.004573852 43 0 106 25
cat-Bombay 0.004573852 231 0 323 38
dog-scottish_terrier 0.00450328 21 4 336 313
cat-Birman 0.0043483675 84 0 148 28
dog-samoyed 0.0043483675 232 2 258 13
dog-yorkshire_terrier 0.0043314993 201 10 347 300
bella 0.0043314993 130 228 163 264
dog-american_pit_bull_terrier 0.004297942 12 44 177 351
dog-pomeranian 0.0042386353 47 0 357 343
dog-english_setter 0.0040201545 0 0 270 397
dog-staffordshire_bull_terrier 0.003976226 135 229 165 264
dog-american_bulldog 0.0039607882 4 0 88 57
dog-leonberger 0.0038775504 0 0 270 397
cat-Russian_Blue 0.0038543642 98 0 198 36
dog-staffordshire_bull_terrier 0.0038096309 144 231 168 259
dog-pomeranian 0.0037800968 83 0 119 19
dog-english_cocker_spaniel 0.0037654042 336 305 357 399
bella 0.0037362278 12 44 177 351
dog-english_cocker_spaniel 0.00370726 0 322 22 432
cat-Birman 0.0036785007 48 0 81 14
cat-Egyptian_Mau 0.0036642253 0 31 22 118
dog-havanese 0.0036499798 201 10 347 300
dog-saint_bernard 0.0036499798 101 345 136 388
cat-Persian 0.0036076307 0 0 25 101
dog-keeshond 0.0035670102 0 0 270 397
dog-wheaten_terrier 0.0035518706 229 2 252 12
dog-english_setter 0.003538072 232 2 258 13
dog-miniature_pinscher 0.003538072 252 0 356 60
dog-basset_hound 0.0035243332 0 322 22 432
dog-american_bulldog 0.0034941435 0 0 270 397
cat-Birman 0.0034834146 189 0 216 13
cat-Siamese 0.003442973 84 0 148 28
dog-english_cocker_spaniel 0.003442973 334 227 356 363
dog-newfoundland 0.0034285784 0 13 350 444
dog-saint_bernard 0.00341627 84 335 116 371
dog-pomeranian 0.0033897758 10 0 114 82
dog-saint_bernard 0.0033766031 114 348 147 391
dog-beagle 0.003369093 0 0 270 397
dog-samoyed 0.003353119 0 0 312 339
