dog-basset_hound 0.89218736 140 19 391 324
dog-german_shorthaired 0.65401137 140 19 391 324
dog-beagle 0.32556847 149 13 385 315
dog-saint_bernard 0.18531212 144 15 386 315
cat-Bengal 0.123788685 140 19 391 324
cat-Abyssinian 0.06750083 153 15 385 317
dog-boxer 0.063128024 149 13 385 315
dog-english_setter 0.051754713 149 13 385 315
dog-english_cocker_spaniel 0.03956455 140 19 391 324
dog-miniature_pinscher 0.03333682 140 19 391 324
cat-Sphynx 0.026786745 149 13 385 315
dog-saint_bernard 0.02605629 0 125 56 204
dog-beagle 0.025508732 161 0 500 333
dog-beagle 0.022715747 224 288 314 328
cat-Egyptian_Mau 0.016777545 149 13 385 315
cat-Russian_Blue 0.0144761205 149 13 385 315
dog-basset_hound 0.013914317 161 0 500 333
dog-staffordshire_bull_terrier 0.013742328 283 63 308 97
dog-american_pit_bull_terrier 0.012053788 141 20 390 325
dog-basset_hound 0.012007356 224 288 314 328
dog-newfoundland 0.009412587 4 128 66 237
dog-japanese_chin 0.00912565 26 62 44 95
dog-leonberger 0.0087043345 149 13 385 315
dog-japanese_chin 0.008062005 20 61 38 95
dog-leonberger 0.007725537 0 125 56 204
cat-British_Shorthair 0.0076362193 148 22 390 302
cat-Egyptian_Mau 0.007289082 472 200 500 259
dog-newfoundland 0.007011801 141 22 397 320
cat-Bombay 0.0065642595 129 0 214 18
bella 0.006171167 149 13 385 315
dog-basset_hound 0.006097555 467 189 496 257
dog-basset_hound 0.0059587955 0 42 382 290
dog-american_bulldog 0.005869478 149 13 385 315
dog-beagle 0.0058359504 0 11 398 316
dog-japanese_chin 0.005797416 0 255 202 329
dog-basset_hound 0.005774915 465 105 499 185
dog-staffordshire_bull_terrier 0.005680561 128 0 393 300
cat-Egyptian_Mau 0.0053640604 469 102 500 167
dog-leonberger 0.0053640604 4 128 66 237
cat-Egyptian_Mau 0.0048297346 472 215 500 278
dog-basset_hound 0.004807472 0 131 358 333
cat-Abyssinian 0.004538417 472 200 500 259
dog-wheaten_terrier 0.004518062 128 0 393 300
dog-german_shorthaired 0.00450328 0 280 16 315
cat-Bombay 0.0044694543 128 0 393 300
dog-saint_bernard 0.0043728054 0 11 398 316
dog-german_shorthaired 0.004345417 161 0 500 333
dog-english_setter 0.004297942 0 125 56 204
cat-Bengal 0.0042968392 0 11 398 316
cat-Sphynx 0.0042694807 0 42 382 290
dog-japanese_chin 0.004231602 33 64 50 94
dog-leonberger 0.0041662455 2 244 37 291
dog-english_setter 0.004070133 1 124 70 241
dog-boxer 0.0040228963 224 288 314 328
cat-Abyssinian 0.003976226 472 105 500 162
cat-Ragdoll 0.003961712 167 0 500 262
dog-basset_hound 0.003930092 467 197 499 282
dog-german_shorthaired 0.0038844645 172 24 370 212
dog-basset_hound 0.0038823783 0 19 369 333
cat-Egyptian_Mau 0.003819853 0 11 398 316
dog-english_cocker_spaniel 0.0037948191 163 30 364 130
cat-Bengal 0.0037800968 140 0 222 18
dog-newfoundland 0.0037800968 0 167 26 215
cat-Bombay 0.0037362278 103 0 218 23
dog-japanese_chin 0.003681004 128 0 393 300
dog-japanese_chin 0.0036642253 15 60 33 94
cat-Egyptian_Mau 0.0036499798 471 185 500 242
cat-Abyssinian 0.0035739243 161 0 500 333
dog-newfoundland 0.0035657287 0 145 60 251
dog-basset_hound 0.003558278 171 54 500 333
dog-boxer 0.0035500228 161 0 500 333
cat-Ragdoll 0.0034909248 117 32 400 333
cat-Egyptian_Mau 0.0034609437 167 0 500 262
cat-Bombay 0.0034564137 153 0 230 17
cat-Bengal 0.003446579 0 0 341 181
dog-basset_hound 0.0034295917 469 220 500 292
dog-newfoundland 0.0033897758 163 30 364 130
cat-Abyssinian 0.0033504367 472 215 500 278
dog-pug 0.0033504367 33 7 60 33
dog-beagle 0.0032858253 4 90 70 199
dog-yorkshire_terrier 0.0032730699 144 0 314 52
bella 0.0032603443 415 303 454 321
dog-basset_hound 0.0032476783 0 260 16 292
cat-Sphynx 0.0032428503 0 0 341 181
cat-Maine_Coon 0.003235042 151 0 251 20
dog-newfoundland 0.0032099485 0 158 32 223
dog-basset_hound 0.003148079 80 123 348 310
cat-Egyptian_Mau 0.0031358302 469 227 500 300
dog-miniature_pinscher 0.0030753613 280 6 500 120
cat-Bengal 0.0030634105 172 31 353 106
cat-Bombay 0.003014505 0 0 341 181
dog-german_shorthaired 0.0030043423 46 178 74 212
dog-havanese 0.0029816926 149 13 385 315
dog-leonberger 0.002981037 20 61 38 95
dog-beagle 0.0029053092 171 54 500 333
dog-basset_hound 0.0029008687 472 105 500 162
dog-yorkshire_terrier 0.002878338 129 0 267 39
dog-boxer 0.0028372705 0 11 398 316
dog-newfoundland 0.0027900338 0 124 41 192
dog-basset_hound 0.0027791858 226 266 319 327
