dog-beagle 0.9059898 122 42 306 218
dog-boxer 0.17441028 122 42 306 218
dog-german_shorthaired 0.11716747 121 42 307 220
dog-american_pit_bull_terrier 0.08122775 121 42 307 220
dog-basset_hound 0.072243005 121 42 307 220
cat-Sphynx 0.068288535 123 42 306 217
dog-staffordshire_bull_terrier 0.060863435 121 42 307 220
dog-miniature_pinscher 0.05654812 121 42 307 220
dog-american_bulldog 0.043284833 125 44 306 216
dog-saint_bernard 0.033085972 125 44 306 216
dog-english_setter 0.024145424 121 42 307 220
cat-Bengal 0.022542953 121 42 307 220
cat-Sphynx 0.019675463 0 16 318 211
cat-Bengal 0.01557377 0 16 318 211
dog-basset_hound 0.014206469 0 44 327 248
cat-Abyssinian 0.014172375 121 42 307 220
cat-Abyssinian 0.013795376 486 117 500 144
dog-beagle 0.013297617 0 16 318 211
cat-Siamese 0.013121277 292 0 444 34
dog-newfoundland 0.012527943 449 0 500 73
cat-Bombay 0.010570496 363 2 500 47
cat-Bombay 0.010091305 339 0 490 35
dog-miniature_pinscher 0.009807527 0 16 318 211
dog-beagle 0.009616077 99 0 351 222
cat-Siamese 0.00898543 339 0 490 35
cat-Birman 0.008577496 339 0 490 35
cat-Egyptian_Mau 0.008124709 122 42 306 218
cat-Abyssinian 0.007846236 487 109 500 136
dog-shiba_inu 0.007785648 121 42 307 220
cat-Russian_Blue 0.007616192 0 16 318 211
cat-Bombay 0.007547915 249 0 285 8
cat-Abyssinian 0.0073837936 0 16 318 211
bella 0.0072327554 121 42 307 220
cat-British_Shorthair 0.006942779 0 16 318 211
dog-american_bulldog 0.0067975223 159 191 243 218
dog-boxer 0.0066928566 268 0 413 35
cat-Bombay 0.0064882636 70 1 110 8
cat-Egyptian_Mau 0.00646472 99 0 351 222
cat-Siamese 0.0064381063 291 2 457 46
cat-Siamese 0.0064131618 12 0 161 35
dog-chihuahua 0.0064131618 486 89 500 114
cat-Bombay 0.006265521 201 1 244 8
dog-pomeranian 0.006192982 159 191 243 218
cat-Siamese 0.0058653355 321 0 500 54
dog-american_bulldog 0.005810082 0 16 318 211
cat-Bombay 0.005797416 233 1 276 9
cat-Bombay 0.005797416 240 0 282 11
cat-Bombay 0.0057525337 214 1 256 8
cat-Bombay 0.0057302415 139 1 181 8
dog-pug 0.0057302415 363 2 500 47
cat-Siamese 0.0056419075 265 4 415 49
dog-boxer 0.005598247 312 38 365 59
dog-pug 0.0055119395 339 0 490 35
dog-american_pit_bull_terrier 0.005468309 0 16 318 211
cat-Siamese 0.005440086 0 44 327 248
dog-german_shorthaired 0.0052740574 0 16 318 211
dog-chihuahua 0.005260855 487 97 500 124
cat-Abyssinian 0.0052404404 486 125 500 154
cat-Bombay 0.0052404404 345 0 447 18
cat-Sphynx 0.0052404404 133 49 289 131
cat-Bombay 0.0051596165 57 1 98 8
dog-staffordshire_bull_terrier 0.005060345 363 2 500 47
dog-beagle 0.0050528347 123 28 421 233
cat-Bombay 0.005021155 158 1 201 8
cat-Bombay 0.004982263 188 1 233 8
dog-english_cocker_spaniel 0.0049054027 118 46 302 163
dog-beagle 0.004903257 138 5 500 229
cat-Egyptian_Mau 0.004888177 0 16 318 211
dog-boxer 0.0048674047 301 42 347 71
dog-chihuahua 0.0048203766 0 16 318 211
cat-Abyssinian 0.004779488 99 0 351 222
cat-Russian_Blue 0.0047183633 363 0 500 36
cat-Bombay 0.0046818256 411 2 497 27
dog-leonberger 0.004627526 170 213 222 259
cat-Bengal 0.0045561194 133 49 289 131
cat-Persian 0.004538417 312 0 369 12
cat-Siamese 0.004538417 243 0 378 37
dog-boxer 0.00452134 0 16 318 211
dog-boxer 0.004485786 323 37 381 56
dog-miniature_pinscher 0.0044683814 485 84 500 109
cat-Bombay 0.004416555 170 1 213 8
cat-Siamese 0.004416555 323 0 422 18
cat-Bombay 0.004399419 336 0 482 22
cat-Bombay 0.00432384 0 16 318 211
dog-shiba_inu 0.0043059886 0 16 318 211
cat-Birman 0.004297942 138 48 189 59
dog-boxer 0.004297942 301 38 350 62
cat-Sphynx 0.004179865 0 0 303 170
dog-boxer 0.0041377246 138 5 500 229
dog-yorkshire_terrier 0.0041339695 0 0 183 80
dog-shiba_inu 0.004038602 159 191 243 218
dog-boxer 0.0040228963 289 3 388 35
cat-Bombay 0.003976226 189 1 245 11
dog-leonberger 0.0039714277 0 16 318 211
cat-Bombay 0.0039607882 261 0 300 8
dog-boxer 0.0039454103 312 42 362 67
cat-Bombay 0.003930092 98 1 150 11
dog-leonberger 0.003930092 467 118 499 209
cat-Bombay 0.003914833 368 0 471 19
bella 0.003914833 0 176 26 228
