dog-beagle 0.9390248 94 9 313 194
dog-basset_hound 0.3276683 93 8 313 193
dog-english_setter 0.24871662 96 7 314 192
dog-saint_bernard 0.18184364 96 7 314 192
dog-boxer 0.082401514 96 7 314 192
dog-american_bulldog 0.078500986 96 7 314 192
dog-american_pit_bull_terrier 0.074097276 96 7 314 192
dog-german_shorthaired 0.06656918 96 7 314 192
bella 0.046551287 96 7 314 192
cat-Sphynx 0.038509697 0 1 327 198
cat-Bengal 0.026857674 0 1 327 198
cat-Egyptian_Mau 0.022977382 96 7 314 192
cat-Russian_Blue 0.015165716 0 1 327 198
dog-miniature_pinscher 0.0148920715 0 1 327 198
cat-Russian_Blue 0.014615655 484 183 500 217
dog-english_cocker_spaniel 0.014503568 96 7 314 192
dog-staffordshire_bull_terrier 0.013376594 96 7 314 192
cat-British_Shorthair 0.012536913 0 1 327 198
dog-shiba_inu 0.012347698 0 1 327 198
cat-Abyssinian 0.011998147 0 1 327 198
dog-staffordshire_bull_terrier 0.011915028 215 10 252 25
dog-leonberger 0.0114457905 0 1 327 198
cat-Maine_Coon 0.009693772 0 1 327 198
cat-Abyssinian 0.009596467 484 0 499 26
dog-beagle 0.009348869 0 0 314 164
cat-Persian 0.008283615 96 7 314 192
dog-boxer 0.007999748 483 183 500 221
dog-japanese_chin 0.0073458254 359 94 428 117
dog-keeshond 0.0072844625 0 1 327 198
dog-boxer 0.007011801 486 197 500 228
cat-Siamese 0.0069576204 484 2 499 28
dog-wheaten_terrier 0.0068458617 0 1 327 198
dog-staffordshire_bull_terrier 0.006771207 212 13 257 29
dog-shiba_inu 0.0066411197 359 0 461 34
dog-boxer 0.0066154003 386 91 421 100
dog-great_pyrenees 0.0065973103 0 1 327 198
cat-Russian_Blue 0.0064882636 485 192 500 223
dog-boxer 0.0064631402 483 1 499 30
cat-Egyptian_Mau 0.0064131618 474 209 500 271
dog-staffordshire_bull_terrier 0.006241262 485 192 500 223
cat-Ragdoll 0.0062170923 96 7 314 192
dog-staffordshire_bull_terrier 0.0061689913 484 166 500 204
cat-Birman 0.00614509 103 0 322 189
cat-Bengal 0.0059803426 114 11 280 65
dog-staffordshire_bull_terrier 0.0059340596 386 91 421 100
bella 0.0059340596 474 216 500 278
dog-basset_hound 0.0057457387 0 28 328 244
dog-american_bulldog 0.0055994987 0 0 314 164
dog-boxer 0.005576551 486 206 500 237
cat-Egyptian_Mau 0.005575776 0 0 314 164
cat-Egyptian_Mau 0.0054269433 484 179 500 215
cat-Bengal 0.0053391755 0 0 314 164
cat-Bombay 0.0053018928 322 95 357 103
dog-american_pit_bull_terrier 0.005260855 336 0 483 35
dog-havanese 0.0052404404 103 0 322 189
dog-scottish_terrier 0.0052404404 114 11 280 65
dog-leonberger 0.005220115 424 12 494 101
dog-basset_hound 0.005104035 1 41 320 333
bella 0.0050800443 475 174 500 235
cat-Egyptian_Mau 0.005060345 114 11 280 65
dog-basset_hound 0.005040705 483 179 500 219
cat-Abyssinian 0.0050183535 88 6 405 201
cat-Egyptian_Mau 0.0049436986 485 0 499 24
dog-american_bulldog 0.0049436986 372 0 494 36
cat-Egyptian_Mau 0.004924506 0 159 29 226
cat-Maine_Coon 0.0049054027 343 0 463 33
dog-newfoundland 0.0048747063 0 1 327 198
cat-Siamese 0.004865885 0 1 327 198
bella 0.00484854 474 201 500 262
cat-Sphynx 0.004776776 0 0 314 164
dog-beagle 0.0047765076 0 0 300 208
dog-boxer 0.0047183633 9 0 114 40
cat-Maine_Coon 0.004627526 378 0 476 37
dog-german_shorthaired 0.0045849383 0 0 314 164
cat-Siamese 0.00450328 314 94 371 118
dog-newfoundland 0.004416555 101 15 293 117
dog-boxer 0.0043128133 108 0 500 218
dog-samoyed 0.004266113 0 1 327 198
cat-British_Shorthair 0.0041835606 0 0 314 164
dog-chihuahua 0.0041670203 0 1 327 198
dog-american_pit_bull_terrier 0.0041662455 453 137 500 236
dog-japanese_chin 0.0041662455 375 97 432 121
dog-staffordshire_bull_terrier 0.0041662455 486 211 500 240
cat-Sphynx 0.004165292 88 6 405 201
dog-miniature_pinscher 0.0041313767 0 0 314 164
dog-japanese_chin 0.004122317 0 1 327 198
dog-shiba_inu 0.004101932 474 216 500 278
cat-Egyptian_Mau 0.004070133 475 192 500 253
cat-Russian_Blue 0.004070133 0 289 114 333
cat-Russian_Blue 0.004047811 0 0 314 164
cat-Abyssinian 0.00400728 486 15 500 43
cat-Bombay 0.003914833 485 192 500 223
cat-Maine_Coon 0.003914833 474 209 500 271
dog-pug 0.0038419962 0 1 327 198
cat-Birman 0.0038394034 0 286 113 333
dog-miniature_pinscher 0.0038244724 279 0 317 9
dog-leonberger 0.0037948191 0 121 30 189
dog-staffordshire_bull_terrier 0.0037948191 202 10 240 24
dog-japanese_chin 0.0037800968 346 97 415 121
dog-basset_hound 0.0037654042 484 192 499 231
