dog-beagle 0.938124 24 217 234 391
dog-beagle 0.17313164 14 136 290 409
dog-american_bulldog 0.13364118 24 217 234 391
dog-saint_bernard 0.09551805 24 217 234 391
cat-Egyptian_Mau 0.05079946 24 217 234 391
dog-basset_hound 0.04209739 14 136 290 409
dog-saint_bernard 0.038358808 14 136 290 409
cat-Sphynx 0.035144836 24 217 234 391
dog-basset_hound 0.034164816 24 217 234 391
cat-Abyssinian 0.03346294 26 218 231 398
bella 0.030157417 24 217 234 391
dog-german_shorthaired 0.028652668 24 217 234 391
cat-Abyssinian 0.025642514 14 136 290 409
dog-english_setter 0.022286177 24 217 234 391
dog-boxer 0.020293474 24 217 234 391
cat-Sphynx 0.01966238 0 119 228 397
dog-american_pit_bull_terrier 0.019419342 24 217 234 391
dog-american_bulldog 0.018093586 0 119 228 397
cat-Bengal 0.017176718 26 218 231 398
cat-Egyptian_Mau 0.015299529 14 136 290 409
dog-boxer 0.015171856 0 119 228 397
cat-Ragdoll 0.013222814 22 184 233 394
dog-beagle 0.012771875 30 213 145 389
dog-shiba_inu 0.012771875 24 217 234 391
dog-staffordshire_bull_terrier 0.012431651 24 217 234 391
dog-basset_hound 0.011925787 0 165 228 440
dog-basset_hound 0.011072159 2 138 20 224
cat-Bengal 0.010991603 0 119 228 397
dog-basset_hound 0.010529697 310 233 332 358
bella 0.010320723 14 136 290 409
cat-Bombay 0.010248601 54 0 156 39
cat-Bombay 0.009821802 102 0 206 38
dog-english_setter 0.009619802 14 136 290 409
dog-american_pit_bull_terrier 0.009585857 14 136 290 409
dog-leonberger 0.008610755 0 310 21 407
dog-leonberger 0.008299142 0 0 214 407
cat-Ragdoll 0.0077483356 14 136 290 409
dog-saint_bernard 0.0077329874 0 0 214 407
cat-Siamese 0.0074317753 234 111 257 172
dog-shiba_inu 0.007298082 14 136 290 409
cat-Bombay 0.007289082 134 0 236 39
cat-Bombay 0.007176876 23 0 121 40
dog-american_bulldog 0.007121414 239 107 275 135
dog-basset_hound 0.0067667365 17 82 333 433
dog-japanese_chin 0.006758541 0 0 257 434
dog-samoyed 0.0066928566 19 96 236 401
cat-Siamese 0.0066411197 239 107 275 135
dog-miniature_pinscher 0.0065897703 244 1 333 66
cat-Bombay 0.006538838 277 2 333 44
dog-beagle 0.0064490438 0 165 228 440
dog-saint_bernard 0.006433755 0 0 257 434
cat-Russian_Blue 0.0064287484 0 119 228 397
dog-samoyed 0.0064131618 26 218 231 398
dog-german_shorthaired 0.0063344836 14 136 290 409
cat-Ragdoll 0.006326288 0 0 214 407
dog-miniature_pinscher 0.0058425963 0 2 95 78
dog-leonberger 0.0057080686 0 119 228 397
dog-chihuahua 0.0055962503 14 136 290 409
dog-havanese 0.005557716 0 0 257 434
dog-beagle 0.005420476 17 82 333 433
cat-British_Shorthair 0.005418271 0 119 228 397
cat-Sphynx 0.0051798224 28 101 333 409
cat-Bombay 0.0051196814 244 1 333 66
dog-staffordshire_bull_terrier 0.0051160455 0 119 228 397
dog-great_pyrenees 0.005042523 0 0 257 434
cat-British_Shorthair 0.0049772263 0 0 214 407
dog-basset_hound 0.0049436986 303 253 331 372
cat-Abyssinian 0.004924506 315 221 333 305
dog-english_cocker_spaniel 0.004924506 24 217 234 391
cat-Egyptian_Mau 0.0049054027 0 1 49 31
cat-Bombay 0.0048297346 228 0 323 53
dog-english_setter 0.004794836 0 0 214 407
dog-shiba_inu 0.004792303 239 107 275 135
cat-Egyptian_Mau 0.0047317445 0 0 214 407
dog-leonberger 0.0047267973 0 0 257 434
cat-Bengal 0.0047183633 0 1 49 31
dog-japanese_chin 0.004702568 0 0 214 407
dog-beagle 0.0047000647 23 169 90 360
dog-pomeranian 0.004680574 14 136 290 409
cat-Abyssinian 0.004627526 232 207 333 488
cat-Bombay 0.0045916736 84 0 176 37
dog-basset_hound 0.004573852 27 193 142 385
dog-chihuahua 0.0043946505 17 82 333 433
cat-Abyssinian 0.004365325 23 169 90 360
cat-Maine_Coon 0.0042651594 0 0 214 407
dog-american_bulldog 0.004215151 105 313 182 383
cat-Ragdoll 0.0041339695 233 107 268 136
cat-Abyssinian 0.004117906 239 107 275 135
cat-Ragdoll 0.004117906 234 111 257 172
cat-Egyptian_Mau 0.0040908754 0 165 228 440
cat-Bombay 0.00400728 248 1 330 40
dog-miniature_pinscher 0.0040003657 0 119 228 397
cat-Egyptian_Mau 0.003930092 0 133 20 228
cat-Ragdoll 0.0039227307 0 0 257 434
cat-Bombay 0.0038714707 0 0 214 407
dog-english_cocker_spaniel 0.0038274825 14 136 290 409
dog-beagle 0.003750801 28 266 84 375
dog-beagle 0.003721714 239 107 275 135
cat-Ragdoll 0.00370726 237 110 265 152
cat-Maine_Coon 0.0036928654 24 217 234 391
