cat-Bengal 0.1194396 20 51 151 179
dog-wheaten_terrier 0.034481168 25 56 176 177
dog-english_cocker_spaniel 0.02516386 25 56 176 177
cat-Egyptian_Mau 0.020215958 0 80 12 114
cat-Maine_Coon 0.016132861 25 56 176 177
cat-Bengal 0.015365332 46 77 103 169
dog-wheaten_terrier 0.012821227 46 73 68 82
cat-Bengal 0.012103051 0 29 131 170
dog-wheaten_terrier 0.011777848 45 68 70 78
dog-newfoundland 0.011642218 44 8 170 89
dog-basset_hound 0.010119408 25 56 176 177
cat-Bombay 0.00912565 86 0 138 13
cat-Birman 0.008544326 52 0 83 9
cat-Bombay 0.008478403 67 0 102 10
cat-Siamese 0.008445621 61 0 102 13
cat-Egyptian_Mau 0.008412987 0 72 12 105
dog-english_cocker_spaniel 0.008286059 0 46 156 179
cat-Bombay 0.00815624 176 0 200 17
dog-wheaten_terrier 0.007971168 0 59 143 178
cat-Siamese 0.007968813 63 0 96 9
dog-leonberger 0.007937998 53 19 70 31
dog-english_cocker_spaniel 0.007876694 33 47 118 168
cat-Birman 0.007606685 63 0 96 9
dog-yorkshire_terrier 0.007547915 29 0 161 72
cat-Bombay 0.007289082 68 0 115 13
bella 0.007260859 186 22 199 57
dog-english_cocker_spaniel 0.0070722997 29 9 180 160
bella 0.0070390403 188 26 200 55
dog-havanese 0.007011801 44 8 170 89
cat-Russian_Blue 0.006718874 86 0 138 13
dog-havanese 0.0064631402 103 34 161 60
dog-newfoundland 0.006314367 85 38 128 64
dog-newfoundland 0.006241262 140 72 154 90
cat-Ragdoll 0.006192982 169 124 200 176
dog-newfoundland 0.0059340596 38 29 103 136
dog-scottish_terrier 0.0059022307 0 59 143 178
cat-Siamese 0.005708039 52 0 83 9
cat-Birman 0.0056858957 61 0 102 13
cat-Egyptian_Mau 0.0056858957 49 72 71 81
dog-boxer 0.0056638718 15 65 40 76
cat-Bengal 0.0056419075 37 59 125 173
dog-newfoundland 0.005576551 95 38 142 62
dog-yorkshire_terrier 0.0055119395 6 0 141 54
dog-chihuahua 0.0053640604 4 0 61 22
cat-Egyptian_Mau 0.0053018928 0 86 11 118
dog-basset_hound 0.0052472353 0 59 143 178
dog-german_shorthaired 0.005220115 38 29 103 136
dog-havanese 0.005220115 107 43 155 66
dog-havanese 0.0051998794 56 0 192 69
cat-British_Shorthair 0.0051797032 67 0 102 10
dog-wheaten_terrier 0.005060345 67 0 85 4
cat-British_Shorthair 0.005045384 0 59 143 178
cat-Siamese 0.005021155 5 0 61 19
cat-Bombay 0.0049054027 79 0 119 10
bella 0.004792303 188 54 198 99
dog-wheaten_terrier 0.004773736 56 14 163 77
dog-yorkshire_terrier 0.0047000647 42 0 183 55
cat-Egyptian_Mau 0.004645556 0 52 12 88
cat-Bengal 0.0046392977 0 0 146 171
dog-keeshond 0.004609585 101 149 147 177
cat-Bombay 0.004573852 89 0 128 10
dog-american_pit_bull_terrier 0.0045208335 0 1 69 116
dog-english_cocker_spaniel 0.0045080185 0 25 118 176
dog-yorkshire_terrier 0.0044683814 38 29 103 136
dog-havanese 0.004433751 29 25 115 158
dog-wheaten_terrier 0.0044279695 0 0 146 171
dog-havanese 0.004399419 70 0 185 48
cat-Bombay 0.0043483675 64 0 80 4
cat-Bengal 0.004339576 0 83 135 179
dog-american_pit_bull_terrier 0.0042480826 177 23 200 80
dog-yorkshire_terrier 0.004231602 45 0 106 18
dog-yorkshire_terrier 0.004215151 0 0 99 43
dog-english_cocker_spaniel 0.0042053163 0 0 146 171
dog-basset_hound 0.0041987896 141 112 165 127
dog-yorkshire_terrier 0.0041987896 101 0 168 18
cat-British_Shorthair 0.0041339695 75 0 113 10
cat-Egyptian_Mau 0.0041339695 0 64 12 97
cat-Russian_Blue 0.004101932 68 0 115 13
cat-Abyssinian 0.004085988 63 0 96 9
cat-Bombay 0.004085988 102 0 139 10
dog-english_cocker_spaniel 0.004038602 44 8 170 89
dog-pomeranian 0.0040228963 33 0 93 18
cat-Maine_Coon 0.003980756 0 59 143 178
cat-British_Shorthair 0.003944248 25 56 176 177
dog-havanese 0.0039009154 33 0 169 143
dog-chihuahua 0.0038844645 13 0 71 18
dog-scottish_terrier 0.003838718 25 56 176 177
dog-newfoundland 0.0037800968 73 21 93 31
dog-boxer 0.0037362278 24 65 42 77
dog-havanese 0.003721714 25 0 165 54
cat-Russian_Blue 0.00370726 67 0 102 10
dog-newfoundland 0.00370726 38 10 106 105
bella 0.00370726 0 80 12 114
cat-Abyssinian 0.0036928654 169 124 200 176
cat-Birman 0.0036928654 113 0 148 9
dog-miniature_pinscher 0.0036928654 151 5 200 94
cat-Siamese 0.0036642253 71 0 108 10
cat-Siamese 0.0036499798 1 0 51 24
dog-boxer 0.0036216974 17 69 40 81
cat-British_Shorthair 0.003538072 84 0 123 10
