cat-Egyptian_Mau 0.97728425 95 4 179 95
cat-Maine_Coon 0.17217183 95 5 178 95
cat-Abyssinian 0.12336564 95 4 179 95
cat-British_Shorthair 0.10176784 95 4 179 95
cat-Bengal 0.08269733 95 4 179 95
cat-Russian_Blue 0.04476431 96 5 178 96
cat-Ragdoll 0.040313423 96 5 180 97
dog-shiba_inu 0.03789243 97 4 184 95
dog-basset_hound 0.037750274 95 5 178 95
bella 0.028007507 95 5 178 95
dog-samoyed 0.022243679 97 4 184 95
dog-beagle 0.020100236 97 4 184 95
cat-Siamese 0.010902375 195 0 269 31
dog-leonberger 0.0094490945 168 9 178 29
cat-Siamese 0.009376228 10 0 87 31
dog-great_pyrenees 0.008511305 97 4 184 95
cat-Birman 0.008412987 97 4 184 95
dog-boxer 0.008283615 97 4 184 95
cat-Bombay 0.008030802 20 0 103 33
bella 0.007876694 256 56 271 115
cat-Egyptian_Mau 0.007547915 257 22 271 78
dog-american_bulldog 0.007547915 97 4 184 95
bella 0.007011801 256 71 271 131
cat-Abyssinian 0.0069576204 62 1 104 24
dog-chihuahua 0.006854266 98 0 271 141
cat-Siamese 0.006850481 173 2 266 41
cat-Bombay 0.006771207 19 3 112 45
cat-Siamese 0.006538838 62 1 104 24
cat-Egyptian_Mau 0.006513506 60 0 174 85
dog-saint_bernard 0.0064882636 97 4 184 95
dog-shiba_inu 0.0064882636 256 27 271 85
dog-boxer 0.0064381063 179 0 263 32
dog-american_pit_bull_terrier 0.0063708425 98 0 271 141
bella 0.006265521 256 125 271 185
dog-american_bulldog 0.0062393546 98 0 271 141
cat-Birman 0.00614509 10 0 87 31
cat-Maine_Coon 0.0060035884 2 237 39 300
bella 0.0059571564 256 41 271 100
dog-shiba_inu 0.0058862865 109 20 271 300
bella 0.0058425963 256 110 271 169
cat-Siamese 0.005797416 47 1 97 22
cat-Siamese 0.005708039 97 4 184 95
dog-american_pit_bull_terrier 0.0057035387 109 20 271 300
dog-pomeranian 0.0055647492 98 0 271 141
cat-Egyptian_Mau 0.0055549145 254 143 271 206
cat-Bombay 0.005533397 62 1 104 24
cat-Sphynx 0.0053018928 192 1 269 40
cat-Egyptian_Mau 0.005281329 256 103 271 161
cat-Maine_Coon 0.0051998794 256 27 271 85
dog-pomeranian 0.0051998794 97 4 184 95
cat-Bombay 0.0051596165 79 1 111 26
bella 0.005099833 49 198 77 248
cat-Abyssinian 0.005001664 79 1 111 26
cat-Egyptian_Mau 0.004982263 2 237 39 300
cat-Abyssinian 0.0049054027 254 178 271 225
cat-Birman 0.0049054027 62 1 104 24
dog-samoyed 0.0048953593 98 0 271 141
cat-Bombay 0.0048674047 37 2 129 52
dog-shiba_inu 0.00484854 256 103 271 161
dog-beagle 0.0048245788 98 0 271 141
dog-staffordshire_bull_terrier 0.004755199 97 4 184 95
dog-shiba_inu 0.0046765506 98 0 271 141
cat-Abyssinian 0.004609585 116 58 174 95
bella 0.004609585 1 211 15 268
dog-keeshond 0.0045561194 95 5 178 95
dog-wheaten_terrier 0.0045013726 98 0 271 141
cat-Bengal 0.004485786 195 147 271 300
cat-Bengal 0.0044683814 0 245 54 300
cat-Bombay 0.0044510365 262 189 271 213
dog-yorkshire_terrier 0.00444752 98 0 271 141
cat-Egyptian_Mau 0.004433751 256 87 271 146
cat-Siamese 0.004433751 19 3 112 45
dog-yorkshire_terrier 0.004416555 79 1 111 26
bella 0.004416555 256 27 271 85
dog-miniature_pinscher 0.0043287575 135 43 271 300
dog-staffordshire_bull_terrier 0.004256606 109 20 271 300
cat-Egyptian_Mau 0.0042480826 249 168 271 232
cat-Sphynx 0.0041987896 62 1 104 24
cat-Abyssinian 0.0041339695 195 0 269 31
cat-Bombay 0.0041339695 21 0 94 22
cat-Bombay 0.004101932 47 1 97 22
cat-Sphynx 0.004101932 97 4 184 95
cat-Ragdoll 0.004085988 79 1 111 26
dog-miniature_pinscher 0.004055947 98 0 271 141
dog-boxer 0.0040543377 168 3 209 23
dog-english_cocker_spaniel 0.004038602 95 5 178 95
cat-Sphynx 0.0040228963 179 0 263 32
dog-english_setter 0.003991723 49 198 77 248
dog-miniature_pinscher 0.0039892197 100 0 271 206
dog-shiba_inu 0.003976226 256 41 271 100
cat-Bombay 0.0039607882 228 216 271 300
cat-Bombay 0.003930092 195 147 271 300
bella 0.003899634 256 87 271 146
dog-american_bulldog 0.003894776 108 0 271 225
cat-Bengal 0.0038844645 100 3 144 32
cat-Ragdoll 0.0038844645 62 1 104 24
dog-american_pit_bull_terrier 0.0038716197 100 0 271 206
dog-keeshond 0.0038693845 195 147 271 300
dog-samoyed 0.0038511157 109 20 271 300
cat-Siamese 0.0038394034 164 0 252 35
