cat-Bengal 0.94966936 17 33 143 151
dog-basset_hound 0.26971012 17 32 144 153
cat-Abyssinian 0.26435834 17 32 144 153
dog-miniature_pinscher 0.15687835 15 28 138 155
cat-Bombay 0.141756 17 32 144 153
cat-Egyptian_Mau 0.10762492 17 32 144 153
dog-english_cocker_spaniel 0.103205055 17 32 144 153
cat-Russian_Blue 0.092523634 17 32 144 153
dog-chihuahua 0.08509904 15 28 138 155
cat-Maine_Coon 0.08035746 15 28 138 155
dog-scottish_terrier 0.063019454 15 28 138 155
dog-shiba_inu 0.05986643 15 28 138 155
dog-wheaten_terrier 0.053107917 17 32 144 153
dog-english_setter 0.050144255 15 28 138 155
dog-american_pit_bull_terrier 0.03882903 15 28 138 155
dog-beagle 0.036220074 15 28 138 155
cat-Sphynx 0.029760092 15 28 138 155
dog-american_pit_bull_terrier 0.028707087 332 0 500 146
cat-British_Shorthair 0.028436035 17 32 144 153
dog-german_shorthaired 0.024798155 14 30 137 152
bella 0.017375678 466 90 497 133
cat-Bombay 0.015906394 206 0 355 17
dog-yorkshire_terrier 0.015603542 13 27 135 156
cat-Bombay 0.014227033 328 0 484 18
dog-keeshond 0.013532162 15 28 138 155
cat-Russian_Blue 0.012920469 207 0 342 18
bella 0.012053788 472 86 500 125
cat-Egyptian_Mau 0.011642218 0 13 136 145
cat-Bombay 0.011288077 237 0 397 17
dog-american_pit_bull_terrier 0.011288077 84 0 231 25
cat-Egyptian_Mau 0.010868192 18 47 460 180
dog-basset_hound 0.009196967 18 47 460 180
cat-Bombay 0.009161025 276 0 437 17
dog-english_cocker_spaniel 0.009020269 0 13 136 145
dog-shiba_inu 0.008644164 56 0 185 29
dog-samoyed 0.008577496 142 0 302 31
cat-British_Shorthair 0.008348048 254 67 288 74
dog-havanese 0.0080932975 258 65 353 103
cat-Maine_Coon 0.007317394 56 0 185 29
dog-english_cocker_spaniel 0.0072327554 467 48 498 105
dog-yorkshire_terrier 0.006823957 258 65 353 103
cat-Egyptian_Mau 0.006718874 463 119 493 153
cat-Bengal 0.0067183375 0 0 205 146
cat-Abyssinian 0.0066928566 0 13 136 145
dog-american_pit_bull_terrier 0.0066928566 78 2 230 34
dog-american_pit_bull_terrier 0.0065642595 368 33 500 160
dog-scottish_terrier 0.006444663 0 0 205 146
cat-British_Shorthair 0.0064436793 18 47 460 180
cat-Bengal 0.006318152 18 47 460 180
dog-american_pit_bull_terrier 0.006265521 37 0 190 25
cat-Bengal 0.0062170923 0 0 143 132
dog-basset_hound 0.0062170923 0 13 136 145
dog-wheaten_terrier 0.006192982 0 13 136 145
cat-Bengal 0.00614509 0 20 122 137
dog-staffordshire_bull_terrier 0.006050408 15 28 138 155
dog-leonberger 0.0060035884 15 28 138 155
dog-great_pyrenees 0.0059803426 143 0 292 24
cat-Bengal 0.0058425963 11 77 146 151
dog-samoyed 0.0058425963 112 1 260 32
bella 0.0058425963 377 74 411 105
dog-great_pyrenees 0.0057302415 112 1 260 32
dog-boxer 0.005708039 254 67 288 74
dog-leonberger 0.005598247 165 0 323 24
dog-miniature_pinscher 0.005598247 0 0 143 132
cat-Egyptian_Mau 0.005533397 466 90 497 133
cat-Bombay 0.0055119395 0 13 136 145
cat-British_Shorthair 0.0054692626 262 67 294 74
cat-Bengal 0.005405903 29 100 138 149
dog-samoyed 0.005405903 165 0 323 24
dog-shiba_inu 0.005405903 212 0 314 19
cat-Bombay 0.005384952 412 1 496 19
cat-Bengal 0.0053640604 27 45 245 167
dog-american_pit_bull_terrier 0.005281329 112 1 260 32
dog-great_pyrenees 0.005260855 84 0 231 25
dog-american_pit_bull_terrier 0.0052478313 56 13 500 152
cat-Bengal 0.005138576 0 3 197 163
cat-Egyptian_Mau 0.0051233172 0 42 281 230
cat-British_Shorthair 0.0050800443 0 13 136 145
cat-Siamese 0.005021155 13 27 135 156
cat-British_Shorthair 0.0048674047 207 0 342 18
dog-yorkshire_terrier 0.0048674047 255 53 356 90
dog-miniature_pinscher 0.0048416555 0 0 205 146
dog-havanese 0.0048297346 261 70 351 120
cat-Bengal 0.004802555 0 42 281 230
dog-chihuahua 0.004755199 444 121 500 178
dog-american_bulldog 0.004645556 261 62 321 76
dog-basset_hound 0.004645556 469 67 500 124
bella 0.004573852 212 0 299 19
cat-Persian 0.004538417 13 27 135 156
dog-saint_bernard 0.004538417 208 67 258 88
cat-Siamese 0.0045208335 444 121 500 178
dog-newfoundland 0.0045208335 235 66 290 83
dog-miniature_pinscher 0.004416555 31 29 130 112
dog-beagle 0.0044157505 56 13 500 152
cat-Russian_Blue 0.004399419 0 13 136 145
dog-havanese 0.004399419 255 53 356 90
dog-newfoundland 0.004382342 15 28 138 155
dog-boxer 0.004314691 479 129 499 158
dog-miniature_pinscher 0.004314691 485 164 500 184
cat-Abyssinian 0.004297942 427 115 494 175
