cat-Bengal 0.1786691 82 102 179 214
dog-miniature_pinscher 0.07864237 87 105 130 167
cat-Bengal 0.060433537 86 81 461 256
dog-miniature_pinscher 0.024007738 83 103 172 209
dog-german_shorthaired 0.020023435 83 103 172 209
cat-Bengal 0.017986208 85 106 152 187
dog-miniature_pinscher 0.017986208 85 106 152 187
dog-american_pit_bull_terrier 0.017110884 369 26 500 216
cat-Bengal 0.013532162 36 108 182 248
cat-Bombay 0.012920469 85 106 152 187
cat-Bombay 0.011201203 89 107 123 144
cat-Bengal 0.01066044 40 93 367 255
dog-wheaten_terrier 0.010091305 268 9 470 65
cat-Bengal 0.009632856 0 70 254 256
cat-Bengal 0.009268016 87 113 129 181
dog-american_bulldog 0.009232223 369 26 500 216
dog-basset_hound 0.009090394 83 103 172 209
cat-Sphynx 0.00898543 87 105 130 167
dog-yorkshire_terrier 0.008813173 105 136 495 256
dog-boxer 0.008380443 172 103 213 127
dog-miniature_pinscher 0.0080932975 486 45 500 67
dog-scottish_terrier 0.007131517 77 88 464 256
dog-boxer 0.006984651 45 1 478 133
dog-german_shorthaired 0.006823957 85 106 152 187
cat-Bombay 0.006623745 77 88 464 256
dog-german_shorthaired 0.006538838 87 105 130 167
cat-Egyptian_Mau 0.006513506 92 109 154 130
cat-Bengal 0.0064631402 410 0 447 6
cat-Egyptian_Mau 0.0061689913 396 0 433 7
dog-chihuahua 0.0061689913 486 42 500 63
dog-saint_bernard 0.0060269535 170 103 215 124
cat-Bombay 0.0059571564 57 105 178 240
dog-boxer 0.005911082 90 111 143 127
dog-miniature_pinscher 0.005911082 486 51 500 73
dog-basset_hound 0.0058425963 87 113 129 181
dog-miniature_pinscher 0.0058199465 86 112 116 172
dog-boxer 0.005797416 179 103 229 124
cat-Bengal 0.0057525337 0 101 178 251
cat-Maine_Coon 0.0056200325 150 146 498 256
cat-Bombay 0.005448073 87 105 121 163
dog-staffordshire_bull_terrier 0.005448073 213 5 484 76
dog-english_cocker_spaniel 0.005384952 81 105 187 221
dog-chihuahua 0.0053432584 87 105 130 167
dog-shiba_inu 0.0053018928 249 0 486 41
cat-Egyptian_Mau 0.005281329 467 162 500 218
cat-Bengal 0.005220115 92 109 154 130
dog-american_pit_bull_terrier 0.0051998794 358 0 500 146
cat-Abyssinian 0.0051797032 89 107 123 144
dog-boxer 0.005099833 175 109 213 146
dog-miniature_pinscher 0.005097151 114 104 500 256
dog-leonberger 0.005040705 0 154 32 205
dog-miniature_pinscher 0.005021155 486 57 500 80
dog-saint_bernard 0.00484854 217 102 265 124
dog-chihuahua 0.004792303 486 48 500 70
dog-leonberger 0.004792303 369 26 500 216
dog-pug 0.004663646 71 65 148 124
dog-saint_bernard 0.004663646 162 106 198 115
cat-Egyptian_Mau 0.004627526 410 0 447 6
dog-pug 0.004609585 45 1 478 133
cat-Russian_Blue 0.004573852 76 0 210 23
dog-shiba_inu 0.00450328 40 0 490 98
dog-english_cocker_spaniel 0.004485786 85 106 152 187
dog-american_pit_bull_terrier 0.004433751 387 20 500 169
dog-miniature_pinscher 0.004433751 486 38 500 59
cat-Bengal 0.004416555 347 135 500 249
dog-american_pit_bull_terrier 0.004365325 356 0 500 71
cat-Bombay 0.004314691 83 103 172 209
dog-yorkshire_terrier 0.004297942 336 0 500 59
cat-Abyssinian 0.0041987896 36 108 182 248
dog-beagle 0.0041987896 404 0 440 6
cat-Abyssinian 0.0041662455 486 42 500 63
cat-Bengal 0.0041339695 150 146 498 256
dog-shiba_inu 0.004117906 318 5 468 42
cat-Bengal 0.004101932 396 0 433 7
cat-Russian_Blue 0.004101932 147 0 295 21
dog-american_bulldog 0.00400728 164 104 204 123
dog-samoyed 0.003985554 156 0 500 140
dog-basset_hound 0.003930092 85 106 152 187
dog-staffordshire_bull_terrier 0.003914833 87 105 130 167
dog-american_pit_bull_terrier 0.0038543642 162 94 200 117
cat-Abyssinian 0.0038244724 87 105 130 167
dog-saint_bernard 0.0038244724 179 103 229 124
dog-samoyed 0.0037654042 277 5 475 51
dog-saint_bernard 0.0036928654 224 103 279 121
dog-staffordshire_bull_terrier 0.0036928654 45 1 478 133
cat-Egyptian_Mau 0.0036785007 0 85 29 140
cat-Egyptian_Mau 0.0036642253 0 154 32 205
dog-chihuahua 0.0036499798 486 54 500 76
dog-miniature_pinscher 0.0035935938 92 109 154 130
dog-basset_hound 0.003584087 43 3 484 256
cat-Egyptian_Mau 0.0035796463 0 116 29 168
dog-pug 0.0035657287 76 83 147 141
cat-Abyssinian 0.0035518706 486 51 500 73
dog-miniature_pinscher 0.0035518706 410 0 447 6
cat-Bengal 0.003538072 345 169 433 209
dog-american_bulldog 0.003538072 251 22 494 226
dog-pug 0.003510654 54 44 159 116
dog-english_cocker_spaniel 0.003502071 77 32 500 253
dog-staffordshire_bull_terrier 0.0034640431 43 3 484 256
cat-Egyptian_Mau 0.0034564137 0 53 29 99
