cat-Bengal 0.9111797 77 6 239 204
cat-Egyptian_Mau 0.33372033 77 6 239 204
cat-Maine_Coon 0.27396268 78 8 240 206
dog-basset_hound 0.17530185 75 3 238 203
cat-Abyssinian 0.16291204 76 8 241 205
dog-miniature_pinscher 0.060799778 75 3 238 203
dog-english_cocker_spaniel 0.05840081 75 3 238 203
dog-wheaten_terrier 0.038962543 75 3 238 203
dog-beagle 0.038901985 80 7 240 200
dog-shiba_inu 0.037256777 78 8 240 206
cat-British_Shorthair 0.02645576 76 8 241 205
dog-english_setter 0.02615562 80 7 240 200
cat-Bengal 0.021680385 0 7 238 213
dog-basset_hound 0.016850084 0 144 24 214
cat-Maine_Coon 0.016785502 0 0 30 8
cat-Bombay 0.015784562 150 0 232 17
cat-Siamese 0.014672041 55 0 113 15
dog-yorkshire_terrier 0.014392346 0 0 30 8
cat-Russian_Blue 0.014050275 75 3 238 203
dog-samoyed 0.013325155 0 0 35 8
dog-scottish_terrier 0.012176931 75 3 238 203
cat-Egyptian_Mau 0.0118691325 0 132 41 224
cat-Bombay 0.011823386 211 0 287 15
dog-yorkshire_terrier 0.011508137 2 53 18 89
dog-keeshond 0.011288077 1 0 35 9
dog-leonberger 0.010818452 234 118 251 146
cat-Bengal 0.010631144 90 0 300 225
cat-Bombay 0.00963366 132 0 211 16
dog-leonberger 0.009303957 0 0 35 8
cat-Bengal 0.009268016 0 124 39 219
cat-Sphynx 0.00898543 104 0 152 16
cat-Siamese 0.00895071 47 0 105 21
dog-wheaten_terrier 0.00891614 0 0 35 8
cat-Bombay 0.0083601475 75 3 238 203
cat-Persian 0.008283615 1 0 35 9
dog-beagle 0.008062005 104 0 152 16
cat-Siamese 0.007937998 132 0 211 16
bella 0.0076246858 75 3 238 203
dog-american_pit_bull_terrier 0.0075772405 80 7 240 200
cat-Birman 0.0075187087 213 0 300 26
cat-Persian 0.007317394 76 8 241 205
cat-Egyptian_Mau 0.007289082 0 169 29 225
dog-leonberger 0.007260859 291 0 300 13
dog-basset_hound 0.007204771 0 132 41 224
cat-Bengal 0.007086158 0 0 200 184
cat-Abyssinian 0.007066399 51 0 116 16
dog-leonberger 0.0070390403 291 0 300 8
cat-Siamese 0.006930679 133 0 184 12
cat-Egyptian_Mau 0.006903827 0 151 25 220
cat-Russian_Blue 0.006903827 135 0 220 17
cat-Bombay 0.006850481 177 0 260 16
dog-chihuahua 0.0066411197 291 0 300 13
dog-english_cocker_spaniel 0.006050408 279 107 300 167
dog-yorkshire_terrier 0.0060269535 0 52 19 99
cat-Bengal 0.005911082 86 107 186 197
cat-Bombay 0.005911082 136 0 193 13
dog-shiba_inu 0.005911082 104 0 152 16
cat-Egyptian_Mau 0.005851388 6 0 228 202
cat-Siamese 0.0058199465 291 2 300 16
dog-basset_hound 0.005715519 96 22 300 195
bella 0.005708039 0 151 25 220
cat-Sphynx 0.0056781173 75 3 238 203
dog-basset_hound 0.005639851 6 0 228 202
dog-wheaten_terrier 0.005598247 0 0 24 7
cat-Sphynx 0.0055549145 120 0 163 16
dog-miniature_pinscher 0.005533397 123 0 150 6
dog-samoyed 0.0054813027 75 3 238 203
dog-english_cocker_spaniel 0.005448073 280 135 300 181
cat-Bombay 0.0054269433 219 0 275 12
cat-Egyptian_Mau 0.0054269433 0 143 21 200
dog-boxer 0.005281329 53 0 133 24
dog-miniature_pinscher 0.00524801 96 22 300 195
dog-basset_hound 0.0052404404 0 138 20 195
cat-Birman 0.005220115 132 0 211 16
dog-leonberger 0.005220115 233 125 252 152
dog-havanese 0.0051596165 0 0 35 8
dog-english_cocker_spaniel 0.0051451027 96 22 300 195
cat-Egyptian_Mau 0.005139619 284 30 300 74
cat-Siamese 0.004982263 156 0 249 23
cat-Bombay 0.0049054027 0 0 42 12
dog-shiba_inu 0.0048674047 120 0 163 16
cat-Bombay 0.004810989 1 0 62 17
dog-great_pyrenees 0.004773736 0 0 35 8
dog-miniature_pinscher 0.004609585 1 106 41 194
dog-english_cocker_spaniel 0.004583508 0 7 238 213
cat-Bombay 0.004573852 200 0 259 12
cat-Abyssinian 0.004538417 104 0 152 16
cat-Maine_Coon 0.004538417 6 0 43 8
cat-Siamese 0.0045208335 150 0 232 17
dog-chihuahua 0.00450328 80 7 240 200
dog-beagle 0.004416555 120 0 163 16
cat-Maine_Coon 0.004399419 81 86 174 193
cat-Russian_Blue 0.004365325 159 0 234 20
dog-english_setter 0.004365325 0 0 35 8
cat-Egyptian_Mau 0.0043489337 0 0 200 184
dog-yorkshire_terrier 0.004297942 55 0 93 9
dog-yorkshire_terrier 0.0042812526 3 0 41 10
cat-Maine_Coon 0.004281163 0 27 224 195
cat-Siamese 0.004264623 120 0 163 16
dog-english_setter 0.0042480826 234 118 251 146
