cat-Bengal 0.81989336 176 10 362 237
dog-miniature_pinscher 0.41774648 174 8 363 240
dog-scottish_terrier 0.1732882 172 10 363 238
cat-Russian_Blue 0.07807815 172 9 360 243
cat-Bombay 0.06804043 178 12 359 239
dog-shiba_inu 0.06644794 168 13 364 244
cat-Sphynx 0.06524658 174 8 363 240
dog-german_shorthaired 0.052037835 176 10 362 237
cat-Abyssinian 0.042802155 168 13 364 244
dog-staffordshire_bull_terrier 0.035144836 168 13 364 244
dog-chihuahua 0.03441745 182 0 500 245
dog-chihuahua 0.030100346 168 13 364 244
dog-miniature_pinscher 0.028816193 174 13 356 134
cat-Bengal 0.023563027 0 0 378 233
dog-miniature_pinscher 0.019498497 182 0 500 245
dog-shiba_inu 0.017879337 182 0 500 245
dog-staffordshire_bull_terrier 0.01724279 263 137 299 150
dog-basset_hound 0.016277462 183 141 214 196
cat-Bengal 0.01602915 174 13 356 134
dog-english_cocker_spaniel 0.015663654 178 12 359 239
dog-keeshond 0.01542455 168 13 364 244
cat-Siamese 0.013070792 3 0 171 58
dog-basset_hound 0.012970388 176 10 362 237
dog-scottish_terrier 0.011577994 182 0 500 245
cat-Maine_Coon 0.011463791 168 13 364 244
dog-chihuahua 0.010693759 0 0 176 63
dog-yorkshire_terrier 0.010448277 182 0 500 245
cat-Bengal 0.009927243 89 15 389 222
dog-american_pit_bull_terrier 0.009785742 182 0 500 245
cat-Maine_Coon 0.009094298 182 0 500 245
cat-Abyssinian 0.008847356 180 9 221 73
cat-Bengal 0.008554101 0 0 339 184
dog-newfoundland 0.00815624 168 13 364 244
cat-Egyptian_Mau 0.008062005 168 13 364 244
dog-scottish_terrier 0.0077507794 0 0 378 233
cat-British_Shorthair 0.0073366165 0 0 378 233
cat-Abyssinian 0.007260859 182 12 255 105
dog-miniature_pinscher 0.0072420537 0 0 378 233
cat-Sphynx 0.0072327554 133 3 200 31
cat-Siamese 0.007176876 263 137 299 150
dog-yorkshire_terrier 0.007121414 168 13 364 244
cat-Bombay 0.006744981 180 9 221 73
dog-staffordshire_bull_terrier 0.0066154003 267 142 299 153
cat-Bombay 0.0065642595 270 35 359 139
dog-samoyed 0.0065310597 182 0 500 245
dog-beagle 0.0064882636 168 13 364 244
cat-Abyssinian 0.006338924 133 3 200 31
dog-american_pit_bull_terrier 0.006338924 168 13 364 244
cat-Bombay 0.006241262 27 3 224 59
cat-Bengal 0.00614509 181 51 250 142
dog-english_setter 0.00614509 168 13 364 244
dog-miniature_pinscher 0.006050408 182 139 214 195
cat-Abyssinian 0.0059571564 179 7 238 90
cat-British_Shorthair 0.0059525073 0 0 339 184
dog-wheaten_terrier 0.0059151053 182 0 500 245
dog-basset_hound 0.0059048533 182 0 500 245
cat-Egyptian_Mau 0.0058425963 0 0 31 13
cat-Bengal 0.0058242977 182 0 500 245
dog-scottish_terrier 0.005708039 177 14 360 133
cat-Bombay 0.0056858957 133 3 200 31
cat-Bengal 0.0056200325 183 141 214 196
dog-leonberger 0.0055549145 466 172 497 253
dog-chihuahua 0.005520165 185 0 500 188
dog-yorkshire_terrier 0.0054908395 185 0 500 188
dog-keeshond 0.0054787397 182 0 500 245
cat-Ragdoll 0.0054692626 133 3 200 31
dog-yorkshire_terrier 0.005405903 0 0 237 93
dog-miniature_pinscher 0.0053432584 179 16 293 144
dog-leonberger 0.0053225458 168 13 364 244
dog-basset_hound 0.005228251 0 0 378 233
cat-Bombay 0.0051998794 51 1 171 26
dog-yorkshire_terrier 0.0051998794 27 3 224 59
dog-wheaten_terrier 0.005188793 0 0 378 233
cat-Egyptian_Mau 0.005179614 0 0 378 233
dog-english_cocker_spaniel 0.0051668286 0 0 378 233
dog-staffordshire_bull_terrier 0.0051196814 370 161 434 190
dog-staffordshire_bull_terrier 0.004773736 339 255 392 279
cat-Egyptian_Mau 0.004755199 0 0 78 23
dog-english_cocker_spaniel 0.0047543347 182 0 500 245
cat-Sphynx 0.0047037303 182 0 500 245
dog-scottish_terrier 0.004658699 185 0 500 188
dog-miniature_pinscher 0.004475981 185 0 500 188
dog-samoyed 0.0044696033 185 0 500 188
dog-american_pit_bull_terrier 0.004377991 168 60 500 371
cat-Bombay 0.004365325 23 0 193 45
dog-wheaten_terrier 0.0043154657 133 0 380 237
dog-english_setter 0.0042738914 182 0 500 245
cat-Bombay 0.004264623 101 2 191 29
cat-Siamese 0.004264623 133 3 200 31
dog-chihuahua 0.004264623 180 9 221 73
cat-Egyptian_Mau 0.004240483 0 0 339 184
dog-boxer 0.0041500926 263 137 299 150
cat-Birman 0.004038602 355 0 500 42
dog-pomeranian 0.003997177 182 0 500 245
dog-miniature_pinscher 0.0039660037 0 0 339 184
dog-shiba_inu 0.00394696 185 0 500 188
dog-american_pit_bull_terrier 0.003922254 185 0 500 188
dog-yorkshire_terrier 0.0039007068 168 60 500 371
dog-leonberger 0.0038844645 467 155 497 232
dog-staffordshire_bull_terrier 0.0038693845 341 247 396 269
