cat-Bengal 0.9780518 130 52 193 122
cat-Egyptian_Mau 0.315736 130 52 193 122
dog-american_pit_bull_terrier 0.12106091 0 43 183 137
cat-Abyssinian 0.069037914 130 52 193 122
dog-basset_hound 0.05910155 130 52 193 122
dog-boxer 0.046378195 0 47 175 146
dog-pug 0.03494668 0 43 183 137
cat-British_Shorthair 0.027848452 131 52 193 121
cat-Bombay 0.024987787 131 52 193 121
cat-Russian_Blue 0.02396202 130 52 193 121
dog-english_cocker_spaniel 0.02396202 131 52 193 121
cat-Maine_Coon 0.0204494 131 52 193 121
dog-miniature_pinscher 0.01897803 131 52 193 121
dog-american_bulldog 0.0173091 0 43 183 137
dog-german_shorthaired 0.015784562 0 43 183 137
dog-beagle 0.01554364 130 53 193 119
dog-wheaten_terrier 0.014281929 130 53 193 119
dog-american_bulldog 0.0136368275 58 137 81 159
dog-havanese 0.012722701 213 1 235 7
dog-beagle 0.0118691325 29 46 187 132
dog-american_pit_bull_terrier 0.00985986 207 0 300 50
dog-basset_hound 0.009596467 29 46 187 132
cat-British_Shorthair 0.009485722 29 46 187 132
cat-Bengal 0.008847356 96 0 161 17
bella 0.008847356 1 156 19 209
cat-Sphynx 0.008380443 135 53 192 109
cat-Egyptian_Mau 0.008315772 284 137 300 176
cat-Persian 0.008124709 130 53 193 119
dog-german_shorthaired 0.008062005 130 53 193 119
dog-havanese 0.007815897 206 0 229 7
cat-Egyptian_Mau 0.0077555478 216 3 261 16
dog-japanese_chin 0.0077555478 179 48 192 55
cat-Bengal 0.0072327554 136 55 185 85
dog-miniature_pinscher 0.007066399 202 2 300 73
dog-chihuahua 0.007011801 291 87 300 107
dog-american_pit_bull_terrier 0.006823957 4 51 65 129
dog-american_bulldog 0.0067346096 16 49 229 153
cat-Sphynx 0.0066928566 29 46 187 132
dog-american_bulldog 0.0066411197 133 164 169 177
dog-english_setter 0.0066411197 130 53 193 119
dog-basset_hound 0.006538838 0 156 19 208
dog-miniature_pinscher 0.0064381063 0 43 183 137
cat-Siamese 0.0064131618 193 155 228 168
dog-boxer 0.006338924 20 0 50 7
cat-Maine_Coon 0.006265521 284 140 300 181
cat-Bengal 0.006241262 29 46 187 132
dog-american_pit_bull_terrier 0.0062170923 202 2 300 73
dog-american_pit_bull_terrier 0.006073922 0 44 50 124
dog-miniature_pinscher 0.006050408 207 0 300 50
dog-american_bulldog 0.005982518 0 42 219 225
bella 0.0059571564 281 38 299 85
dog-american_bulldog 0.0059340596 178 154 213 168
dog-boxer 0.005797416 97 57 133 77
cat-Egyptian_Mau 0.005774915 281 76 297 126
cat-Birman 0.005708039 179 48 192 55
dog-staffordshire_bull_terrier 0.0056419075 82 51 100 60
cat-Egyptian_Mau 0.0056200325 97 144 138 159
dog-havanese 0.0054905713 216 0 238 6
cat-Bombay 0.005405903 213 10 231 43
dog-miniature_pinscher 0.005405903 0 147 19 196
dog-newfoundland 0.005384952 0 133 18 180
dog-american_bulldog 0.0053640604 193 155 228 168
dog-miniature_pinscher 0.0053640604 219 1 300 46
cat-Egyptian_Mau 0.005260855 283 41 300 80
dog-american_bulldog 0.0052404404 45 155 143 193
dog-english_cocker_spaniel 0.0051797032 0 147 19 196
dog-boxer 0.0051196814 89 62 128 81
cat-Egyptian_Mau 0.005099833 0 156 19 208
dog-american_bulldog 0.005099833 172 160 206 173
dog-havanese 0.005060345 219 1 242 8
bella 0.005060345 281 72 297 123
dog-beagle 0.0050483644 0 17 192 133
dog-american_bulldog 0.005021155 142 160 177 173
dog-beagle 0.00500682 0 43 205 161
cat-Egyptian_Mau 0.0048674047 216 7 258 21
dog-leonberger 0.00484854 0 110 18 155
dog-chihuahua 0.004810989 291 82 300 101
dog-leonberger 0.004773736 26 0 55 6
dog-staffordshire_bull_terrier 0.0047367513 29 46 187 132
cat-Bombay 0.004663646 28 44 50 52
dog-staffordshire_bull_terrier 0.004663646 291 87 300 107
cat-Egyptian_Mau 0.004645556 1 175 43 225
cat-Siamese 0.004645556 97 144 138 159
dog-staffordshire_bull_terrier 0.0045916736 101 58 120 65
dog-boxer 0.0045208335 193 155 228 168
cat-Abyssinian 0.00450328 284 137 300 176
cat-Bengal 0.00450328 282 137 299 195
cat-Egyptian_Mau 0.004445821 0 45 184 225
cat-Egyptian_Mau 0.004399419 282 139 298 192
dog-scottish_terrier 0.0043314993 282 139 298 192
dog-american_bulldog 0.004297942 163 160 197 172
dog-shiba_inu 0.0042812526 130 53 193 119
cat-Egyptian_Mau 0.004231602 281 84 300 129
dog-havanese 0.004231602 201 0 222 7
bella 0.0041662455 54 191 147 224
dog-american_bulldog 0.0041339695 124 164 158 179
dog-japanese_chin 0.004101932 213 8 224 20
dog-american_pit_bull_terrier 0.004085988 0 48 118 144
dog-miniature_pinscher 0.004085988 137 4 229 33
dog-newfoundland 0.004038602 0 43 183 137
