cat-Birman 0.95695716 135 2 369 252
cat-Siamese 0.44070995 135 4 368 254
cat-Ragdoll 0.24148941 138 2 370 251
dog-pomeranian 0.18330103 138 2 370 251
dog-japanese_chin 0.10639137 127 4 360 249
dog-pug 0.07921034 135 2 369 252
dog-keeshond 0.030792177 139 2 374 250
cat-Persian 0.021368891 139 2 374 250
cat-Birman 0.02092418 160 180 346 242
cat-Ragdoll 0.016830802 0 0 376 246
cat-Birman 0.01554364 366 0 500 37
dog-samoyed 0.015247583 139 2 374 250
dog-boxer 0.014671057 120 0 371 248
cat-Birman 0.011419624 185 1 222 8
cat-Birman 0.009085864 0 0 362 326
cat-Ragdoll 0.008825809 154 0 500 233
dog-leonberger 0.008644164 139 2 374 250
dog-great_pyrenees 0.008412987 139 2 374 250
cat-Abyssinian 0.008013517 127 4 360 249
cat-British_Shorthair 0.007815897 139 2 374 250
dog-american_bulldog 0.0076658726 139 2 374 250
cat-Persian 0.0076362193 0 53 35 126
cat-Siamese 0.0075172484 0 32 363 277
dog-yorkshire_terrier 0.007460654 71 0 210 36
cat-Bombay 0.0073458254 292 22 366 121
dog-staffordshire_bull_terrier 0.007178247 120 0 371 248
dog-japanese_chin 0.007161349 0 0 376 246
cat-Birman 0.007148385 154 0 500 233
dog-yorkshire_terrier 0.0069576204 175 1 211 8
cat-Siamese 0.006850481 344 0 490 35
bella 0.0065897703 1 161 28 243
dog-german_shorthaired 0.0065642595 294 15 369 102
cat-Siamese 0.006314367 161 151 357 240
dog-yorkshire_terrier 0.0059571564 80 4 215 50
dog-yorkshire_terrier 0.005911082 163 1 199 8
cat-Ragdoll 0.0058967173 164 0 500 190
dog-english_cocker_spaniel 0.0056200325 461 78 499 168
cat-Siamese 0.005586922 154 0 500 233
dog-japanese_chin 0.005576551 0 53 35 126
cat-Birman 0.005405903 10 0 165 36
dog-pug 0.0053207874 0 0 376 246
cat-Bombay 0.0051196814 175 1 211 8
dog-yorkshire_terrier 0.0051196814 0 0 195 81
dog-yorkshire_terrier 0.005040705 292 22 366 121
cat-Bombay 0.005001664 366 0 500 37
dog-japanese_chin 0.004962951 160 180 346 242
cat-Persian 0.004924506 185 1 222 8
cat-Persian 0.004924506 0 68 31 141
dog-boxer 0.004792303 323 138 352 149
dog-havanese 0.004755199 139 2 374 250
cat-Birman 0.0047502816 97 31 386 334
cat-Bengal 0.004645556 335 226 500 334
cat-Siamese 0.004609585 343 4 500 46
dog-yorkshire_terrier 0.004538417 139 2 374 250
dog-japanese_chin 0.004527867 97 31 386 334
dog-shiba_inu 0.00450328 71 0 210 36
dog-wheaten_terrier 0.00450328 263 0 295 8
cat-Birman 0.004491091 164 0 500 190
dog-pomeranian 0.0044488013 0 0 376 246
bella 0.004433751 139 2 374 250
cat-Sphynx 0.00441128 0 0 376 246
dog-wheaten_terrier 0.0043483675 275 0 309 8
cat-Birman 0.004264623 175 1 211 8
cat-Persian 0.004264623 441 1 500 39
dog-leonberger 0.004264623 0 54 32 122
dog-american_pit_bull_terrier 0.0042480826 71 0 210 36
dog-american_pit_bull_terrier 0.004231602 139 2 374 250
dog-havanese 0.004231602 381 94 398 116
cat-Bombay 0.0041987896 139 2 374 250
cat-Birman 0.0041339695 160 119 351 239
cat-Bombay 0.0041339695 185 1 222 8
cat-Egyptian_Mau 0.004101932 0 190 29 264
cat-Birman 0.004085988 1 55 33 121
dog-saint_bernard 0.00404644 120 0 371 248
dog-japanese_chin 0.004038602 232 235 251 260
cat-Russian_Blue 0.003976226 139 2 374 250
cat-Bengal 0.0039454103 419 236 500 329
cat-Persian 0.0039128065 0 0 376 246
cat-Siamese 0.0038844645 10 0 165 36
dog-yorkshire_terrier 0.0038244724 21 3 206 45
cat-British_Shorthair 0.0037859082 0 0 376 246
dog-basset_hound 0.0037800968 419 236 500 329
dog-wheaten_terrier 0.003750801 250 0 282 7
dog-english_setter 0.00370726 0 181 29 255
dog-english_cocker_spaniel 0.0036642253 460 143 500 229
dog-basset_hound 0.0036499798 333 227 500 334
dog-pomeranian 0.0036216974 165 181 350 243
dog-beagle 0.0035935938 294 15 369 102
dog-scottish_terrier 0.0035518706 0 0 195 81
cat-Bombay 0.003538072 163 1 199 8
dog-pug 0.003510654 71 0 210 36
cat-Sphynx 0.0034959614 120 0 371 248
cat-Ragdoll 0.003473103 0 0 352 187
dog-miniature_pinscher 0.0034564137 0 0 195 81
dog-boxer 0.003435135 0 0 376 246
dog-great_pyrenees 0.0033897758 71 0 210 36
dog-keeshond 0.0033897758 292 22 366 121
cat-Siamese 0.0033766031 181 184 358 244
dog-leonberger 0.0033766031 1 47 35 106
cat-Persian 0.0033504367 181 187 236 203
