cat-Birman 0.88759494 219 186 272 238
cat-Siamese 0.3656832 219 186 272 238
cat-Ragdoll 0.31320965 218 186 274 239
dog-pomeranian 0.17106116 218 186 274 239
dog-japanese_chin 0.055005282 216 184 271 246
dog-pug 0.032589734 219 186 273 236
dog-keeshond 0.028544158 219 186 273 236
cat-Persian 0.024609923 219 186 273 236
bella 0.024516344 3 187 30 247
dog-staffordshire_bull_terrier 0.021864563 219 186 273 236
cat-British_Shorthair 0.015306354 219 186 273 236
dog-boxer 0.0151307285 219 186 273 236
cat-Russian_Blue 0.014337033 219 186 273 236
dog-american_bulldog 0.013121277 218 184 272 244
cat-Abyssinian 0.0118691325 218 184 272 244
cat-Bombay 0.011597365 219 186 273 236
dog-leonberger 0.011244565 0 118 29 175
dog-shiba_inu 0.010986954 219 186 273 236
bella 0.009090394 219 186 273 236
dog-shiba_inu 0.008577496 0 0 130 49
dog-shiba_inu 0.008124709 202 0 422 45
dog-havanese 0.007895589 209 0 500 210
cat-Egyptian_Mau 0.007876694 219 186 273 236
dog-great_pyrenees 0.0076880753 209 0 500 210
dog-yorkshire_terrier 0.0074896216 219 186 273 236
dog-chihuahua 0.007317394 214 0 382 37
dog-havanese 0.0071491003 364 32 500 190
cat-Egyptian_Mau 0.007011801 245 122 282 130
cat-Maine_Coon 0.006984651 219 186 273 236
dog-leonberger 0.006984651 219 186 273 236
cat-Birman 0.006823957 357 0 500 36
cat-Ragdoll 0.0066411197 221 183 305 238
dog-boxer 0.0064631402 257 177 316 207
dog-english_setter 0.0062898993 188 43 221 59
dog-samoyed 0.006192982 216 184 271 246
dog-japanese_chin 0.006121278 208 190 270 275
dog-havanese 0.006027043 189 6 500 262
cat-Persian 0.0059803426 461 0 499 68
dog-great_pyrenees 0.005911082 216 184 271 246
dog-great_pyrenees 0.0057302415 253 118 394 176
bella 0.005448073 1 163 29 238
dog-japanese_chin 0.0054145753 209 0 500 210
cat-Siamese 0.005384952 16 0 147 34
dog-american_pit_bull_terrier 0.005281329 202 0 422 45
dog-great_pyrenees 0.005269319 189 6 500 262
dog-beagle 0.0052028 0 46 310 333
cat-Birman 0.005099833 42 0 166 33
dog-saint_bernard 0.0050800443 218 184 272 244
cat-Egyptian_Mau 0.005025506 0 46 310 333
cat-Maine_Coon 0.004982263 188 43 221 59
dog-saint_bernard 0.004982263 52 22 313 285
dog-boxer 0.004886389 249 184 318 215
cat-Bengal 0.004755199 0 81 39 103
cat-Persian 0.004755199 457 0 500 41
dog-yorkshire_terrier 0.004645556 199 0 500 132
cat-Egyptian_Mau 0.004627526 188 43 221 59
dog-keeshond 0.0046123266 240 95 500 333
dog-great_pyrenees 0.0045916736 466 204 500 265
dog-american_pit_bull_terrier 0.004538417 219 186 273 236
dog-leonberger 0.004433751 44 109 82 126
dog-japanese_chin 0.004432559 189 6 500 262
cat-Abyssinian 0.0044285655 0 46 310 333
dog-english_setter 0.004424721 0 46 310 333
dog-yorkshire_terrier 0.004382342 373 0 500 109
cat-Siamese 0.004365325 221 183 305 238
dog-boxer 0.004117906 221 183 305 238
dog-samoyed 0.0040721 209 0 500 210
dog-chihuahua 0.004070133 486 95 500 119
cat-Egyptian_Mau 0.004038602 0 17 28 82
dog-great_pyrenees 0.004038602 438 77 500 155
dog-leonberger 0.0040215254 0 46 310 333
dog-japanese_chin 0.0040003955 254 51 500 314
dog-wheaten_terrier 0.0038844645 296 53 361 71
dog-wheaten_terrier 0.0038394034 0 164 30 237
dog-great_pyrenees 0.0037908852 74 0 500 182
dog-leonberger 0.0037800968 0 77 32 129
cat-Birman 0.0037654042 57 0 134 19
cat-Siamese 0.0037654042 177 0 243 18
dog-wheaten_terrier 0.0037654042 243 59 292 81
cat-Abyssinian 0.0037362278 485 228 500 259
cat-Bengal 0.0037148893 0 46 310 333
cat-Egyptian_Mau 0.00370726 0 203 93 333
dog-yorkshire_terrier 0.00370726 360 5 500 150
dog-beagle 0.0036785007 219 186 273 236
cat-Persian 0.0036581755 240 95 500 333
dog-chihuahua 0.0036076307 485 228 500 259
dog-chihuahua 0.003538072 209 0 441 45
cat-Persian 0.003510654 440 1 500 32
dog-leonberger 0.003510654 296 53 361 71
dog-boxer 0.0034834146 177 0 243 18
dog-american_bulldog 0.0034625232 0 46 310 333
dog-havanese 0.003442973 327 62 500 251
cat-Bengal 0.0034295917 0 203 93 333
dog-american_bulldog 0.0033897758 284 53 349 71
dog-great_pyrenees 0.00336349 469 199 500 247
dog-japanese_chin 0.0032986403 235 231 272 277
dog-miniature_pinscher 0.0032730699 485 228 500 259
cat-Egyptian_Mau 0.0032476783 483 249 500 287
dog-pomeranian 0.003235042 199 0 500 132
dog-basset_hound 0.0032224953 52 22 313 285
