cat-Birman 0.93991333 148 49 314 236
cat-Ragdoll 0.6504673 148 49 314 236
dog-japanese_chin 0.5019531 148 49 314 236
dog-pomeranian 0.09739038 148 49 314 236
cat-Persian 0.03296125 148 49 314 236
dog-miniature_pinscher 0.02763772 0 0 214 51
cat-Siamese 0.020884216 148 49 314 236
dog-american_pit_bull_terrier 0.012431651 0 78 74 179
dog-chihuahua 0.011687249 277 0 443 34
dog-keeshond 0.011508137 148 54 314 234
cat-Egyptian_Mau 0.010735154 0 168 30 234
dog-miniature_pinscher 0.009340018 13 0 179 39
dog-american_pit_bull_terrier 0.008644164 0 99 64 190
dog-pug 0.008644164 148 49 314 236
dog-great_pyrenees 0.008511305 150 50 285 111
cat-Egyptian_Mau 0.008283615 0 186 30 258
cat-Ragdoll 0.0080189705 0 12 336 230
dog-samoyed 0.007968813 160 51 290 109
cat-British_Shorthair 0.0077522695 0 53 333 269
dog-boxer 0.007606685 148 49 314 236
cat-Egyptian_Mau 0.007260859 0 148 32 213
bella 0.0070390403 3 228 34 299
cat-Abyssinian 0.006850481 482 237 499 264
dog-yorkshire_terrier 0.0067975223 11 0 261 75
dog-chihuahua 0.006744981 235 0 397 34
cat-Birman 0.0066669285 151 71 272 214
dog-american_pit_bull_terrier 0.0066669285 235 0 397 34
dog-pug 0.006651193 155 57 500 275
dog-japanese_chin 0.006644249 0 53 333 269
cat-Siamese 0.006576121 155 57 500 275
cat-Ragdoll 0.0064479113 109 0 370 240
cat-British_Shorthair 0.006265521 148 49 314 236
cat-Abyssinian 0.0061689913 485 247 500 272
dog-leonberger 0.0059803426 277 0 443 34
dog-yorkshire_terrier 0.0058653355 6 0 259 51
bella 0.0058425963 4 226 99 334
cat-Siamese 0.0057986677 0 53 333 269
cat-Birman 0.005731344 0 53 333 269
dog-saint_bernard 0.0056419075 145 48 317 235
dog-boxer 0.0055406988 150 14 500 232
dog-japanese_chin 0.005523503 109 0 370 240
cat-Bombay 0.0054905713 233 0 277 8
dog-american_pit_bull_terrier 0.0051797032 0 46 67 156
dog-miniature_pinscher 0.0051596165 0 0 189 76
cat-Egyptian_Mau 0.005060345 435 241 500 331
cat-Bombay 0.004982263 329 1 399 12
dog-american_bulldog 0.004982263 148 49 314 236
cat-Bengal 0.0049436986 330 0 476 32
cat-Bombay 0.004924506 360 0 415 10
cat-Bombay 0.0048674047 192 0 253 10
cat-Bombay 0.00484854 14 1 64 10
cat-Ragdoll 0.0048350394 150 14 500 232
cat-Birman 0.004792303 330 0 476 32
dog-miniature_pinscher 0.004773736 3 2 87 72
dog-samoyed 0.004773736 147 46 311 234
dog-boxer 0.0047367513 92 100 150 128
dog-leonberger 0.004627526 405 227 450 259
cat-Birman 0.00454396 150 14 500 232
dog-american_pit_bull_terrier 0.0044510365 277 0 443 34
cat-Bombay 0.004433751 381 0 427 9
dog-yorkshire_terrier 0.004416555 277 0 443 34
cat-Abyssinian 0.004297942 147 46 311 234
cat-Persian 0.004273027 0 53 333 269
cat-Bombay 0.004264623 153 1 214 10
cat-Egyptian_Mau 0.004231602 0 142 45 216
cat-Bombay 0.0041987896 218 0 264 8
cat-Bombay 0.004117906 112 0 242 24
cat-Bombay 0.004117906 269 0 440 29
dog-chihuahua 0.004101932 330 0 476 32
dog-japanese_chin 0.0040718615 150 14 500 232
dog-great_pyrenees 0.004009038 109 0 370 240
cat-Siamese 0.003991723 46 145 106 168
cat-Bombay 0.0039454103 93 0 197 19
cat-Ragdoll 0.0038906336 0 0 335 258
cat-Bombay 0.0038543642 330 0 476 32
dog-beagle 0.0038543642 0 99 64 190
cat-Siamese 0.0037948191 330 0 476 32
dog-keeshond 0.0037948191 302 0 460 33
dog-yorkshire_terrier 0.003721714 0 0 189 76
cat-Egyptian_Mau 0.0036928654 0 204 31 277
dog-japanese_chin 0.0036642253 181 173 313 230
cat-Egyptian_Mau 0.0036216974 330 0 476 32
dog-american_pit_bull_terrier 0.0036076307 1 29 72 123
cat-Bombay 0.0035796463 399 0 460 12
dog-miniature_pinscher 0.003538072 485 235 500 260
cat-Birman 0.003510654 43 153 62 168
dog-pomeranian 0.003510654 256 0 422 34
dog-american_bulldog 0.003442973 361 152 416 172
dog-german_shorthaired 0.0034295917 204 1 253 9
cat-Persian 0.003428191 109 0 370 240
cat-Bombay 0.003403008 56 0 159 19
cat-Abyssinian 0.0033766031 474 229 499 260
dog-great_pyrenees 0.00336349 148 49 314 236
cat-Abyssinian 0.003324449 485 254 500 279
dog-japanese_chin 0.003321439 0 0 335 258
cat-Bombay 0.0032986403 28 0 164 23
cat-Bombay 0.0032986403 11 0 261 75
cat-Bombay 0.0032730699 46 0 114 12
dog-shiba_inu 0.0032730699 0 166 27 221
dog-basset_hound 0.003265828 0 53 333 269
