cat-Birman 0.8568123 70 57 257 233
cat-Ragdoll 0.5907792 69 59 257 233
cat-Bengal 0.32552058 340 50 373 172
cat-Siamese 0.18242553 69 59 257 233
dog-pomeranian 0.14657521 69 60 260 231
cat-Egyptian_Mau 0.06992185 344 55 373 194
cat-Bengal 0.051558197 317 34 371 177
cat-Abyssinian 0.05146277 341 52 375 169
dog-keeshond 0.04603389 69 59 257 233
cat-British_Shorthair 0.026593447 0 37 276 288
dog-japanese_chin 0.024145424 69 60 260 231
bella 0.023153424 352 140 373 263
cat-Persian 0.020606488 69 59 257 233
dog-basset_hound 0.018299341 344 55 373 194
cat-Russian_Blue 0.018037438 0 37 276 288
cat-Egyptian_Mau 0.017926574 0 37 276 288
cat-Abyssinian 0.017878681 0 37 276 288
cat-Birman 0.015483975 67 64 185 223
cat-Bengal 0.01495707 346 60 373 213
dog-american_bulldog 0.014447838 69 59 257 233
bella 0.014281929 355 167 375 266
dog-shiba_inu 0.013532162 318 44 371 205
cat-Maine_Coon 0.012673736 341 52 375 169
cat-Ragdoll 0.012448877 0 37 276 288
cat-Bengal 0.012124807 0 37 276 288
cat-Maine_Coon 0.012007356 77 56 269 252
cat-Egyptian_Mau 0.011777848 346 53 375 155
dog-pug 0.011115015 69 59 257 233
cat-Egyptian_Mau 0.010818452 317 34 371 177
bella 0.010818452 356 195 375 293
dog-basset_hound 0.0106215775 0 62 276 500
cat-Russian_Blue 0.010570496 72 55 259 227
cat-Egyptian_Mau 0.010130405 350 81 375 200
dog-havanese 0.010130405 143 0 172 12
cat-Abyssinian 0.01001358 69 59 257 233
cat-Ragdoll 0.00963366 173 72 254 210
dog-shiba_inu 0.009596467 327 60 375 243
cat-Egyptian_Mau 0.009485722 353 289 375 394
cat-Sphynx 0.008927047 0 37 276 288
cat-Persian 0.008536458 0 37 276 288
cat-Abyssinian 0.008511305 348 71 375 185
cat-Bengal 0.008380443 348 71 375 185
bella 0.00818792 356 221 375 319
dog-shiba_inu 0.00815624 64 52 256 234
dog-basset_hound 0.0080932975 352 293 372 408
dog-miniature_pinscher 0.007999748 340 52 374 165
cat-Birman 0.007855535 0 37 276 288
dog-japanese_chin 0.007853627 0 37 276 288
dog-basset_hound 0.007846236 352 140 373 263
cat-Abyssinian 0.007695645 346 60 373 213
cat-Siamese 0.0076586604 0 37 276 288
dog-boxer 0.0073182285 0 37 276 288
dog-yorkshire_terrier 0.007260859 138 1 166 11
dog-havanese 0.0072327554 153 2 186 15
cat-Egyptian_Mau 0.006823957 0 100 22 210
cat-British_Shorthair 0.0067282617 0 0 248 228
dog-miniature_pinscher 0.0066411197 317 34 371 177
cat-Egyptian_Mau 0.006538838 69 59 257 233
dog-basset_hound 0.006474018 37 29 310 491
bella 0.0064631402 72 55 259 227
cat-Egyptian_Mau 0.0064381063 355 270 375 368
cat-Ragdoll 0.006368369 0 0 248 228
dog-samoyed 0.006192982 64 52 256 234
bella 0.006050408 1 260 24 361
dog-pug 0.0058272183 0 37 276 288
dog-wheaten_terrier 0.005708039 138 1 166 11
cat-Russian_Blue 0.0056858957 1 328 21 397
dog-pomeranian 0.0056458414 0 37 276 288
cat-Egyptian_Mau 0.0056419075 352 115 375 226
cat-Persian 0.0056419075 85 2 119 16
dog-american_bulldog 0.005603403 0 37 276 288
dog-yorkshire_terrier 0.0054692626 64 52 256 234
bella 0.0054692626 356 246 375 344
dog-basset_hound 0.005460471 0 37 276 288
cat-Persian 0.005292386 0 0 248 228
dog-basset_hound 0.005281329 72 55 259 227
cat-Bengal 0.005260855 280 243 375 500
cat-Egyptian_Mau 0.005168289 60 32 315 276
cat-Egyptian_Mau 0.005060345 356 246 375 344
bella 0.0049436986 1 290 22 373
dog-beagle 0.0048437417 0 37 276 288
cat-Abyssinian 0.004810989 318 41 371 186
cat-Egyptian_Mau 0.004810989 0 323 20 391
cat-Russian_Blue 0.0048022866 0 0 248 228
cat-Abyssinian 0.0047701597 0 0 248 228
dog-yorkshire_terrier 0.0046818256 148 0 178 12
cat-British_Shorthair 0.004663646 72 55 259 227
cat-Egyptian_Mau 0.0046086907 0 0 248 228
cat-Bombay 0.004603803 0 37 276 288
dog-staffordshire_bull_terrier 0.00450328 72 55 259 227
cat-Persian 0.004485786 173 72 254 210
cat-Bengal 0.0044683814 349 58 375 144
cat-Ragdoll 0.0044626296 60 32 315 276
dog-yorkshire_terrier 0.0044510365 82 2 114 16
dog-shiba_inu 0.004416555 344 55 373 194
cat-Abyssinian 0.004361719 60 32 315 276
bella 0.0043483675 354 134 375 231
dog-shiba_inu 0.0043329 0 37 276 288
dog-boxer 0.0043314993 69 59 257 233
cat-Bengal 0.004314691 0 147 21 245
