cat-Birman 0.9773708 184 41 307 162
cat-Ragdoll 0.084341794 184 41 308 161
dog-pug 0.036700368 184 41 307 162
cat-Siamese 0.036220074 184 41 307 162
dog-basset_hound 0.031264573 0 35 320 333
cat-British_Shorthair 0.024053544 184 41 307 162
dog-keeshond 0.023330778 184 41 307 162
cat-Persian 0.021781176 184 41 307 162
dog-japanese_chin 0.02056709 184 38 308 162
dog-yorkshire_terrier 0.015906394 325 1 500 65
dog-pomeranian 0.013742328 184 41 307 162
dog-basset_hound 0.012698114 100 33 359 307
dog-staffordshire_bull_terrier 0.010169655 23 0 171 40
dog-yorkshire_terrier 0.00891614 345 0 500 96
dog-great_pyrenees 0.007999748 232 184 278 243
dog-american_pit_bull_terrier 0.0077762306 155 19 500 232
cat-Bengal 0.007725537 0 0 106 31
cat-Persian 0.007403016 447 0 500 75
cat-Bombay 0.007204771 186 0 224 7
dog-newfoundland 0.0070938766 0 200 30 274
dog-miniature_pinscher 0.006718874 0 0 106 31
cat-Egyptian_Mau 0.0064631402 0 193 30 263
cat-Bombay 0.0064131618 261 0 296 8
dog-leonberger 0.006241262 0 193 30 263
cat-Abyssinian 0.0062170923 300 0 380 18
dog-german_shorthaired 0.0060806274 0 35 320 333
dog-beagle 0.0059805214 0 35 320 333
dog-basset_hound 0.0054853857 35 26 425 333
cat-Abyssinian 0.0054692626 267 0 302 8
cat-Abyssinian 0.0053432584 276 0 348 17
dog-miniature_pinscher 0.0053058267 155 19 500 232
dog-yorkshire_terrier 0.0053018928 334 13 500 86
dog-staffordshire_bull_terrier 0.005220115 3 0 141 33
dog-english_cocker_spaniel 0.0051998794 0 210 30 283
dog-yorkshire_terrier 0.0051998794 351 9 500 168
dog-english_setter 0.005179912 0 37 319 333
cat-Bombay 0.0050800443 320 0 408 19
dog-miniature_pinscher 0.005040705 3 0 141 33
dog-yorkshire_terrier 0.005040705 306 3 500 113
cat-Bengal 0.0049436986 0 193 30 263
cat-Bombay 0.0049436986 195 0 234 7
cat-Birman 0.0048674047 190 105 308 160
cat-Abyssinian 0.004755199 181 0 218 7
dog-american_pit_bull_terrier 0.0047000647 0 200 30 274
cat-Egyptian_Mau 0.004609585 0 190 26 239
dog-miniature_pinscher 0.0045916736 0 200 30 274
dog-yorkshire_terrier 0.004538417 0 200 30 274
dog-american_bulldog 0.004532248 155 19 500 232
dog-basset_hound 0.0044510365 0 200 30 274
cat-Bombay 0.004382342 250 0 286 8
cat-Egyptian_Mau 0.004365325 181 0 218 7
dog-staffordshire_bull_terrier 0.004365325 0 193 30 263
cat-Sphynx 0.0043483675 0 0 116 26
dog-miniature_pinscher 0.004314691 42 1 193 41
cat-Bengal 0.0042784214 0 6 348 333
cat-Siamese 0.004231602 276 0 348 17
dog-basset_hound 0.0041819215 0 41 301 333
cat-Bengal 0.0041339695 3 0 92 20
dog-yorkshire_terrier 0.0041339695 392 0 500 53
dog-pomeranian 0.004085988 380 316 435 332
dog-staffordshire_bull_terrier 0.004085988 63 1 218 45
cat-Bombay 0.004070133 42 0 186 32
dog-miniature_pinscher 0.004070133 0 0 181 85
dog-boxer 0.0040668845 155 19 500 232
cat-Bombay 0.0040228963 300 0 380 18
cat-Russian_Blue 0.00400728 21 0 165 32
dog-miniature_pinscher 0.003991723 0 219 31 292
cat-Siamese 0.003976226 295 0 452 37
cat-Bengal 0.0039454103 0 210 30 283
cat-Egyptian_Mau 0.0039454103 73 243 125 260
cat-Siamese 0.003899634 267 0 302 8
cat-Bombay 0.0038844645 275 0 309 8
dog-scottish_terrier 0.0038096309 0 193 30 263
cat-Egyptian_Mau 0.0037948191 159 299 294 332
cat-Russian_Blue 0.003750801 181 0 218 7
cat-Bombay 0.003721714 268 0 302 11
dog-american_bulldog 0.0036785007 0 193 30 263
dog-japanese_chin 0.0035935938 190 105 308 160
dog-american_bulldog 0.003538072 184 41 307 162
cat-Bengal 0.003535211 0 41 301 333
cat-Bombay 0.0034970045 321 0 438 23
dog-english_setter 0.0034970045 0 193 30 263
dog-english_cocker_spaniel 0.0034896731 0 37 319 333
dog-pomeranian 0.003480792 174 0 500 167
dog-wheaten_terrier 0.003442973 0 200 30 274
dog-beagle 0.003417492 0 41 301 333
cat-Sphynx 0.003403008 277 0 310 11
dog-miniature_pinscher 0.0033993125 0 35 320 333
dog-staffordshire_bull_terrier 0.0033766031 246 40 303 87
dog-shiba_inu 0.00336349 0 193 30 263
cat-Bengal 0.0033504367 186 0 224 7
dog-beagle 0.003337413 300 0 329 9
dog-miniature_pinscher 0.003324449 3 0 92 20
dog-pug 0.003319472 155 19 500 232
cat-Abyssinian 0.0032986403 256 0 291 8
dog-miniature_pinscher 0.0032476783 0 0 96 37
cat-Bombay 0.003235042 208 0 245 7
cat-Birman 0.0031974912 246 40 303 87
cat-Siamese 0.0031850636 181 0 218 7
dog-beagle 0.0031754375 155 19 500 232
