cat-Birman 0.89368117 190 100 310 225
cat-Siamese 0.5640985 189 101 308 223
dog-pug 0.27747297 189 101 308 223
dog-pomeranian 0.05184546 190 99 309 231
dog-japanese_chin 0.035012633 189 101 308 223
cat-Ragdoll 0.03442356 190 100 310 225
dog-japanese_chin 0.03155902 73 118 107 139
cat-Birman 0.020804495 0 0 219 111
dog-basset_hound 0.018973947 0 94 375 500
dog-keeshond 0.015784562 187 101 311 232
cat-Egyptian_Mau 0.013955712 354 100 375 193
dog-staffordshire_bull_terrier 0.013848603 182 35 207 49
cat-Persian 0.012100399 190 99 309 231
dog-american_bulldog 0.011777848 187 101 311 232
dog-boxer 0.011764646 0 94 375 500
cat-British_Shorthair 0.011463791 187 101 311 232
dog-basset_hound 0.011072159 352 144 375 272
cat-Bengal 0.010776728 0 332 24 447
cat-Birman 0.010652512 43 0 294 156
cat-Egyptian_Mau 0.010489106 355 78 375 167
dog-basset_hound 0.009883821 18 108 359 434
dog-boxer 0.009412587 187 101 311 232
dog-yorkshire_terrier 0.00919655 180 102 309 236
cat-Egyptian_Mau 0.008251607 0 356 23 472
cat-Russian_Blue 0.008062005 187 101 311 232
bella 0.007260859 2 193 24 289
cat-Persian 0.007121414 91 90 302 271
cat-Egyptian_Mau 0.007011801 354 121 375 218
cat-Birman 0.006823957 91 90 302 271
dog-basset_hound 0.006265521 350 180 374 281
cat-Persian 0.00614509 73 118 107 139
cat-Abyssinian 0.006050408 354 100 375 193
cat-Birman 0.006050408 101 65 297 217
cat-Bombay 0.0059571564 31 1 128 37
bella 0.005708039 6 138 57 301
cat-Egyptian_Mau 0.0056858957 353 142 375 251
dog-wheaten_terrier 0.005598247 0 356 23 472
dog-basset_hound 0.005576551 0 332 24 447
cat-Bengal 0.0055549145 0 368 24 485
cat-Siamese 0.0054692626 282 1 355 35
dog-leonberger 0.005384952 0 178 24 272
cat-Birman 0.005260855 0 0 254 171
dog-staffordshire_bull_terrier 0.005220115 181 30 209 46
cat-British_Shorthair 0.005117595 18 108 359 434
cat-Persian 0.005099833 168 180 215 208
dog-chihuahua 0.005060345 331 207 375 347
cat-Egyptian_Mau 0.004886389 352 56 373 163
dog-japanese_chin 0.004755199 66 120 94 141
cat-Siamese 0.0047367513 23 0 253 114
cat-Egyptian_Mau 0.0047183633 356 49 375 140
dog-basset_hound 0.0047000647 2 193 24 289
dog-leonberger 0.004645556 281 304 312 352
dog-japanese_chin 0.004573852 100 124 136 165
cat-Egyptian_Mau 0.004497409 0 137 355 500
dog-japanese_chin 0.0044510365 41 151 82 190
cat-Persian 0.004429728 36 0 332 281
cat-Bombay 0.004399419 189 101 308 223
cat-Ragdoll 0.004314691 190 106 236 193
dog-basset_hound 0.0041987896 149 315 178 341
cat-Egyptian_Mau 0.00400728 0 321 25 437
dog-chihuahua 0.003991723 189 101 308 223
dog-boxer 0.0039607882 293 107 326 140
dog-japanese_chin 0.0039607882 74 136 105 180
dog-german_shorthaired 0.003914833 0 206 12 252
dog-japanese_chin 0.003914833 111 122 142 168
cat-Persian 0.0038543642 190 106 236 193
cat-Egyptian_Mau 0.0038394034 234 205 374 500
cat-Bombay 0.0038244724 190 106 236 193
dog-miniature_pinscher 0.0038244724 0 217 11 264
cat-Russian_Blue 0.0037807822 0 94 375 500
cat-Abyssinian 0.0037800968 180 102 309 236
cat-Maine_Coon 0.003750801 354 110 375 205
dog-leonberger 0.0037362278 365 280 375 312
cat-Birman 0.003721714 190 106 236 193
dog-shiba_inu 0.00370726 187 101 311 232
cat-Bombay 0.0036928654 230 0 306 34
dog-english_setter 0.0036785007 0 195 24 295
cat-Bombay 0.0036499798 284 0 348 28
cat-Siamese 0.0036216974 261 1 341 33
cat-Maine_Coon 0.0035657287 148 312 179 339
bella 0.003510654 1 348 24 474
cat-Egyptian_Mau 0.0035057068 0 63 375 500
cat-Bengal 0.0034970045 353 142 375 251
dog-japanese_chin 0.0034834146 104 139 134 179
dog-basset_hound 0.0034295917 352 87 374 210
cat-Abyssinian 0.0033766031 355 78 375 167
dog-japanese_chin 0.0033504367 83 137 113 181
dog-japanese_chin 0.0033504367 52 151 91 189
cat-Maine_Coon 0.003337413 0 368 24 485
cat-Bengal 0.0033171773 0 63 375 500
cat-Ragdoll 0.0032986403 0 398 31 500
dog-american_bulldog 0.0032730699 211 275 249 335
cat-Birman 0.0032603443 182 35 307 228
cat-Siamese 0.0032603443 279 3 375 72
cat-Egyptian_Mau 0.0032476783 350 341 375 455
dog-boxer 0.003235042 0 161 277 500
dog-staffordshire_bull_terrier 0.003235042 191 35 215 49
dog-pomeranian 0.003233552 94 0 375 285
cat-Egyptian_Mau 0.0032224953 0 187 24 285
dog-keeshond 0.0032224953 190 106 236 193
