cat-Birman 0.98302 172 52 354 213
dog-japanese_chin 0.094010174 171 52 354 213
dog-pug 0.09138209 171 52 354 213
cat-Siamese 0.03746751 171 51 356 213
cat-Ragdoll 0.030559868 173 53 223 139
dog-keeshond 0.02275914 165 55 348 181
cat-Persian 0.018689305 172 52 354 213
cat-Bengal 0.017576873 1 202 128 334
cat-Siamese 0.016926676 172 17 500 216
dog-beagle 0.016152829 16 2 134 126
dog-leonberger 0.014728606 459 19 500 109
cat-Birman 0.011946201 172 17 500 216
dog-pomeranian 0.011635214 172 17 500 216
cat-Birman 0.010652512 168 131 339 210
cat-Ragdoll 0.010538638 172 17 500 216
dog-leonberger 0.010328144 23 0 122 18
dog-keeshond 0.010130405 13 0 111 18
cat-British_Shorthair 0.009501338 0 7 369 222
dog-pug 0.008456409 169 52 500 260
dog-japanese_chin 0.008445621 282 203 301 225
cat-Bengal 0.008315772 32 0 134 18
cat-Persian 0.008315772 38 0 118 17
dog-american_pit_bull_terrier 0.008219689 9 0 105 132
cat-Abyssinian 0.008030802 171 52 215 130
cat-Egyptian_Mau 0.007968813 23 0 160 34
dog-japanese_chin 0.007938147 172 17 500 216
dog-german_shorthaired 0.007937998 23 0 160 34
dog-yorkshire_terrier 0.0076018274 172 17 500 216
dog-japanese_chin 0.0074635446 0 7 369 222
dog-american_pit_bull_terrier 0.007403016 95 68 124 79
cat-British_Shorthair 0.0073458254 171 51 356 213
cat-Bengal 0.007289082 16 0 168 21
dog-boxer 0.007143259 172 17 500 216
dog-pug 0.007021576 0 7 369 222
cat-Abyssinian 0.006771207 472 237 500 292
cat-Ragdoll 0.006744981 171 52 354 213
dog-chihuahua 0.0066164136 172 17 500 216
cat-Egyptian_Mau 0.0063883364 5 0 96 19
cat-Egyptian_Mau 0.0062898993 171 52 215 130
cat-Sphynx 0.0061318874 0 7 369 222
dog-american_bulldog 0.00602141 172 17 500 216
cat-Egyptian_Mau 0.0059803426 472 237 500 292
dog-pomeranian 0.0059803426 165 55 348 181
dog-japanese_chin 0.0059571564 168 131 339 210
dog-samoyed 0.0059340596 345 0 498 43
dog-great_pyrenees 0.0058199465 5 0 96 19
dog-shiba_inu 0.005797416 13 0 111 18
cat-Ragdoll 0.0057525337 174 54 213 113
cat-Ragdoll 0.0057290196 0 7 369 222
dog-american_pit_bull_terrier 0.005598247 4 0 172 141
cat-Abyssinian 0.0055775642 172 17 500 216
cat-Egyptian_Mau 0.0055549145 20 3 173 53
dog-american_bulldog 0.0055549145 5 0 96 19
dog-boxer 0.005553782 0 7 369 222
cat-Maine_Coon 0.0054269433 173 53 223 139
cat-Bengal 0.005405903 23 0 160 34
cat-Russian_Blue 0.005405903 16 0 168 21
cat-Russian_Blue 0.0053640604 23 0 160 34
cat-Persian 0.0053018928 414 39 486 54
cat-Bombay 0.005297601 0 7 369 222
cat-Bombay 0.005260855 171 52 215 130
cat-Abyssinian 0.0052404404 152 115 166 139
cat-Persian 0.0052028596 0 7 369 222
dog-basset_hound 0.0051998794 90 157 117 166
dog-saint_bernard 0.0051797032 378 231 419 251
cat-Bengal 0.005099833 171 52 215 130
dog-great_pyrenees 0.0050800443 337 208 419 243
dog-leonberger 0.0050800443 5 0 96 19
cat-Siamese 0.005077362 0 7 369 222
dog-yorkshire_terrier 0.004982263 25 0 86 14
dog-japanese_chin 0.0049436986 484 234 499 251
cat-British_Shorthair 0.004924506 174 54 213 113
cat-Bengal 0.0049213767 0 7 369 222
cat-Sphynx 0.0049054027 6 1 243 64
dog-american_pit_bull_terrier 0.0048674047 341 0 500 101
dog-miniature_pinscher 0.004792303 0 0 84 125
cat-Bombay 0.004773736 25 0 86 14
dog-saint_bernard 0.004773736 370 82 433 102
dog-staffordshire_bull_terrier 0.004773736 99 69 132 80
cat-Siamese 0.0046818256 173 53 223 139
dog-german_shorthaired 0.004645556 467 47 498 128
dog-shiba_inu 0.0046289265 172 17 500 216
cat-Birman 0.004573852 173 53 223 139
dog-leonberger 0.004538417 466 33 500 106
dog-boxer 0.0045208335 51 2 252 50
cat-Abyssinian 0.00450328 20 0 79 13
dog-saint_bernard 0.00450328 362 73 440 95
dog-great_pyrenees 0.004498571 172 17 500 216
cat-Egyptian_Mau 0.0044683814 468 228 497 288
cat-Bengal 0.0044510365 5 0 96 19
dog-miniature_pinscher 0.004433751 23 0 160 34
dog-staffordshire_bull_terrier 0.004433751 210 137 245 156
cat-Bengal 0.004399419 0 254 62 334
dog-american_bulldog 0.004399419 174 54 213 113
dog-basset_hound 0.004314691 72 157 96 166
dog-basset_hound 0.004297942 0 15 30 94
cat-Egyptian_Mau 0.0042480826 19 0 146 20
cat-Bombay 0.004231602 23 0 160 34
cat-Persian 0.004231602 25 0 86 14
cat-Birman 0.004195273 0 7 369 222
