cat-Bombay 0.9910146 50 77 217 222
dog-miniature_pinscher 0.09041372 53 81 216 224
dog-german_shorthaired 0.07751766 51 81 215 221
dog-scottish_terrier 0.051941574 53 81 216 224
cat-Russian_Blue 0.045522004 51 81 215 221
cat-Bombay 0.04076928 127 80 216 209
cat-British_Shorthair 0.035544395 53 81 216 224
dog-pug 0.0324668 53 81 216 224
dog-yorkshire_terrier 0.0283283 53 81 216 224
cat-Bengal 0.027376473 50 75 218 222
cat-Bombay 0.02237147 54 78 137 213
dog-newfoundland 0.019794792 51 81 215 221
cat-Abyssinian 0.019087434 50 75 218 222
cat-Birman 0.018194377 0 297 55 350
cat-Siamese 0.01640305 50 75 218 222
cat-Bombay 0.015741736 0 8 212 223
cat-Sphynx 0.014842421 50 77 217 222
dog-staffordshire_bull_terrier 0.012527943 53 81 216 224
dog-chihuahua 0.010130405 53 81 216 224
cat-Russian_Blue 0.008677721 54 78 137 213
cat-Bombay 0.008251607 127 0 194 25
cat-Bombay 0.007785648 68 0 137 25
cat-Bombay 0.0071724057 0 57 205 275
dog-staffordshire_bull_terrier 0.007011801 146 110 163 128
dog-miniature_pinscher 0.0067975223 110 79 217 195
dog-yorkshire_terrier 0.0066154003 2 2 102 68
dog-scottish_terrier 0.0064381063 110 79 217 195
cat-Bombay 0.006314367 58 0 103 19
cat-Bengal 0.0061727464 0 8 212 223
cat-Bombay 0.005774915 58 144 190 218
cat-Birman 0.005708039 0 297 32 349
dog-english_cocker_spaniel 0.0056638718 53 81 216 224
cat-Bengal 0.0055119395 0 193 15 260
dog-leonberger 0.0054269433 161 221 182 272
cat-Bengal 0.0053432584 110 79 217 195
dog-miniature_pinscher 0.0052315593 0 8 212 223
cat-Bengal 0.005220115 0 209 13 265
cat-Bombay 0.005007535 0 0 182 173
cat-Bombay 0.005001664 88 0 149 23
dog-yorkshire_terrier 0.0049436986 16 5 99 94
dog-english_cocker_spaniel 0.0048297346 2 255 14 267
cat-Bombay 0.004792303 8 0 57 20
cat-Bombay 0.004609585 11 0 73 24
cat-Bombay 0.0045208335 73 0 121 20
dog-english_cocker_spaniel 0.0045208335 203 234 216 245
dog-boxer 0.0044155717 52 25 234 221
cat-Siamese 0.004398167 0 57 205 275
dog-english_cocker_spaniel 0.004382342 199 233 214 244
dog-pug 0.004314691 1 3 90 53
cat-Bombay 0.004297942 106 171 181 222
dog-staffordshire_bull_terrier 0.0042480826 144 106 160 124
cat-Sphynx 0.0042479336 0 8 212 223
dog-pug 0.0041987896 0 0 70 40
dog-yorkshire_terrier 0.0040513575 0 8 212 223
cat-Bengal 0.004030198 0 57 205 275
cat-Egyptian_Mau 0.003914833 0 209 13 265
cat-Bombay 0.0038844645 161 0 207 19
dog-chihuahua 0.0038693845 220 130 234 184
cat-Bombay 0.0038394034 104 0 174 25
dog-pomeranian 0.0038394034 220 140 234 192
dog-staffordshire_bull_terrier 0.0038244724 141 110 156 128
cat-Bombay 0.0037948191 137 0 185 20
cat-Bombay 0.0037948191 148 0 196 19
cat-Sphynx 0.003785491 0 57 205 275
dog-keeshond 0.0037362278 0 300 52 350
bella 0.003721714 218 186 233 270
dog-english_cocker_spaniel 0.003713578 0 0 212 237
bella 0.0036642253 87 150 118 174
cat-Siamese 0.003538072 0 254 109 350
cat-Abyssinian 0.0035347939 0 8 212 223
cat-Maine_Coon 0.003510654 49 75 214 221
cat-Sphynx 0.0034834146 18 26 29 38
dog-yorkshire_terrier 0.0034564137 4 0 80 41
bella 0.0034564137 221 197 234 263
dog-american_pit_bull_terrier 0.003442973 0 0 70 58
cat-Bombay 0.003403008 25 0 72 19
cat-Bengal 0.00336349 55 75 134 145
cat-Bombay 0.00336349 121 0 169 20
cat-Sphynx 0.00336349 18 22 30 34
cat-Bengal 0.0033504367 50 78 159 195
dog-staffordshire_bull_terrier 0.003324449 152 110 170 129
dog-american_pit_bull_terrier 0.0033216476 52 25 234 221
cat-Egyptian_Mau 0.0033115149 69 285 105 301
dog-yorkshire_terrier 0.0032986403 0 0 88 83
cat-Bombay 0.0032858253 108 0 156 19
dog-basset_hound 0.0032476783 2 255 14 267
cat-Bengal 0.003235042 1 205 16 266
dog-miniature_pinscher 0.003056705 0 0 182 173
cat-Bombay 0.0030515194 45 0 92 19
dog-yorkshire_terrier 0.0030043423 26 1 130 73
dog-german_shorthaired 0.0029711425 0 8 212 223
cat-Bombay 0.0029579103 83 168 169 224
dog-english_cocker_spaniel 0.0029464066 4 254 16 267
dog-miniature_pinscher 0.0029394925 0 57 205 275
cat-Bombay 0.0029121637 49 0 114 25
cat-Bombay 0.0029121637 151 86 213 196
cat-British_Shorthair 0.0029052794 0 8 212 223
cat-Bombay 0.0028895736 123 169 192 215
cat-Bengal 0.0028228462 217 236 233 320
cat-Persian 0.0028009415 0 0 36 21
