cat-Bombay 0.988085 76 27 157 108
cat-Russian_Blue 0.044431448 76 27 158 109
dog-yorkshire_terrier 0.043123364 76 27 158 108
dog-newfoundland 0.030100346 76 27 158 108
cat-Egyptian_Mau 0.027901381 225 7 300 95
cat-British_Shorthair 0.02470386 76 27 158 109
dog-scottish_terrier 0.02182281 76 27 157 109
cat-Bengal 0.018299341 76 27 157 109
dog-german_shorthaired 0.015724003 200 0 277 18
dog-american_bulldog 0.014172375 189 63 221 78
dog-newfoundland 0.013171941 200 0 277 18
cat-Abyssinian 0.0119611025 284 96 300 136
cat-Siamese 0.011375606 76 27 157 109
dog-boxer 0.010693759 189 63 221 78
cat-Bombay 0.010248601 76 68 149 109
cat-Siamese 0.009974927 0 53 21 91
cat-Bengal 0.009936422 0 102 18 148
dog-saint_bernard 0.009936422 189 63 221 78
dog-boxer 0.009596467 145 174 187 187
cat-Egyptian_Mau 0.009055257 0 179 23 225
cat-Abyssinian 0.008847356 76 27 157 109
dog-boxer 0.008813173 204 64 234 78
dog-english_cocker_spaniel 0.0087791085 280 138 298 188
dog-wheaten_terrier 0.008544326 211 0 275 16
dog-american_pit_bull_terrier 0.008380443 181 0 274 23
dog-pug 0.008315772 141 0 209 17
dog-american_bulldog 0.008062005 183 63 209 77
dog-miniature_pinscher 0.008062005 77 28 157 108
cat-Egyptian_Mau 0.007937998 284 114 300 153
cat-Egyptian_Mau 0.0074896216 284 101 300 143
dog-english_cocker_spaniel 0.007460654 0 98 39 178
dog-boxer 0.0074317753 201 60 234 74
dog-newfoundland 0.007289082 181 0 274 23
cat-Egyptian_Mau 0.007176876 24 0 49 7
cat-Bombay 0.006823957 211 0 275 16
dog-boxer 0.0067975223 213 65 240 79
cat-Birman 0.0066669285 140 0 192 12
dog-miniature_pinscher 0.0066411197 207 0 276 17
dog-chihuahua 0.0065897703 77 28 157 108
cat-Siamese 0.0064381063 284 96 300 136
dog-american_bulldog 0.0063635707 189 60 219 73
cat-Bombay 0.006097555 152 0 245 18
dog-miniature_pinscher 0.006050408 199 0 282 23
cat-Abyssinian 0.0059340596 77 28 106 68
cat-Russian_Blue 0.0059340596 158 0 252 17
cat-Abyssinian 0.005774915 283 96 298 148
cat-Bengal 0.005598247 207 0 276 17
dog-staffordshire_bull_terrier 0.005598247 211 0 275 16
cat-Bengal 0.0054269433 0 113 18 162
dog-boxer 0.0053432584 189 60 219 73
cat-Bombay 0.005281329 77 28 106 68
cat-Birman 0.005260855 26 0 49 6
cat-Bengal 0.0051998794 0 127 23 176
dog-havanese 0.0051797032 181 0 274 23
dog-scottish_terrier 0.0051797032 211 0 275 16
dog-shiba_inu 0.0051797032 284 119 300 158
dog-german_shorthaired 0.0051196814 219 0 274 14
cat-Abyssinian 0.005060345 26 0 49 6
cat-Ragdoll 0.005060345 189 63 221 78
cat-Abyssinian 0.005021155 285 87 300 123
cat-Bombay 0.005001664 123 41 156 82
cat-Siamese 0.004982263 26 0 49 6
dog-german_shorthaired 0.004982263 76 27 158 108
dog-staffordshire_bull_terrier 0.004982263 199 0 282 23
cat-Bengal 0.004907131 0 8 195 135
dog-wheaten_terrier 0.0049054027 199 0 282 23
dog-japanese_chin 0.0048674047 189 63 221 78
cat-Bombay 0.004792303 140 0 192 12
dog-pug 0.004755199 148 0 257 24
dog-miniature_pinscher 0.0047183633 291 62 300 82
cat-Bombay 0.0045916736 71 0 95 6
cat-Egyptian_Mau 0.0045561194 30 0 52 6
cat-Maine_Coon 0.004538417 234 0 272 14
cat-Bengal 0.0045208335 0 98 39 178
cat-Siamese 0.004485786 134 0 183 11
cat-Siamese 0.004485786 189 60 219 73
dog-yorkshire_terrier 0.004485786 181 0 274 23
dog-american_bulldog 0.0044683814 181 60 208 73
dog-great_pyrenees 0.0044683814 189 63 221 78
dog-beagle 0.004433751 39 0 59 5
dog-chihuahua 0.004433751 284 96 300 136
dog-scottish_terrier 0.004433751 199 0 282 23
cat-Bengal 0.004416555 0 137 54 178
dog-american_pit_bull_terrier 0.004314691 153 1 273 27
dog-german_shorthaired 0.004314691 181 0 274 23
cat-Bengal 0.004297942 1 123 30 178
dog-english_cocker_spaniel 0.004297942 283 143 300 183
bella 0.004297942 284 119 300 158
cat-Siamese 0.0041987896 20 0 48 7
cat-Bombay 0.0041662455 87 0 112 7
cat-Egyptian_Mau 0.0041662455 0 91 19 131
dog-boxer 0.0041662455 142 0 229 20
cat-Abyssinian 0.0041339695 189 63 221 78
cat-Egyptian_Mau 0.0040543377 285 91 300 130
cat-British_Shorthair 0.0039454103 159 0 225 14
dog-boxer 0.0039454103 158 0 252 17
dog-english_cocker_spaniel 0.003914833 282 130 300 178
dog-pug 0.003914833 76 27 157 109
dog-wheaten_terrier 0.003914833 227 0 277 14
dog-miniature_pinscher 0.0039108396 0 8 195 135
