cat-Bombay 0.98080254 159 8 330 199
cat-Russian_Blue 0.22202468 157 8 328 204
cat-British_Shorthair 0.19132766 156 8 329 200
dog-scottish_terrier 0.1752556 157 8 328 204
dog-newfoundland 0.16344544 157 8 328 204
cat-Bengal 0.1187934 157 8 328 204
dog-yorkshire_terrier 0.112991005 157 8 328 204
cat-Siamese 0.09568694 157 8 328 204
dog-german_shorthaired 0.07276839 157 8 328 204
dog-pug 0.058024734 157 8 328 204
dog-english_cocker_spaniel 0.04867658 157 8 328 204
dog-keeshond 0.046551287 157 8 328 204
cat-Birman 0.044847906 157 8 328 204
cat-Persian 0.038035095 157 8 328 204
dog-boxer 0.03435868 157 8 328 204
cat-Abyssinian 0.03126192 157 8 328 204
dog-wheaten_terrier 0.028220981 157 8 328 204
dog-staffordshire_bull_terrier 0.026607096 157 8 328 204
cat-Maine_Coon 0.021615326 157 8 328 204
dog-chihuahua 0.020100236 157 8 328 204
dog-havanese 0.019568682 157 8 328 204
cat-Egyptian_Mau 0.018617809 157 8 328 204
dog-leonberger 0.01805535 157 8 328 204
cat-British_Shorthair 0.017460614 0 0 336 200
dog-miniature_pinscher 0.01724279 157 8 328 204
cat-Sphynx 0.014728606 157 8 328 204
cat-Bombay 0.014143407 157 0 448 197
dog-yorkshire_terrier 0.013368487 157 0 448 197
cat-British_Shorthair 0.0125487745 157 0 448 197
cat-Siamese 0.011456162 157 0 448 197
cat-Birman 0.011327654 157 0 448 197
cat-Ragdoll 0.011072159 157 8 328 204
dog-american_pit_bull_terrier 0.011029482 157 8 328 204
dog-shiba_inu 0.011029482 157 8 328 204
dog-japanese_chin 0.010652512 157 8 328 204
cat-Siamese 0.010209054 18 0 158 33
cat-Bombay 0.00985986 252 0 333 16
cat-Persian 0.009513676 157 0 448 197
cat-British_Shorthair 0.008653462 0 0 308 153
dog-english_setter 0.008219689 157 8 328 204
cat-Bengal 0.00781858 0 0 336 200
cat-Bombay 0.0077555478 164 86 323 193
dog-basset_hound 0.0075772405 157 8 328 204
dog-great_pyrenees 0.007260859 153 4 335 184
dog-pug 0.0072574615 157 0 448 197
dog-pomeranian 0.006984651 153 4 335 184
cat-Birman 0.0066640675 161 0 448 160
cat-Bombay 0.0065642595 165 95 221 177
dog-yorkshire_terrier 0.0064131618 77 5 230 50
cat-Abyssinian 0.006073922 7 0 81 17
cat-Birman 0.005797416 28 0 185 34
dog-english_cocker_spaniel 0.005774915 379 160 448 300
cat-Siamese 0.0056638718 435 3 448 26
dog-basset_hound 0.0056419075 383 184 448 298
dog-american_bulldog 0.005533397 153 4 335 184
cat-Bombay 0.005405903 28 0 185 34
dog-beagle 0.005384952 157 8 328 204
cat-Bombay 0.005281329 39 0 173 22
dog-yorkshire_terrier 0.005281329 302 1 448 43
dog-staffordshire_bull_terrier 0.0052515864 157 0 448 197
cat-Bombay 0.005021155 229 22 330 137
dog-shiba_inu 0.005021155 308 21 333 32
cat-Bombay 0.004886389 32 4 226 45
dog-yorkshire_terrier 0.004663646 75 0 216 36
bella 0.0045916736 3 163 64 289
dog-saint_bernard 0.004573852 153 4 335 184
cat-Russian_Blue 0.004560083 157 0 448 197
cat-Egyptian_Mau 0.0044683814 7 0 81 17
cat-Bombay 0.004399419 274 0 367 17
dog-yorkshire_terrier 0.004399419 163 4 229 25
dog-scottish_terrier 0.004382342 152 10 326 112
dog-shiba_inu 0.0043314993 303 21 327 32
dog-yorkshire_terrier 0.004268557 0 0 336 200
cat-Bengal 0.004248768 0 0 308 153
dog-chihuahua 0.0041983426 157 0 448 197
cat-Abyssinian 0.004117906 7 0 125 32
dog-pug 0.0040856004 0 0 336 200
cat-Bombay 0.0040543377 160 138 286 194
cat-Bombay 0.0040020943 0 0 336 200
bella 0.003914833 5 144 62 253
cat-Maine_Coon 0.0039093494 157 0 448 197
dog-shiba_inu 0.0038598776 157 0 448 197
bella 0.0038244724 1 91 23 153
cat-Bombay 0.0037876368 0 0 308 153
cat-Birman 0.0037800968 7 0 125 32
dog-miniature_pinscher 0.0037181675 157 0 448 197
cat-Persian 0.0036927462 0 0 336 200
dog-boxer 0.0036912262 157 0 448 197
cat-Bombay 0.003635794 250 0 359 20
dog-shiba_inu 0.0036216974 298 21 320 32
dog-chihuahua 0.0035935938 302 1 448 43
cat-Ragdoll 0.0035508275 157 0 448 197
cat-Bengal 0.003538072 389 201 448 299
cat-Ragdoll 0.0035243332 165 0 226 19
dog-newfoundland 0.0034975111 0 0 336 200
dog-yorkshire_terrier 0.0034970045 353 0 448 43
dog-keeshond 0.0034362078 157 0 448 197
bella 0.0034295917 1 70 25 140
bella 0.0033897758 2 17 26 90
dog-english_cocker_spaniel 0.0033124387 157 0 448 197
