dog-boxer 0.97354424 16 84 265 313
dog-american_bulldog 0.27125168 16 84 266 316
dog-pug 0.08586246 17 84 267 314
dog-staffordshire_bull_terrier 0.085709274 17 86 265 318
dog-american_pit_bull_terrier 0.060086668 17 86 265 318
cat-Sphynx 0.05856085 17 84 267 314
cat-Siamese 0.053700298 17 84 267 314
cat-British_Shorthair 0.03620413 17 74 266 314
dog-beagle 0.025347948 17 74 266 314
cat-Russian_Blue 0.024013132 0 38 246 296
dog-saint_bernard 0.022286177 20 82 263 312
cat-Birman 0.0204103 16 84 266 316
dog-basset_hound 0.014674962 0 84 252 345
cat-Abyssinian 0.012859613 0 38 246 296
dog-german_shorthaired 0.012149304 0 84 252 345
cat-British_Shorthair 0.010408312 0 405 62 500
dog-leonberger 0.010381579 0 84 252 345
dog-leonberger 0.008711398 190 332 214 390
dog-miniature_pinscher 0.008189946 0 84 252 345
dog-leonberger 0.00818792 184 335 209 391
dog-shiba_inu 0.0080759525 0 38 246 296
dog-staffordshire_bull_terrier 0.0079061985 0 57 277 375
cat-Bengal 0.0075584054 0 84 252 345
bella 0.0072327554 89 198 119 231
dog-leonberger 0.007204771 192 320 214 376
cat-Egyptian_Mau 0.0072008967 0 84 252 345
bella 0.0068542063 17 74 266 314
dog-japanese_chin 0.006538838 234 93 263 137
cat-Siamese 0.0056816638 61 13 332 318
dog-basset_hound 0.005576551 272 168 332 416
dog-great_pyrenees 0.0055549145 102 305 145 368
cat-Ragdoll 0.0054930747 29 59 273 318
dog-keeshond 0.0054161847 0 84 252 345
dog-newfoundland 0.005405903 191 80 261 221
cat-Bombay 0.0053640604 270 3 329 43
bella 0.0053018928 137 222 170 257
dog-boxer 0.0052404404 131 76 261 289
cat-Egyptian_Mau 0.005220115 0 405 62 500
dog-leonberger 0.005199462 12 83 299 500
cat-Egyptian_Mau 0.004982263 0 0 26 18
dog-basset_hound 0.004924506 149 213 226 294
dog-chihuahua 0.0047390163 0 84 252 345
dog-havanese 0.0047279596 0 84 252 345
bella 0.004627526 77 191 109 226
dog-american_bulldog 0.0046141744 12 83 299 500
dog-yorkshire_terrier 0.004538417 4 0 119 221
dog-leonberger 0.0045208335 193 308 215 360
dog-yorkshire_terrier 0.0045208335 0 0 92 191
dog-yorkshire_terrier 0.004485786 106 0 244 71
dog-boxer 0.004399419 72 233 156 305
cat-Bengal 0.004365325 302 381 332 500
dog-japanese_chin 0.0043432415 29 59 273 318
dog-boxer 0.0043212473 61 13 332 318
dog-german_shorthaired 0.004264623 195 73 261 197
dog-newfoundland 0.004229307 0 84 252 345
dog-boxer 0.004132569 0 57 277 375
dog-english_cocker_spaniel 0.004129708 0 84 252 345
cat-Bengal 0.004101932 0 419 73 500
dog-basset_hound 0.0040228963 308 249 332 366
cat-Siamese 0.00400728 323 5 332 43
cat-Russian_Blue 0.003991723 0 419 73 500
dog-basset_hound 0.0039607882 271 227 332 486
cat-Egyptian_Mau 0.0038543642 0 330 23 428
dog-basset_hound 0.0036872923 0 125 235 500
dog-boxer 0.0036642253 149 213 226 294
dog-pomeranian 0.0035671592 0 38 246 296
dog-japanese_chin 0.0035657287 193 300 217 347
cat-Bengal 0.003538072 0 330 23 428
dog-scottish_terrier 0.0035324097 0 84 252 345
dog-basset_hound 0.003510654 281 251 332 463
dog-english_setter 0.0035056472 0 84 252 345
cat-Bombay 0.0034564137 235 1 324 34
cat-Russian_Blue 0.0033991039 22 81 273 323
cat-Sphynx 0.0033803284 61 13 332 318
cat-Bengal 0.003324449 241 261 332 500
dog-english_cocker_spaniel 0.003324449 302 62 332 204
cat-Egyptian_Mau 0.0032986403 0 0 44 30
cat-Egyptian_Mau 0.0032986403 0 13 20 117
cat-Bombay 0.0032624006 0 38 246 296
dog-yorkshire_terrier 0.0032099485 11 13 134 270
dog-leonberger 0.0031726956 238 91 262 133
dog-yorkshire_terrier 0.0031603575 19 41 83 189
cat-Birman 0.0031259358 61 13 332 318
dog-boxer 0.003123641 120 194 252 298
cat-Maine_Coon 0.0030278265 207 0 239 21
dog-basset_hound 0.0029694438 306 218 332 357
cat-Egyptian_Mau 0.0029579103 2 403 36 497
dog-staffordshire_bull_terrier 0.0029579103 104 207 128 232
dog-yorkshire_terrier 0.0029464066 9 2 99 187
cat-Birman 0.002929449 92 0 332 284
dog-yorkshire_terrier 0.0029121637 142 0 267 80
dog-havanese 0.0028895736 195 73 261 197
bella 0.0028895736 84 193 116 226
cat-Ragdoll 0.0027918518 61 13 332 318
cat-Sphynx 0.0027796626 0 57 277 375
cat-Abyssinian 0.0027768612 22 81 273 323
dog-boxer 0.0027469099 191 80 261 221
dog-yorkshire_terrier 0.0027469099 0 0 111 130
cat-Maine_Coon 0.0027362108 213 0 244 16
dog-american_pit_bull_terrier 0.0027149916 191 80 261 221
