dog-boxer 0.22746933 133 123 292 279
dog-boxer 0.15027803 215 140 309 280
dog-saint_bernard 0.13660842 133 123 292 279
dog-pug 0.03435868 133 123 292 279
dog-american_pit_bull_terrier 0.034100443 0 159 82 344
dog-boxer 0.034100443 206 188 313 278
dog-japanese_chin 0.03234434 133 123 292 279
cat-Abyssinian 0.020332366 283 112 298 133
cat-Egyptian_Mau 0.017176718 2 0 135 38
dog-american_pit_bull_terrier 0.015663654 133 123 292 279
cat-Egyptian_Mau 0.014842421 0 1 80 35
cat-Egyptian_Mau 0.014172375 2 0 96 46
cat-Maine_Coon 0.013584405 2 0 96 46
cat-British_Shorthair 0.012527943 133 123 292 279
dog-basset_hound 0.0119611025 133 123 292 279
cat-Persian 0.011777848 361 1 419 14
dog-boxer 0.011331767 129 140 238 282
dog-american_bulldog 0.010986954 133 123 292 279
dog-wheaten_terrier 0.010408312 4 0 140 46
cat-Egyptian_Mau 0.0097461045 0 148 31 220
dog-beagle 0.009055257 132 143 246 284
dog-samoyed 0.008677721 4 0 140 46
dog-american_pit_bull_terrier 0.007876694 360 49 500 313
dog-chihuahua 0.007403016 352 2 500 233
dog-saint_bernard 0.007317394 129 140 238 282
dog-leonberger 0.0070390403 332 259 376 281
dog-basset_hound 0.0066411197 2 243 93 374
dog-pug 0.0066411197 228 114 300 241
cat-Egyptian_Mau 0.006513506 468 249 500 325
cat-Siamese 0.0064381063 246 0 328 21
dog-english_setter 0.0063635707 2 0 135 38
dog-american_pit_bull_terrier 0.0062170923 352 2 500 233
dog-american_pit_bull_terrier 0.0061689913 0 141 76 303
cat-Siamese 0.00614509 132 116 292 282
cat-Siamese 0.006121278 216 120 307 282
dog-basset_hound 0.0059803426 1 137 32 211
dog-pug 0.005911082 216 120 307 282
dog-leonberger 0.0058425963 133 123 292 279
cat-Abyssinian 0.005774915 472 48 500 114
dog-american_pit_bull_terrier 0.005774915 228 114 300 241
cat-Birman 0.0057525337 132 116 292 282
cat-Siamese 0.0055549145 245 0 359 28
dog-pug 0.0055549145 100 72 282 279
dog-boxer 0.005384952 228 114 300 241
bella 0.0053432584 1 144 32 218
cat-Abyssinian 0.005260855 469 61 500 140
cat-Sphynx 0.0051797032 273 111 300 125
cat-Abyssinian 0.0051596165 132 116 292 282
cat-Bengal 0.0051596165 2 0 135 38
cat-Egyptian_Mau 0.005099833 469 71 500 150
cat-Maine_Coon 0.005040705 0 0 149 53
dog-basset_hound 0.005021155 0 152 27 217
dog-leonberger 0.004982263 325 270 365 301
cat-Bengal 0.004962951 0 157 31 233
dog-great_pyrenees 0.004962951 377 266 437 287
cat-Maine_Coon 0.0049436986 0 0 124 64
cat-Birman 0.0048674047 261 0 430 40
cat-Maine_Coon 0.0048674047 2 0 135 38
cat-Bombay 0.0048297346 282 0 320 9
cat-Siamese 0.004755199 487 110 500 139
dog-newfoundland 0.004755199 133 123 292 279
cat-Egyptian_Mau 0.004609585 472 48 500 114
cat-Persian 0.004538417 0 157 31 233
cat-Persian 0.004528761 0 0 269 242
dog-miniature_pinscher 0.0045208335 370 14 500 214
dog-american_bulldog 0.0044683814 320 259 371 282
cat-Egyptian_Mau 0.004416555 471 276 500 339
dog-japanese_chin 0.004382342 100 72 282 279
dog-american_bulldog 0.0043314993 216 120 307 282
cat-Sphynx 0.004297942 269 106 299 120
cat-Abyssinian 0.0041339695 472 84 500 154
dog-leonberger 0.0041339695 0 157 31 233
dog-american_bulldog 0.0041101873 0 84 291 375
dog-leonberger 0.0040819347 0 84 291 375
cat-Abyssinian 0.0040543377 246 111 299 185
cat-Egyptian_Mau 0.0040543377 471 91 500 163
dog-english_setter 0.004038602 133 123 292 279
dog-english_setter 0.003976226 0 148 31 220
dog-boxer 0.003899634 54 216 96 256
cat-Siamese 0.0038844645 261 0 430 40
cat-Bombay 0.0038693845 246 0 328 21
dog-saint_bernard 0.0038394034 216 120 307 282
cat-Abyssinian 0.0038096309 473 34 500 95
cat-Egyptian_Mau 0.0037948191 0 0 41 69
dog-saint_bernard 0.0037578344 0 84 291 375
cat-Birman 0.003721714 287 0 328 9
dog-japanese_chin 0.003721714 216 120 307 282
cat-Siamese 0.0036785007 272 0 371 21
cat-Egyptian_Mau 0.003635794 0 0 97 40
dog-leonberger 0.0036076307 334 263 374 287
dog-miniature_pinscher 0.0035796463 375 60 500 295
cat-Abyssinian 0.0035518706 246 0 328 21
cat-Persian 0.0035518706 376 0 437 14
cat-Egyptian_Mau 0.003538072 465 261 498 338
cat-Russian_Blue 0.003538072 0 148 31 220
dog-japanese_chin 0.0035146177 0 84 291 375
cat-Ragdoll 0.0034834146 124 90 311 283
dog-havanese 0.0034834146 343 259 385 280
dog-american_pit_bull_terrier 0.0034564137 359 0 500 122
dog-newfoundland 0.0034564137 0 161 76 323
