dog-pug 0.9372108 14 84 291 365
dog-boxer 0.60112536 14 83 291 367
dog-newfoundland 0.15817434 14 83 291 367
cat-British_Shorthair 0.099983394 15 80 290 381
dog-american_pit_bull_terrier 0.08225393 14 83 291 367
dog-staffordshire_bull_terrier 0.039268762 14 83 291 367
cat-Bombay 0.031499386 20 82 287 364
dog-boxer 0.029080272 12 81 321 500
dog-german_shorthaired 0.02615562 14 83 291 367
cat-Birman 0.020254701 16 84 287 368
dog-staffordshire_bull_terrier 0.013480097 1 262 26 356
cat-Siamese 0.012053788 16 84 287 368
dog-leonberger 0.011508137 14 83 291 367
dog-newfoundland 0.010860324 113 90 288 347
dog-boxer 0.010611415 113 90 288 347
dog-pug 0.0091403425 12 81 321 500
dog-german_shorthaired 0.00895071 231 89 287 225
dog-miniature_pinscher 0.008057773 1 87 282 389
cat-Sphynx 0.0077212453 1 87 282 389
dog-staffordshire_bull_terrier 0.0070390403 113 90 288 347
dog-german_shorthaired 0.0064381063 19 100 67 241
dog-newfoundland 0.0064131618 231 98 286 245
dog-staffordshire_bull_terrier 0.006192982 223 163 255 187
dog-german_shorthaired 0.0061703026 12 81 321 500
dog-english_cocker_spaniel 0.00614509 346 181 374 316
dog-newfoundland 0.0060269535 18 100 63 227
cat-Russian_Blue 0.0058323443 1 87 282 389
dog-american_bulldog 0.0057302415 14 83 291 367
cat-Bombay 0.005598247 231 98 286 245
dog-boxer 0.005576551 181 253 277 347
dog-staffordshire_bull_terrier 0.005535811 12 81 321 500
cat-Bombay 0.0053018928 113 90 288 347
dog-american_pit_bull_terrier 0.0053018928 113 90 288 347
dog-pug 0.005220115 113 90 288 347
dog-german_shorthaired 0.005139619 113 90 288 347
dog-boxer 0.0049054027 231 98 286 245
dog-yorkshire_terrier 0.0048297346 0 0 142 95
cat-Bombay 0.0046818256 239 0 356 39
dog-american_pit_bull_terrier 0.0045916736 1 262 26 356
dog-english_cocker_spaniel 0.004573852 345 260 375 397
dog-leonberger 0.004538417 0 251 25 335
dog-havanese 0.0045208335 230 79 290 204
dog-pug 0.0044445097 31 44 375 428
dog-newfoundland 0.004297942 0 262 25 327
cat-Birman 0.0042797625 12 81 321 500
dog-leonberger 0.004264623 19 93 62 212
dog-yorkshire_terrier 0.0042480826 8 0 156 70
cat-Sphynx 0.004231602 113 90 288 347
cat-Bombay 0.004215151 252 0 366 54
dog-yorkshire_terrier 0.0041662455 0 0 105 187
dog-boxer 0.0041225255 56 77 375 394
dog-english_cocker_spaniel 0.003976226 345 223 375 363
cat-Siamese 0.003967166 64 10 375 348
dog-american_pit_bull_terrier 0.0038458705 12 81 321 500
dog-newfoundland 0.0038244724 0 267 25 362
cat-Persian 0.0037654042 238 436 356 498
dog-staffordshire_bull_terrier 0.0037362278 22 122 108 342
cat-Bombay 0.00370726 214 0 326 42
dog-miniature_pinscher 0.00370726 225 6 375 174
dog-pomeranian 0.0036642253 0 0 123 100
dog-wheaten_terrier 0.0035935938 230 79 290 204
cat-Bombay 0.0035824478 56 77 375 394
cat-Bombay 0.0035796463 19 108 65 247
dog-yorkshire_terrier 0.003538072 242 0 375 128
cat-Persian 0.003403008 174 433 285 499
dog-leonberger 0.0032855272 12 81 321 500
cat-Bombay 0.003236413 12 81 321 500
cat-Siamese 0.0032099485 113 90 288 347
dog-leonberger 0.0032099485 0 261 28 364
dog-newfoundland 0.0032099485 34 288 51 306
dog-staffordshire_bull_terrier 0.0031726956 221 169 249 194
dog-english_cocker_spaniel 0.003148079 347 144 374 278
dog-miniature_pinscher 0.0031358302 225 50 375 220
dog-yorkshire_terrier 0.0031115115 98 0 263 64
cat-Birman 0.0030994117 252 0 366 54
dog-american_pit_bull_terrier 0.0030753613 242 0 375 128
dog-samoyed 0.0030515194 148 85 288 179
dog-english_setter 0.003039658 19 93 62 212
dog-samoyed 0.0030278265 242 0 375 128
dog-english_cocker_spaniel 0.002981037 0 300 25 406
dog-boxer 0.0029591024 0 129 280 452
bella 0.0029579103 1 262 26 356
dog-miniature_pinscher 0.0029349625 113 90 288 347
dog-english_cocker_spaniel 0.0028671622 348 51 374 181
dog-japanese_chin 0.0028669238 1 87 282 389
cat-Bombay 0.0028560162 151 0 267 42
dog-basset_hound 0.002827257 1 87 282 389
dog-yorkshire_terrier 0.0028009415 4 0 138 217
cat-Persian 0.0027900338 210 433 325 499
dog-newfoundland 0.0027791858 32 287 46 311
cat-Bombay 0.002757609 0 255 21 329
cat-Egyptian_Mau 0.002757609 364 47 375 90
dog-yorkshire_terrier 0.0027362108 171 0 294 57
dog-yorkshire_terrier 0.0027255714 0 0 132 234
dog-boxer 0.0027232766 0 63 250 500
dog-german_shorthaired 0.0027149916 230 57 292 181
dog-yorkshire_terrier 0.0027149916 18 46 89 186
cat-Bombay 0.0026939213 267 0 344 30
dog-wheaten_terrier 0.002673 20 98 53 189
cat-Bombay 0.002662599 305 3 372 44
