dog-boxer 0.93116796 8 12 387 328
dog-german_shorthaired 0.33081087 5 11 385 326
dog-american_pit_bull_terrier 0.2605777 5 11 385 326
dog-saint_bernard 0.21819657 8 12 387 328
dog-beagle 0.07406801 5 11 385 326
dog-american_bulldog 0.063981146 5 11 385 326
dog-leonberger 0.059226096 5 11 385 326
dog-newfoundland 0.03628829 2 20 374 323
dog-pug 0.033844054 2 20 374 323
dog-basset_hound 0.024959356 5 11 385 326
bella 0.023870826 2 191 32 253
dog-staffordshire_bull_terrier 0.023344219 5 11 385 326
dog-boxer 0.017386794 0 0 316 305
cat-British_Shorthair 0.016126066 5 11 385 326
dog-basset_hound 0.011201203 4 64 90 203
cat-Ragdoll 0.011158019 43 0 102 23
dog-basset_hound 0.0098980665 0 66 65 192
dog-miniature_pinscher 0.009783864 0 24 390 323
dog-german_shorthaired 0.009122044 0 0 316 305
cat-Sphynx 0.0087381005 0 9 388 337
cat-Birman 0.008711398 40 0 108 20
cat-Siamese 0.008621573 0 9 388 337
bella 0.008315772 4 269 34 341
dog-pug 0.00829801 0 0 316 305
cat-Ragdoll 0.008283615 24 0 89 20
dog-english_setter 0.007767558 5 11 385 326
cat-Bombay 0.0077555478 277 0 399 29
cat-Birman 0.0074735284 0 9 388 337
dog-saint_bernard 0.0074235797 0 0 316 305
cat-Birman 0.007403016 51 0 155 28
dog-english_cocker_spaniel 0.007260859 0 89 32 167
dog-beagle 0.0069635212 0 0 316 305
cat-Russian_Blue 0.006891042 0 9 388 337
dog-leonberger 0.0066411197 105 201 164 276
bella 0.0064882636 1 207 35 295
cat-Egyptian_Mau 0.0063635707 0 0 47 29
bella 0.006241262 3 252 35 319
cat-Bombay 0.0061344504 0 9 388 337
cat-Birman 0.006050408 49 0 199 41
dog-leonberger 0.006050408 209 0 258 10
cat-Bombay 0.006034255 0 0 316 305
cat-Ragdoll 0.0060035884 47 0 136 29
cat-Siamese 0.0059803426 40 0 108 20
dog-leonberger 0.005911082 192 0 256 13
dog-staffordshire_bull_terrier 0.005797416 293 38 332 50
dog-english_setter 0.0057525337 0 202 32 282
dog-scottish_terrier 0.0057302415 0 25 379 288
cat-Egyptian_Mau 0.0056858957 243 227 308 254
cat-Siamese 0.0055549145 24 0 89 20
dog-american_pit_bull_terrier 0.005503118 35 14 500 343
dog-great_pyrenees 0.005260855 94 169 174 204
dog-leonberger 0.0051981807 0 0 316 305
dog-leonberger 0.0051797032 246 0 289 10
dog-german_shorthaired 0.005040705 0 27 276 284
cat-Birman 0.004962951 24 0 89 20
cat-Ragdoll 0.0049436986 7 0 68 20
bella 0.0049436986 482 159 500 202
cat-Bengal 0.0048744082 0 0 316 305
dog-english_cocker_spaniel 0.0048674047 1 80 31 154
bella 0.0048297346 473 147 500 218
cat-Bengal 0.0047185123 0 9 388 337
cat-Birman 0.0046818256 84 0 255 41
cat-Maine_Coon 0.004645556 199 0 262 12
dog-leonberger 0.0045916736 226 0 271 10
cat-Egyptian_Mau 0.004416555 0 0 38 22
dog-pomeranian 0.004416555 36 0 68 9
dog-yorkshire_terrier 0.004399419 170 33 233 48
bella 0.004399419 472 128 500 201
dog-pomeranian 0.004382342 94 166 187 202
cat-Bombay 0.004365325 280 0 369 22
dog-basset_hound 0.004264623 0 127 37 189
dog-newfoundland 0.0042476654 0 0 316 305
dog-american_bulldog 0.004231602 24 0 89 20
cat-Birman 0.0041339695 164 0 234 16
dog-great_pyrenees 0.004101932 36 0 68 9
cat-Siamese 0.004085988 356 0 440 27
dog-basset_hound 0.0040599704 0 0 316 305
cat-Russian_Blue 0.004050195 0 0 316 305
cat-Birman 0.00400728 72 0 168 22
dog-basset_hound 0.003991723 225 175 290 247
cat-Maine_Coon 0.0039607882 0 0 45 23
dog-chihuahua 0.003911674 35 14 500 343
cat-Egyptian_Mau 0.0038259327 0 9 388 337
dog-basset_hound 0.0037948191 0 142 40 217
dog-wheaten_terrier 0.0037948191 0 202 32 282
cat-Egyptian_Mau 0.0037800968 2 188 34 243
dog-miniature_pinscher 0.0037800968 293 6 500 132
cat-Abyssinian 0.0037654042 24 0 89 20
cat-Abyssinian 0.0037325323 0 23 378 374
cat-Egyptian_Mau 0.003721714 472 120 500 192
cat-Egyptian_Mau 0.003721714 0 213 32 294
dog-yorkshire_terrier 0.0036785007 192 0 256 13
cat-Bombay 0.0036642253 405 0 446 9
cat-Sphynx 0.0036437213 0 0 316 305
dog-basset_hound 0.0036216974 2 121 50 192
bella 0.0036216974 474 170 500 235
cat-Egyptian_Mau 0.0036076307 86 331 195 373
dog-basset_hound 0.0035935938 2 188 34 243
bella 0.0035796463 0 195 32 274
cat-Egyptian_Mau 0.0035657287 470 92 500 170
