cat-British_Shorthair 0.9759464 261 87 370 195
cat-Bombay 0.53704137 261 88 370 196
cat-Russian_Blue 0.05856085 261 88 370 196
dog-newfoundland 0.0500513 261 87 370 195
cat-Persian 0.041075885 262 88 368 193
cat-Birman 0.030559868 262 88 368 193
cat-Bombay 0.028490037 268 133 371 196
dog-english_cocker_spaniel 0.019946933 262 88 368 193
dog-pug 0.01602915 262 88 368 193
dog-keeshond 0.01554364 262 88 368 193
dog-staffordshire_bull_terrier 0.014227033 262 88 368 193
dog-german_shorthaired 0.012821227 262 88 368 193
cat-British_Shorthair 0.012576342 169 99 377 211
cat-Birman 0.0122886 353 0 496 35
dog-scottish_terrier 0.011508137 262 88 368 193
cat-Bombay 0.00912565 187 0 348 24
cat-Bombay 0.008380443 226 0 387 23
cat-Egyptian_Mau 0.00815624 0 0 30 12
dog-yorkshire_terrier 0.008124709 260 87 370 194
cat-Bengal 0.007289082 260 87 370 194
dog-leonberger 0.0072327554 438 178 471 208
cat-Bombay 0.007176876 137 0 299 24
cat-Egyptian_Mau 0.0069576204 0 111 31 191
dog-wheaten_terrier 0.006823957 262 88 368 193
cat-Birman 0.0064631402 63 0 395 113
cat-British_Shorthair 0.006338924 268 133 371 196
dog-boxer 0.006192982 262 88 368 193
dog-scottish_terrier 0.006097555 259 89 363 146
dog-basset_hound 0.0060269535 0 111 31 191
dog-leonberger 0.0060269535 187 234 227 244
dog-keeshond 0.005797416 259 89 363 146
cat-Egyptian_Mau 0.0057302415 262 88 368 193
dog-samoyed 0.0055119395 151 135 179 146
cat-Siamese 0.005405903 353 0 496 35
cat-Bombay 0.0052404404 275 0 440 23
cat-Birman 0.005021155 259 89 363 146
cat-Abyssinian 0.0049054027 472 236 500 291
dog-basset_hound 0.004879743 42 111 444 319
dog-shiba_inu 0.0047367513 259 89 363 146
cat-Siamese 0.004645556 10 0 175 36
cat-Birman 0.0045561194 39 0 331 80
dog-basset_hound 0.00453341 0 74 474 333
dog-samoyed 0.0044510365 313 0 500 90
dog-japanese_chin 0.004433751 166 111 221 136
dog-pug 0.004399419 169 99 377 211
dog-american_pit_bull_terrier 0.0043115914 162 79 500 278
dog-samoyed 0.004297942 152 139 180 150
cat-Bombay 0.0042480826 85 0 251 24
dog-havanese 0.0041987896 262 88 368 193
dog-american_pit_bull_terrier 0.0040892363 228 120 500 333
dog-havanese 0.004078239 224 0 500 210
dog-staffordshire_bull_terrier 0.004070133 259 89 363 146
cat-Egyptian_Mau 0.00400728 455 253 500 325
cat-Egyptian_Mau 0.0039741993 0 112 454 333
dog-basset_hound 0.0038394034 32 232 66 254
cat-Bengal 0.0038244724 0 111 31 191
cat-Bombay 0.0037362278 325 0 455 23
cat-Birman 0.003635794 26 0 203 36
cat-Maine_Coon 0.003635794 129 140 158 150
dog-basset_hound 0.0036076307 485 32 500 57
dog-yorkshire_terrier 0.0035935938 257 90 364 155
dog-chihuahua 0.0035657287 0 0 144 37
cat-Siamese 0.003538072 260 89 364 157
dog-pug 0.003538072 257 90 364 155
cat-Ragdoll 0.003510654 262 88 368 193
dog-samoyed 0.0034698844 139 135 171 147
dog-samoyed 0.0034564137 124 139 151 151
dog-shiba_inu 0.003442973 1 0 154 46
cat-Russian_Blue 0.0034295917 286 88 366 137
cat-Ragdoll 0.00341627 135 258 371 333
cat-Egyptian_Mau 0.0033897758 310 262 345 316
dog-shiba_inu 0.00336349 338 0 495 41
cat-Birman 0.0033504367 294 0 471 35
cat-Egyptian_Mau 0.003337413 213 242 246 250
dog-basset_hound 0.0033340454 148 108 494 333
cat-Abyssinian 0.0032730699 486 35 500 62
dog-basset_hound 0.0032603443 259 89 363 146
cat-Bombay 0.0032224953 291 0 399 19
cat-Bombay 0.0031726956 38 0 200 24
cat-Egyptian_Mau 0.003148079 0 0 74 21
cat-Birman 0.003123641 413 0 500 35
dog-great_pyrenees 0.003096193 254 0 500 225
dog-miniature_pinscher 0.0030515194 450 0 499 18
dog-boxer 0.003039658 259 89 363 146
cat-Maine_Coon 0.0029926598 258 86 378 199
cat-Maine_Coon 0.002981037 139 140 171 151
cat-Bombay 0.0029579103 254 0 361 19
dog-pomeranian 0.0029121637 213 0 500 127
dog-american_pit_bull_terrier 0.0029046237 254 0 500 225
cat-Maine_Coon 0.002878338 134 135 167 147
dog-samoyed 0.0028671622 129 135 160 148
cat-Egyptian_Mau 0.0028560162 438 255 500 333
cat-Russian_Blue 0.0028560162 257 90 364 155
cat-Bombay 0.0028449 323 0 483 34
dog-english_cocker_spaniel 0.0028449 0 131 64 245
cat-Abyssinian 0.0028009415 472 215 500 270
dog-great_pyrenees 0.0028009415 313 0 500 90
dog-newfoundland 0.0028009415 191 127 221 174
dog-american_pit_bull_terrier 0.0027900338 0 29 150 234
dog-boxer 0.0027799308 0 74 474 333
