cat-British_Shorthair 0.692642 189 127 268 218
cat-Bombay 0.53120935 189 129 268 219
cat-Russian_Blue 0.38029855 189 129 268 219
cat-Birman 0.089613825 190 126 267 214
dog-scottish_terrier 0.065604836 189 129 268 219
dog-keeshond 0.048948616 190 129 269 219
cat-Bengal 0.041152894 190 130 268 218
dog-german_shorthaired 0.034553617 190 128 268 218
bella 0.032713115 190 126 267 214
cat-Persian 0.031380415 190 126 267 214
cat-Egyptian_Mau 0.022629201 190 126 267 214
cat-Ragdoll 0.022499979 190 126 267 214
dog-english_cocker_spaniel 0.019050896 91 351 115 375
cat-Siamese 0.017442495 190 130 268 218
bella 0.0151307285 2 136 23 267
dog-staffordshire_bull_terrier 0.015072614 190 126 267 214
dog-basset_hound 0.014615655 190 126 267 214
dog-boxer 0.014337033 190 126 267 214
dog-pug 0.014117897 190 126 267 214
dog-newfoundland 0.013902068 190 126 267 214
dog-basset_hound 0.013376594 163 314 236 380
dog-basset_hound 0.012431651 84 353 108 379
dog-wheaten_terrier 0.011029482 190 126 267 214
cat-Birman 0.010776728 240 0 333 58
dog-yorkshire_terrier 0.010776728 190 126 267 214
cat-Birman 0.010408312 10 0 117 55
dog-shiba_inu 0.010288298 190 126 267 214
dog-english_cocker_spaniel 0.010130405 114 353 139 371
cat-Abyssinian 0.009020269 190 128 268 218
cat-Birman 0.00898543 45 0 165 54
dog-american_bulldog 0.008644164 190 126 267 214
cat-Siamese 0.007999748 10 0 117 55
dog-english_cocker_spaniel 0.0071491003 84 353 108 379
dog-beagle 0.0070938766 190 126 267 214
bella 0.007066399 2 48 19 180
dog-leonberger 0.0070390403 308 4 330 99
cat-Birman 0.007011801 78 0 198 53
cat-British_Shorthair 0.0069576204 188 126 242 207
cat-Siamese 0.006850481 48 0 158 41
cat-British_Shorthair 0.0066928566 184 397 333 500
dog-leonberger 0.006073922 190 126 267 214
bella 0.006050408 2 216 26 317
cat-Bombay 0.005797416 153 121 273 240
dog-havanese 0.0056858957 190 126 267 214
cat-Birman 0.0056638718 172 0 264 34
cat-British_Shorthair 0.005598247 190 130 219 183
dog-basset_hound 0.005598247 202 300 235 331
dog-basset_hound 0.0055549145 0 397 10 439
cat-British_Shorthair 0.005448073 153 121 273 240
cat-Ragdoll 0.0053018928 5 0 59 29
dog-basset_hound 0.005260855 118 355 141 375
cat-Birman 0.0052404404 253 0 312 27
dog-american_pit_bull_terrier 0.005220115 190 126 267 214
cat-Bengal 0.0050800443 164 323 230 382
cat-Siamese 0.005040705 234 3 332 76
bella 0.005040705 2 182 23 304
dog-beagle 0.004982263 185 345 239 378
dog-great_pyrenees 0.004982263 215 0 333 138
dog-english_setter 0.004924506 157 304 264 378
cat-Siamese 0.00484854 192 0 277 34
cat-Birman 0.0048297346 9 0 73 29
cat-Birman 0.0048297346 277 2 329 38
cat-Egyptian_Mau 0.0048297346 0 44 20 161
dog-american_bulldog 0.0048176646 0 65 312 500
cat-Birman 0.004810989 224 0 285 27
dog-english_cocker_spaniel 0.004810989 190 126 267 214
cat-Siamese 0.004755199 98 0 205 38
dog-havanese 0.004755199 186 0 300 201
dog-pomeranian 0.004755199 215 0 333 138
dog-english_cocker_spaniel 0.004609585 118 355 141 375
dog-pomeranian 0.0045916736 3 0 93 56
cat-Maine_Coon 0.004573852 190 126 267 214
cat-Russian_Blue 0.004573852 162 0 254 34
cat-Russian_Blue 0.0045561194 161 394 333 500
cat-Birman 0.0045208335 206 0 269 28
cat-Egyptian_Mau 0.004485786 310 334 331 415
dog-japanese_chin 0.0044683814 307 3 330 81
cat-Siamese 0.0044510365 94 0 215 53
cat-Bengal 0.004433751 0 319 20 405
cat-Birman 0.004433751 207 130 269 198
cat-Birman 0.004433751 149 391 333 500
cat-Ragdoll 0.004365325 234 3 332 76
cat-Egyptian_Mau 0.0043483675 316 122 333 215
cat-Persian 0.0043483675 291 2 331 44
cat-Egyptian_Mau 0.004314691 0 407 34 500
dog-boxer 0.0041662455 279 17 331 152
dog-staffordshire_bull_terrier 0.0041528344 0 65 312 500
dog-miniature_pinscher 0.0041339695 1 412 9 464
cat-Birman 0.004101932 268 0 325 29
dog-samoyed 0.004101932 0 68 20 186
cat-Birman 0.004038602 29 0 225 116
dog-japanese_chin 0.00400728 186 0 300 201
cat-Birman 0.003991723 302 1 326 13
dog-saint_bernard 0.003991723 196 294 282 374
dog-wheaten_terrier 0.003991723 281 275 332 450
bella 0.0039454103 2 88 20 222
cat-British_Shorthair 0.003930092 221 132 267 205
dog-boxer 0.0038693845 253 131 292 170
dog-havanese 0.0038244724 227 0 333 163
cat-Birman 0.0037948191 169 0 236 28
