cat-British_Shorthair 0.99142253 199 22 314 134
cat-Persian 0.12635332 199 23 314 134
cat-Bombay 0.06500873 199 23 314 134
cat-Birman 0.038683504 200 22 314 131
cat-Russian_Blue 0.028274596 199 22 315 133
dog-newfoundland 0.02686122 199 23 314 134
dog-keeshond 0.023241937 199 23 314 134
cat-British_Shorthair 0.02203226 139 30 321 149
cat-Siamese 0.020884216 300 1 402 35
dog-pug 0.015784562 200 22 314 131
cat-Egyptian_Mau 0.013902068 0 223 30 298
dog-shiba_inu 0.013428271 232 221 281 276
cat-Siamese 0.012336105 308 0 416 25
cat-Bombay 0.011463791 418 1 500 28
dog-wheaten_terrier 0.010776728 200 22 314 131
dog-saint_bernard 0.009783864 402 112 484 237
cat-Egyptian_Mau 0.00898543 1 260 65 333
cat-Siamese 0.00895071 19 0 157 34
dog-english_cocker_spaniel 0.008847356 199 23 314 134
cat-British_Shorthair 0.008544326 199 78 312 131
dog-havanese 0.008544326 200 22 314 131
dog-leonberger 0.008544326 0 32 33 100
dog-miniature_pinscher 0.008062005 364 2 500 48
dog-boxer 0.007999748 294 35 355 63
dog-japanese_chin 0.007815897 34 33 97 57
bella 0.0077555478 2 52 28 127
dog-leonberger 0.0076658726 1 21 31 78
cat-Bombay 0.0076362193 315 0 404 20
dog-boxer 0.0075772405 313 36 368 63
dog-boxer 0.0075772405 65 0 208 34
dog-basset_hound 0.007317394 407 170 439 226
cat-Siamese 0.0070390403 65 0 208 34
cat-Birman 0.0069576204 200 25 309 89
dog-saint_bernard 0.006903827 466 113 500 190
cat-Siamese 0.0067975223 40 3 192 44
dog-basset_hound 0.0067975223 4 58 68 174
dog-basset_hound 0.006744981 0 55 31 134
dog-basset_hound 0.0066669285 406 129 481 265
cat-Bombay 0.0065642595 306 0 347 8
cat-Ragdoll 0.006314367 200 22 314 131
cat-Maine_Coon 0.0062898993 406 117 442 132
dog-boxer 0.006241262 200 22 314 131
dog-japanese_chin 0.006192982 200 22 314 131
dog-keeshond 0.00614509 200 25 309 89
dog-english_cocker_spaniel 0.0059340596 0 55 31 134
cat-Bengal 0.0058199465 202 25 319 136
dog-miniature_pinscher 0.0057292283 229 47 500 333
dog-boxer 0.005598247 293 29 357 55
dog-english_setter 0.005533397 407 170 439 226
dog-wheaten_terrier 0.005405903 413 129 454 140
dog-shiba_inu 0.0053432584 3 0 165 53
dog-english_cocker_spaniel 0.0053018928 213 148 255 200
cat-Bombay 0.0051196814 199 78 312 131
cat-Sphynx 0.0051196814 40 3 192 44
cat-Bombay 0.004924506 310 0 428 24
cat-Sphynx 0.0048674047 65 0 208 34
dog-japanese_chin 0.004792303 2 35 31 102
cat-Egyptian_Mau 0.0046818256 0 238 32 319
dog-basset_hound 0.004645556 0 223 30 298
dog-miniature_pinscher 0.0044716597 175 8 500 229
cat-Siamese 0.0044510365 298 0 382 20
cat-Egyptian_Mau 0.004433751 0 50 31 126
cat-Egyptian_Mau 0.004433751 200 26 316 134
dog-basset_hound 0.004382342 216 175 292 223
dog-boxer 0.004365325 320 44 365 76
cat-Bengal 0.0043154955 0 0 343 153
cat-British_Shorthair 0.0043049753 0 0 343 153
dog-miniature_pinscher 0.004297942 205 0 240 9
dog-shiba_inu 0.0041987896 0 0 126 37
dog-boxer 0.0041824877 278 27 337 54
dog-leonberger 0.0041662455 200 22 314 131
bella 0.004101932 475 66 500 123
cat-Bengal 0.004070133 205 0 240 9
dog-yorkshire_terrier 0.004070133 327 5 500 80
cat-Bengal 0.0040543377 306 0 347 8
bella 0.0040543377 213 148 255 200
dog-american_pit_bull_terrier 0.003991723 0 32 33 100
dog-wheaten_terrier 0.003976226 0 46 32 118
dog-yorkshire_terrier 0.0039454103 364 2 500 48
dog-american_bulldog 0.003930092 0 0 126 37
dog-american_bulldog 0.003914833 200 22 314 131
cat-Persian 0.0038844645 200 25 309 89
dog-japanese_chin 0.0038844645 76 36 113 69
dog-pug 0.0038844645 200 25 309 89
cat-Bombay 0.0038394034 314 1 360 8
dog-japanese_chin 0.0038244724 56 33 107 56
cat-Bombay 0.0038096309 360 0 455 18
cat-Egyptian_Mau 0.0037948191 0 255 42 330
dog-boxer 0.0037948191 66 3 217 47
dog-newfoundland 0.0037948191 0 32 33 100
cat-Sphynx 0.0037800968 300 1 402 35
dog-leonberger 0.0037800968 0 13 26 65
dog-boxer 0.00370726 310 28 373 54
cat-Egyptian_Mau 0.0036785007 0 220 26 278
dog-yorkshire_terrier 0.0036785007 199 22 315 133
cat-Bengal 0.003635794 418 1 500 28
dog-yorkshire_terrier 0.0036216974 200 25 309 89
dog-american_bulldog 0.0035935938 200 25 309 89
dog-basset_hound 0.0035796463 0 78 30 156
dog-american_pit_bull_terrier 0.0035657287 1 24 68 160
