cat-British_Shorthair 0.9260366 98 87 315 271
cat-Russian_Blue 0.63973606 98 87 315 271
cat-Birman 0.109705776 99 88 314 270
dog-keeshond 0.07807815 100 88 314 271
cat-Bombay 0.03919512 102 86 314 268
cat-Siamese 0.033589512 102 86 314 268
cat-British_Shorthair 0.02794987 0 75 340 293
dog-boxer 0.021864563 98 87 315 271
cat-Persian 0.01812473 158 1 197 9
cat-Russian_Blue 0.015201837 0 75 340 293
cat-Egyptian_Mau 0.014281929 96 88 317 271
dog-pug 0.014281929 96 88 317 271
cat-Birman 0.014172375 165 1 201 9
cat-Maine_Coon 0.013955712 102 86 314 268
cat-Ragdoll 0.013848603 102 86 314 268
cat-Sphynx 0.013619572 0 75 340 293
dog-boxer 0.0127106905 0 75 340 293
cat-Persian 0.012147158 102 86 314 268
dog-pug 0.010365397 0 75 340 293
bella 0.0098980665 2 217 36 290
dog-american_pit_bull_terrier 0.009522498 373 0 500 199
cat-Persian 0.009412587 170 1 207 9
cat-Persian 0.008711398 141 1 188 10
cat-Persian 0.008711398 350 0 409 22
cat-Abyssinian 0.008445621 102 86 314 268
cat-Bengal 0.008315772 102 86 314 268
dog-german_shorthaired 0.00818792 97 89 313 272
dog-american_bulldog 0.008153707 0 75 340 293
dog-basset_hound 0.0075187087 102 86 314 268
dog-shiba_inu 0.007317394 447 134 500 221
cat-Birman 0.007121414 149 1 192 9
cat-Bengal 0.0069821775 0 75 340 293
dog-staffordshire_bull_terrier 0.0069576204 102 86 314 268
dog-basset_hound 0.0067536533 0 75 340 293
dog-scottish_terrier 0.0063635707 101 88 304 213
cat-Bombay 0.006096065 0 75 340 293
dog-shiba_inu 0.006050408 428 79 500 222
cat-Siamese 0.0057713985 0 75 340 293
cat-Bombay 0.005708039 194 0 271 18
cat-Birman 0.0056638718 101 106 234 249
cat-Birman 0.0053967834 0 75 340 293
cat-Siamese 0.0053432584 124 0 205 19
dog-boxer 0.0053412914 102 78 421 281
dog-leonberger 0.00524348 0 75 340 293
cat-Persian 0.0052404404 314 0 372 14
cat-Siamese 0.005099833 247 0 365 27
cat-Persian 0.005060345 295 0 340 9
cat-Persian 0.005040705 455 0 500 31
dog-shiba_inu 0.005021155 96 89 311 266
dog-keeshond 0.0049384832 0 75 340 293
cat-Egyptian_Mau 0.004924506 0 215 129 375
dog-yorkshire_terrier 0.004755199 387 0 500 150
dog-american_pit_bull_terrier 0.0047183633 1 312 15 336
dog-staffordshire_bull_terrier 0.0046871305 0 75 340 293
cat-Abyssinian 0.0046850145 0 75 340 293
dog-american_pit_bull_terrier 0.004663646 1 318 16 342
cat-Bombay 0.004609585 168 0 245 18
dog-american_bulldog 0.0045916736 365 71 407 103
dog-boxer 0.004573852 285 94 333 123
cat-Persian 0.0045525134 0 75 340 293
cat-Abyssinian 0.004485786 0 194 16 221
dog-boxer 0.004433751 286 0 421 42
dog-german_shorthaired 0.004380554 0 75 340 293
cat-Siamese 0.0043424666 102 78 421 281
bella 0.0043314993 97 69 318 271
cat-Egyptian_Mau 0.0042880177 0 75 340 293
dog-miniature_pinscher 0.0042812526 1 227 14 269
dog-yorkshire_terrier 0.004231602 102 86 314 268
dog-newfoundland 0.0042164326 0 75 340 293
dog-newfoundland 0.004215151 100 91 314 269
cat-Egyptian_Mau 0.0041662455 414 0 486 21
cat-Persian 0.0041662455 132 0 186 15
cat-Persian 0.0041500926 283 1 323 9
dog-english_setter 0.0041500926 0 222 32 293
dog-american_bulldog 0.004085988 97 69 318 271
cat-Persian 0.00400728 304 0 357 11
cat-Birman 0.003991723 124 0 205 19
cat-Siamese 0.003967732 124 68 500 309
cat-Persian 0.003914833 335 0 392 18
cat-Egyptian_Mau 0.0038844645 403 0 467 19
dog-boxer 0.0038543642 297 96 353 122
dog-miniature_pinscher 0.00383991 0 75 340 293
dog-staffordshire_bull_terrier 0.0038343072 102 78 421 281
dog-japanese_chin 0.0037706494 0 75 340 293
dog-beagle 0.003694445 0 75 340 293
cat-Siamese 0.0036216974 266 0 378 36
cat-Siamese 0.0035657287 274 0 360 22
dog-pomeranian 0.0035657287 387 0 500 150
dog-miniature_pinscher 0.003510654 0 276 15 309
cat-Egyptian_Mau 0.0034970045 472 26 500 96
dog-staffordshire_bull_terrier 0.003452301 78 96 396 375
dog-chihuahua 0.0034295917 373 0 500 199
cat-Birman 0.00341627 136 1 184 12
cat-Persian 0.003403008 465 0 500 29
dog-german_shorthaired 0.003403008 227 88 311 190
dog-havanese 0.0033897758 387 0 500 150
dog-english_setter 0.0033115149 0 150 30 230
cat-Russian_Blue 0.0032603443 161 88 308 193
dog-wheaten_terrier 0.0032476783 0 205 31 285
cat-Russian_Blue 0.0032224953 218 93 311 208
