cat-British_Shorthair 0.9854964 162 48 356 232
cat-Persian 0.06766981 163 46 356 234
cat-Russian_Blue 0.06176269 165 47 355 232
cat-Birman 0.039268762 163 46 356 234
cat-Bombay 0.03333682 165 47 355 232
dog-keeshond 0.02396202 165 47 355 232
cat-Egyptian_Mau 0.023644328 162 48 358 235
cat-Persian 0.021615326 0 284 103 332
dog-leonberger 0.018725157 0 127 30 197
dog-newfoundland 0.01640305 162 48 358 235
cat-British_Shorthair 0.014463842 167 55 500 281
cat-British_Shorthair 0.013880461 0 50 376 268
cat-Persian 0.010652512 456 0 500 44
cat-British_Shorthair 0.010529697 174 141 338 231
dog-keeshond 0.010408312 0 285 103 332
dog-wheaten_terrier 0.010130405 162 48 356 232
dog-pug 0.01001358 163 46 356 234
dog-english_setter 0.009412587 0 127 30 197
cat-Birman 0.009232223 20 0 163 33
dog-leonberger 0.009161025 1 126 28 178
dog-newfoundland 0.009020269 0 131 30 205
bella 0.008544326 0 0 37 23
cat-Birman 0.008219689 0 285 103 332
dog-pug 0.0076362193 59 0 211 35
dog-boxer 0.0074896216 0 127 30 197
cat-Persian 0.007403016 195 302 271 319
cat-Siamese 0.007374376 59 0 211 35
cat-Ragdoll 0.007289082 162 48 358 235
dog-keeshond 0.0069576204 156 49 346 152
dog-basset_hound 0.006850481 0 131 30 205
cat-Bengal 0.0066669285 165 47 355 232
bella 0.0064631402 1 125 29 169
dog-english_setter 0.0063635707 0 146 30 221
dog-american_bulldog 0.006314367 0 127 30 197
dog-german_shorthaired 0.0062170923 0 131 30 205
cat-Birman 0.0061689913 12 0 109 18
dog-saint_bernard 0.006050408 0 127 30 197
cat-Siamese 0.0058425963 20 0 163 33
dog-staffordshire_bull_terrier 0.0058425963 0 131 30 205
cat-Bombay 0.005708039 295 0 447 26
dog-english_cocker_spaniel 0.0056638718 0 146 30 221
dog-scottish_terrier 0.0056200325 156 49 346 152
cat-Maine_Coon 0.0055119395 169 0 228 19
cat-Egyptian_Mau 0.005281329 0 127 30 197
cat-Birman 0.0051998794 0 0 131 24
dog-newfoundland 0.0051196814 0 154 30 228
dog-newfoundland 0.0050800443 78 127 114 159
cat-Persian 0.005021155 440 1 499 33
dog-yorkshire_terrier 0.004982263 374 0 500 115
cat-Persian 0.004924506 1 0 46 33
cat-Persian 0.0049054027 0 0 105 25
cat-Siamese 0.004886389 41 0 219 56
dog-beagle 0.0048674047 0 127 30 197
dog-boxer 0.00484854 163 46 356 234
bella 0.00484854 2 138 28 216
cat-Bombay 0.004755199 59 0 211 35
cat-Bengal 0.004677534 0 12 363 222
dog-american_pit_bull_terrier 0.004663646 0 131 30 205
dog-wheaten_terrier 0.004663646 0 146 30 221
cat-Bombay 0.0045208335 33 0 134 19
cat-Birman 0.0044683814 59 0 211 35
cat-Maine_Coon 0.0044510365 187 0 248 18
cat-Persian 0.004433751 204 299 282 317
cat-Persian 0.004433751 0 0 67 19
dog-german_shorthaired 0.004416555 254 46 347 135
dog-german_shorthaired 0.004297942 163 46 356 234
cat-British_Shorthair 0.004231602 170 169 312 228
dog-staffordshire_bull_terrier 0.0041987896 221 48 284 67
cat-Persian 0.0041508377 167 55 500 281
dog-basset_hound 0.0041500926 1 127 28 188
dog-basset_hound 0.0041202903 116 62 395 332
cat-Birman 0.004101932 332 0 495 36
dog-leonberger 0.004085988 0 146 30 221
dog-english_cocker_spaniel 0.00400728 165 47 355 232
bella 0.003991723 0 127 30 197
dog-american_bulldog 0.003976226 162 48 358 235
cat-Bengal 0.0039607882 165 48 333 126
cat-Egyptian_Mau 0.0039454103 165 48 333 126
cat-Persian 0.003914833 156 49 346 152
cat-Maine_Coon 0.0038693845 100 0 162 13
dog-samoyed 0.0038693845 156 49 346 152
cat-Bombay 0.0037654042 160 0 302 26
cat-Persian 0.0037654042 190 306 261 322
cat-Birman 0.0037395656 166 17 500 233
dog-boxer 0.0037362278 1 126 28 178
cat-Bombay 0.0035657287 160 45 192 101
dog-havanese 0.0035657287 254 46 347 135
dog-shiba_inu 0.003510654 156 49 346 152
dog-yorkshire_terrier 0.0034970045 22 0 254 87
cat-Maine_Coon 0.0034834146 36 0 101 16
cat-Ragdoll 0.003442973 0 127 30 197
cat-Birman 0.00341627 156 49 346 152
cat-Bombay 0.0033897758 161 50 254 159
dog-pug 0.0033897758 156 49 346 152
dog-yorkshire_terrier 0.0033897758 0 0 167 83
cat-Bombay 0.0033766031 318 0 422 20
dog-english_cocker_spaniel 0.00336349 466 207 500 296
cat-Bombay 0.0033504367 194 0 342 25
dog-pug 0.0033504367 20 0 163 33
cat-Abyssinian 0.003324449 160 45 192 101
