cat-British_Shorthair 0.65665823 108 148 199 225
cat-Bombay 0.558327 108 148 199 225
cat-Russian_Blue 0.17106116 108 150 199 224
cat-Bengal 0.045522004 70 0 489 153
dog-miniature_pinscher 0.023109287 10 0 400 162
cat-Birman 0.022672445 108 150 198 223
dog-keeshond 0.022629201 108 150 198 223
cat-Maine_Coon 0.01879707 88 0 500 165
dog-newfoundland 0.015784562 108 150 198 223
dog-scottish_terrier 0.013902068 108 148 199 225
dog-pug 0.013584405 108 149 198 224
cat-Bengal 0.012673736 108 150 198 223
cat-Persian 0.012383789 108 149 198 224
cat-Bombay 0.011823386 88 0 500 165
dog-boxer 0.00985986 179 152 243 180
dog-staffordshire_bull_terrier 0.009090394 106 150 198 219
dog-english_cocker_spaniel 0.00895071 108 150 198 223
cat-Bengal 0.008881688 239 0 397 33
dog-german_shorthaired 0.008813173 108 150 198 223
dog-yorkshire_terrier 0.008711398 108 149 198 224
cat-Bombay 0.008511305 35 0 130 23
cat-Sphynx 0.007785648 85 0 480 173
dog-boxer 0.007547915 160 151 226 179
cat-Bengal 0.007460654 13 0 107 26
dog-boxer 0.0072327554 182 145 241 173
cat-Egyptian_Mau 0.007176876 470 210 500 281
dog-staffordshire_bull_terrier 0.006903827 113 152 190 191
cat-Bombay 0.006850481 27 1 71 9
dog-miniature_pinscher 0.0062898993 239 0 397 33
cat-Siamese 0.006265521 106 150 198 219
cat-Egyptian_Mau 0.0061065853 0 142 454 333
dog-boxer 0.006097555 108 150 198 223
cat-Ragdoll 0.006050408 107 150 197 224
dog-havanese 0.0058425963 108 150 198 223
cat-Abyssinian 0.0058199465 2 103 40 157
dog-shiba_inu 0.0058199465 113 152 190 191
cat-Bombay 0.0056638718 272 0 436 29
dog-miniature_pinscher 0.005576551 101 4 270 51
cat-Bengal 0.0054905713 279 0 448 34
cat-Ragdoll 0.005405903 339 164 500 322
cat-Egyptian_Mau 0.0053432584 108 150 198 223
cat-Birman 0.0051797032 113 152 190 191
dog-pug 0.004810989 260 189 300 234
cat-Bengal 0.004792303 184 0 344 33
cat-Egyptian_Mau 0.0047768652 5 144 500 324
cat-Maine_Coon 0.004773736 108 149 198 224
cat-Abyssinian 0.0047000647 85 0 480 173
cat-Bombay 0.0046818256 27 0 106 18
cat-Bombay 0.004627526 14 0 57 8
cat-Egyptian_Mau 0.0044683814 99 68 136 92
dog-miniature_pinscher 0.0044571757 0 0 349 159
cat-Bengal 0.0044510365 27 0 106 18
cat-Bengal 0.0044424534 0 131 401 329
cat-Maine_Coon 0.004382342 350 1 497 44
dog-american_bulldog 0.0042480826 108 150 198 223
dog-wheaten_terrier 0.0042480826 108 150 198 223
cat-Birman 0.004215151 459 105 497 176
dog-miniature_pinscher 0.0041662455 279 0 448 34
dog-american_pit_bull_terrier 0.004038602 106 150 198 219
dog-miniature_pinscher 0.0039607882 109 0 260 37
dog-boxer 0.003930092 47 133 109 158
cat-Bombay 0.0038844645 466 0 500 14
cat-Bombay 0.0038693845 214 0 371 32
dog-miniature_pinscher 0.0038394034 0 0 133 36
cat-Birman 0.0038244724 435 1 500 28
cat-Bombay 0.0037948191 315 0 464 28
dog-boxer 0.0037948191 198 152 255 180
cat-Bengal 0.0037654042 103 0 443 101
cat-Egyptian_Mau 0.0037654042 109 151 189 191
cat-Bengal 0.0037629008 0 61 456 298
dog-staffordshire_bull_terrier 0.0037362278 152 287 187 305
dog-boxer 0.003721714 51 143 112 171
dog-miniature_pinscher 0.003721714 230 0 458 46
cat-Persian 0.0036871433 166 124 500 332
cat-Persian 0.0036785007 0 179 30 249
dog-miniature_pinscher 0.0036785007 206 1 383 39
cat-Bombay 0.003635794 103 154 172 211
dog-basset_hound 0.0036076307 106 150 198 219
dog-boxer 0.0035935938 39 153 96 180
dog-havanese 0.0035657287 439 153 470 163
dog-boxer 0.0035498142 129 0 500 149
dog-miniature_pinscher 0.003510654 0 2 305 133
cat-Abyssinian 0.0034970045 472 70 500 128
cat-Sphynx 0.0034698844 180 39 216 48
dog-basset_hound 0.0034564137 0 76 30 135
cat-Bengal 0.0033766031 206 1 383 39
dog-boxer 0.003337413 34 143 95 168
dog-miniature_pinscher 0.003324449 88 0 500 165
dog-newfoundland 0.003324449 260 189 300 234
cat-Egyptian_Mau 0.0033115149 473 198 500 259
cat-Sphynx 0.0032986403 38 1 364 193
dog-boxer 0.0032986403 53 152 119 181
bella 0.0032986403 106 150 198 219
cat-Abyssinian 0.0032858253 0 107 29 158
cat-Bengal 0.0032476783 0 0 74 19
dog-beagle 0.0032224953 170 36 210 45
dog-keeshond 0.0031974912 137 149 197 204
dog-staffordshire_bull_terrier 0.0031974912 260 181 301 225
cat-British_Shorthair 0.003188938 5 144 500 324
dog-german_shorthaired 0.0031850636 0 0 37 9
