dog-chihuahua 0.9704727 16 9 182 198
dog-miniature_pinscher 0.33947334 17 8 182 195
cat-Bombay 0.16240692 16 9 182 197
dog-yorkshire_terrier 0.10521084 18 7 184 197
cat-Sphynx 0.09326646 17 8 182 195
dog-american_pit_bull_terrier 0.07185128 16 4 180 190
dog-scottish_terrier 0.06823453 16 9 182 197
dog-chihuahua 0.04603389 76 13 179 182
dog-shiba_inu 0.04364994 16 9 182 197
dog-pomeranian 0.0324125 16 9 182 197
cat-Abyssinian 0.0321759 16 9 182 197
cat-Siamese 0.02959773 16 9 182 197
cat-Persian 0.028490037 163 0 179 8
dog-pug 0.023937315 16 9 182 197
cat-Bengal 0.017263293 16 9 182 197
cat-Maine_Coon 0.016023457 16 9 182 197
cat-Birman 0.015724003 1 239 30 300
cat-Birman 0.013848603 0 252 45 300
cat-Birman 0.012970388 165 0 179 8
cat-Persian 0.012771875 1 239 30 300
dog-leonberger 0.012771875 10 5 181 192
dog-japanese_chin 0.0119611025 163 0 179 8
cat-Birman 0.010944575 169 0 183 8
dog-staffordshire_bull_terrier 0.009588867 28 0 201 194
dog-miniature_pinscher 0.009559393 76 13 179 182
cat-Egyptian_Mau 0.00919655 189 109 202 173
bella 0.00919655 188 143 201 220
dog-keeshond 0.008995503 16 9 182 197
dog-chihuahua 0.008374661 32 0 202 182
bella 0.008251607 191 82 202 137
dog-leonberger 0.007403016 76 13 179 182
dog-japanese_chin 0.007176876 152 2 165 10
cat-Egyptian_Mau 0.007011801 191 95 202 152
cat-Sphynx 0.0066154003 76 13 179 182
dog-english_cocker_spaniel 0.006521046 0 0 182 203
cat-Persian 0.006314367 159 1 176 9
dog-japanese_chin 0.006192982 159 1 176 9
dog-american_pit_bull_terrier 0.0061570704 32 0 202 182
cat-Russian_Blue 0.0059039593 18 7 184 197
dog-pug 0.0058653355 163 0 179 8
bella 0.0058653355 189 68 201 137
cat-Bombay 0.0058199465 67 0 127 22
cat-Ragdoll 0.0057302415 1 239 30 300
dog-staffordshire_bull_terrier 0.0054269433 131 80 145 94
dog-wheaten_terrier 0.005405903 60 0 73 7
cat-Egyptian_Mau 0.0053225458 188 113 201 188
dog-yorkshire_terrier 0.0053102076 32 0 202 182
cat-Persian 0.005220115 168 0 183 9
bella 0.005220115 190 160 202 221
cat-Abyssinian 0.0051797032 0 84 14 134
dog-leonberger 0.0051492155 32 0 202 182
cat-Bombay 0.0050800443 53 0 113 24
dog-miniature_pinscher 0.0050670505 32 0 202 182
dog-pomeranian 0.004937619 32 0 202 182
dog-staffordshire_bull_terrier 0.004924506 167 259 181 276
dog-leonberger 0.0049054027 163 1 178 8
dog-pug 0.004831642 48 0 202 195
cat-Egyptian_Mau 0.004810989 0 129 12 194
cat-Persian 0.0047183633 131 0 143 7
cat-Bombay 0.0046818256 168 0 183 9
dog-great_pyrenees 0.004588634 50 0 202 166
cat-Egyptian_Mau 0.004538417 188 3 202 68
cat-Ragdoll 0.004538417 172 0 186 8
cat-Persian 0.00450328 152 2 165 10
cat-Ragdoll 0.004433751 163 0 179 8
cat-Siamese 0.0044184923 48 0 202 195
dog-basset_hound 0.004382342 187 123 201 202
dog-chihuahua 0.004361838 0 0 171 171
dog-staffordshire_bull_terrier 0.0043314993 76 13 179 182
cat-Persian 0.0041824877 160 0 192 15
dog-beagle 0.0041824877 0 84 14 134
bella 0.0041824877 187 3 201 77
dog-miniature_pinscher 0.004138738 0 0 156 147
dog-wheaten_terrier 0.00400728 65 0 79 7
dog-staffordshire_bull_terrier 0.003930092 68 94 82 110
cat-Bombay 0.0038394034 165 0 179 8
dog-english_setter 0.003789097 0 0 182 203
bella 0.0037654042 191 95 202 152
dog-wheaten_terrier 0.0037362278 55 0 68 7
cat-Persian 0.00370726 185 0 202 61
cat-Ragdoll 0.0036499798 154 0 186 15
cat-Egyptian_Mau 0.003635794 191 82 202 137
cat-Sphynx 0.0036243498 32 0 202 182
dog-staffordshire_bull_terrier 0.003538072 133 83 148 98
cat-British_Shorthair 0.003510654 49 216 63 225
dog-havanese 0.003510654 159 1 176 9
cat-Bengal 0.0034760535 0 0 156 147
dog-staffordshire_bull_terrier 0.0034564137 126 79 140 96
cat-Persian 0.0034295917 129 0 140 8
dog-scottish_terrier 0.0034295917 76 13 179 182
dog-staffordshire_bull_terrier 0.0034295917 128 76 143 91
dog-samoyed 0.003403008 0 181 12 239
cat-Egyptian_Mau 0.003324449 0 94 13 149
dog-staffordshire_bull_terrier 0.0032824278 50 0 202 166
cat-Birman 0.003235042 176 0 188 8
dog-english_cocker_spaniel 0.003235042 188 129 201 208
cat-Ragdoll 0.0032224953 176 0 188 8
dog-basset_hound 0.0032224953 188 143 201 220
dog-havanese 0.003202945 32 0 202 182
dog-wheaten_terrier 0.0031974912 68 0 82 7
