dog-chihuahua 0.9403818 51 30 450 424
dog-shiba_inu 0.52777725 51 30 450 424
dog-pomeranian 0.49651688 51 30 450 424
dog-american_pit_bull_terrier 0.29065755 51 30 450 424
dog-keeshond 0.056634545 52 29 447 424
dog-scottish_terrier 0.044018656 34 20 453 402
dog-miniature_pinscher 0.039476603 0 20 455 436
dog-yorkshire_terrier 0.03410843 51 30 450 424
dog-leonberger 0.03408858 43 19 461 440
dog-pug 0.033291727 51 30 450 424
dog-samoyed 0.029104978 52 29 447 424
cat-Abyssinian 0.028749198 0 20 455 436
cat-Maine_Coon 0.02857688 0 20 455 436
cat-Bengal 0.027297318 0 20 455 436
dog-american_bulldog 0.026397765 43 19 461 440
cat-Siamese 0.023984253 0 20 455 436
dog-staffordshire_bull_terrier 0.02187261 43 19 461 440
cat-Sphynx 0.020620674 0 20 455 436
dog-great_pyrenees 0.017328441 43 19 461 440
dog-english_setter 0.016488522 0 20 455 436
cat-Egyptian_Mau 0.014922649 0 20 455 436
dog-wheaten_terrier 0.014672041 41 41 117 67
cat-Bombay 0.013728082 0 20 455 436
dog-wheaten_terrier 0.013352394 0 20 455 436
cat-Ragdoll 0.012135416 42 32 457 489
dog-boxer 0.012053788 485 42 499 91
dog-havanese 0.011869043 42 32 457 489
dog-boxer 0.011288077 487 84 500 121
cat-Russian_Blue 0.010248601 44 24 447 395
dog-boxer 0.010091305 487 71 500 110
dog-beagle 0.009581327 0 20 455 436
dog-boxer 0.009090394 487 58 500 99
dog-boxer 0.008380443 485 24 499 73
dog-japanese_chin 0.008011341 43 19 461 440
dog-boxer 0.007876694 487 11 500 48
dog-boxer 0.007815897 487 22 500 62
dog-boxer 0.0073904395 0 20 455 436
dog-english_cocker_spaniel 0.0073294044 0 20 455 436
dog-boxer 0.0070938766 487 97 500 135
dog-basset_hound 0.0065225363 0 20 455 436
cat-Birman 0.0060119033 57 28 452 421
dog-newfoundland 0.005962342 0 20 455 436
dog-leonberger 0.005707264 0 0 352 401
cat-Persian 0.005605638 42 32 457 489
dog-leonberger 0.005384952 40 52 75 106
dog-saint_bernard 0.0052138865 0 20 455 436
dog-basset_hound 0.005099833 279 4 316 14
cat-Birman 0.005060345 27 443 158 498
dog-boxer 0.005001664 486 308 500 351
cat-British_Shorthair 0.00484854 193 4 230 15
bella 0.00475806 42 32 457 489
cat-Maine_Coon 0.0047367513 34 3 148 56
cat-Birman 0.0046818256 0 437 123 498
cat-British_Shorthair 0.004645556 181 4 218 15
cat-Bombay 0.004573852 42 41 173 292
dog-miniature_pinscher 0.004573852 0 413 14 454
dog-pomeranian 0.004538417 77 168 427 438
cat-British_Shorthair 0.00450328 205 4 242 15
dog-boxer 0.0044510365 485 13 499 58
dog-boxer 0.004433751 486 295 500 339
dog-chihuahua 0.004382342 46 41 325 375
cat-Egyptian_Mau 0.004297942 41 41 117 67
dog-boxer 0.0042812526 487 203 500 244
dog-chihuahua 0.004276395 0 0 352 401
dog-basset_hound 0.0041339695 101 4 135 15
dog-boxer 0.004101932 487 221 500 263
dog-boxer 0.004101932 487 258 500 301
cat-British_Shorthair 0.0040543377 169 4 205 15
dog-boxer 0.0040543377 487 233 500 276
dog-boxer 0.003976226 487 271 500 314
dog-boxer 0.0039454103 487 320 500 363
dog-staffordshire_bull_terrier 0.0039454103 331 215 367 235
dog-boxer 0.003914833 487 245 500 288
dog-english_setter 0.0038963854 0 0 352 401
dog-basset_hound 0.0038693845 113 4 149 15
dog-boxer 0.0038693845 487 135 500 173
dog-boxer 0.0038543642 487 283 500 327
dog-basset_hound 0.0038394034 125 4 161 15
dog-boxer 0.0038394034 487 110 500 147
cat-Bombay 0.0037948191 125 0 309 59
dog-boxer 0.0037948191 487 351 500 393
dog-boxer 0.0037654042 487 191 500 231
dog-basset_hound 0.0036785007 267 4 304 14
dog-leonberger 0.0036785007 113 318 151 366
dog-keeshond 0.003670901 0 0 352 401
dog-basset_hound 0.0036642253 89 4 123 15
dog-miniature_pinscher 0.003635794 0 398 14 445
dog-boxer 0.0036216974 487 123 500 160
dog-basset_hound 0.0036076307 291 3 327 13
dog-staffordshire_bull_terrier 0.0035935938 324 214 360 237
cat-Persian 0.0035796463 374 0 472 30
dog-yorkshire_terrier 0.0035796463 44 49 167 303
dog-basset_hound 0.003538072 138 4 174 15
dog-shiba_inu 0.0035243332 77 168 427 438
dog-staffordshire_bull_terrier 0.0035243332 307 276 346 303
dog-miniature_pinscher 0.0034564137 46 49 335 393
cat-British_Shorthair 0.003442973 218 4 254 15
dog-boxer 0.003403008 487 363 500 406
dog-pug 0.0033898056 0 0 352 401
cat-British_Shorthair 0.00336349 157 4 192 15
