cat-Egyptian_Mau 0.9405718 110 47 226 180
cat-British_Shorthair 0.35936415 110 47 226 180
cat-Russian_Blue 0.089613825 110 48 226 179
cat-Bengal 0.08404061 110 48 226 179
dog-basset_hound 0.08122775 110 47 226 180
cat-Maine_Coon 0.04611975 110 48 226 179
cat-Bombay 0.03234434 315 0 334 19
bella 0.030617774 110 48 226 179
cat-Ragdoll 0.022977382 110 48 226 179
cat-Egyptian_Mau 0.01805535 114 57 171 168
cat-British_Shorthair 0.0173091 315 0 334 19
dog-beagle 0.015906394 110 48 226 178
cat-Bengal 0.015663654 240 0 328 42
dog-pug 0.012970388 315 0 334 19
cat-Bombay 0.012007356 232 0 320 36
cat-Abyssinian 0.010735154 111 47 229 182
dog-english_cocker_spaniel 0.010611415 110 48 226 179
cat-Egyptian_Mau 0.009412587 111 56 152 146
dog-wheaten_terrier 0.009303957 110 48 226 179
dog-staffordshire_bull_terrier 0.009020269 98 50 223 190
dog-basset_hound 0.008677721 154 360 182 385
dog-samoyed 0.008577496 111 47 229 182
cat-Bombay 0.008348048 232 0 290 28
dog-keeshond 0.0077555478 110 48 226 181
cat-Bengal 0.007460654 272 0 328 29
cat-Siamese 0.007403016 3 1 105 67
cat-Siamese 0.007289082 0 0 85 56
cat-British_Shorthair 0.007176876 176 1 202 12
cat-Bengal 0.0070390403 113 82 189 182
dog-shiba_inu 0.0066928566 112 48 232 184
cat-British_Shorthair 0.0066154003 79 2 104 16
cat-British_Shorthair 0.0065642595 194 1 219 12
dog-basset_hound 0.0064381063 63 390 91 420
dog-newfoundland 0.006241262 0 79 21 184
cat-Bengal 0.006152749 0 0 244 224
dog-leonberger 0.006073922 0 55 21 155
cat-British_Shorthair 0.0059571564 185 1 210 12
cat-Siamese 0.005911082 0 0 76 38
cat-Bengal 0.0058653355 221 0 326 58
cat-British_Shorthair 0.0058425963 274 229 299 244
dog-basset_hound 0.0058425963 164 334 192 359
dog-basset_hound 0.0058199465 157 353 185 383
cat-Russian_Blue 0.005797416 315 0 334 19
cat-Bombay 0.005708039 238 3 331 73
cat-Bombay 0.0056200325 221 0 326 58
cat-Egyptian_Mau 0.005448073 287 0 334 28
cat-British_Shorthair 0.0054373443 0 0 244 224
dog-boxer 0.005405903 98 50 223 190
dog-basset_hound 0.005260855 160 361 190 388
dog-miniature_pinscher 0.0051691234 107 6 334 355
cat-Sphynx 0.00513342 107 6 334 355
cat-Bombay 0.005060345 309 2 333 15
cat-British_Shorthair 0.005021155 88 2 114 16
cat-Persian 0.005021155 110 48 226 179
cat-Bengal 0.005001664 114 57 171 168
cat-Bombay 0.0049054027 181 1 206 12
cat-Bengal 0.004886389 255 0 318 30
dog-american_bulldog 0.004886389 110 48 226 178
cat-British_Shorthair 0.004792303 202 1 228 12
cat-British_Shorthair 0.004773736 261 210 284 225
cat-Egyptian_Mau 0.004695475 0 0 244 224
dog-basset_hound 0.004645556 164 340 192 365
cat-Bengal 0.0044510365 238 3 331 73
dog-basset_hound 0.004365325 67 397 94 426
cat-Persian 0.0043483675 181 1 206 12
cat-Bombay 0.004264623 190 1 215 12
dog-miniature_pinscher 0.0042550564 159 108 334 500
dog-english_cocker_spaniel 0.004231602 79 2 104 16
dog-basset_hound 0.0041824877 199 243 228 268
dog-boxer 0.0041500926 274 232 298 248
dog-yorkshire_terrier 0.0041500926 0 67 21 172
dog-basset_hound 0.004117906 153 371 184 390
cat-Siamese 0.004101932 315 0 334 19
cat-Bombay 0.004085988 0 67 21 172
cat-British_Shorthair 0.004085988 74 1 98 12
cat-Bombay 0.0040543377 198 1 224 12
cat-British_Shorthair 0.0040228963 82 1 107 13
cat-British_Shorthair 0.003991723 168 1 195 13
cat-British_Shorthair 0.003991723 114 57 171 168
dog-basset_hound 0.003965497 107 6 334 355
dog-basset_hound 0.0039454103 198 233 230 264
cat-Siamese 0.003914833 20 4 127 76
cat-Sphynx 0.003914833 98 50 223 190
dog-boxer 0.003914833 317 0 333 20
dog-english_cocker_spaniel 0.003914833 88 201 107 219
dog-wheaten_terrier 0.0038244724 0 1 24 13
cat-Russian_Blue 0.0037948191 221 0 326 58
cat-Abyssinian 0.003722936 122 68 334 500
bella 0.003721714 315 328 334 417
cat-Birman 0.0036499798 317 0 333 20
cat-Birman 0.0036499798 98 50 223 190
cat-Bombay 0.0036499798 207 1 232 12
dog-wheaten_terrier 0.0036381185 0 0 244 224
cat-Bombay 0.0035935938 70 1 94 12
cat-Egyptian_Mau 0.0035935938 61 39 86 50
cat-Persian 0.0035796463 172 1 198 12
cat-Egyptian_Mau 0.0035657287 263 0 323 30
dog-english_cocker_spaniel 0.0035318732 0 0 244 224
cat-Bombay 0.0034970045 172 1 198 12
cat-Siamese 0.0034698844 205 0 261 27
