cat-Egyptian_Mau 0.92656994 185 19 283 117
dog-beagle 0.04922211 183 19 285 117
cat-Ragdoll 0.040845722 185 20 281 118
cat-Russian_Blue 0.027169228 144 20 284 116
cat-Egyptian_Mau 0.025035411 187 15 338 118
cat-British_Shorthair 0.023197621 183 19 285 117
cat-Abyssinian 0.01998514 183 19 285 117
dog-boxer 0.019606173 187 15 338 118
cat-Egyptian_Mau 0.019456565 184 27 302 152
dog-basset_hound 0.019050896 183 19 285 117
bella 0.015906394 185 20 281 118
dog-american_bulldog 0.01542455 185 20 281 118
dog-shiba_inu 0.014172375 187 15 338 118
dog-boxer 0.013795376 144 20 284 116
dog-american_bulldog 0.012194127 187 15 338 118
cat-Bengal 0.012147158 183 19 285 117
cat-Sphynx 0.011732459 187 15 338 118
cat-Bombay 0.011687249 57 0 191 32
cat-Ragdoll 0.010248601 187 15 338 118
cat-Birman 0.0087791085 0 340 94 398
dog-samoyed 0.008478403 185 20 281 118
dog-saint_bernard 0.00815624 185 20 281 118
cat-British_Shorthair 0.008124709 55 11 281 120
dog-shiba_inu 0.007999748 185 20 281 118
dog-staffordshire_bull_terrier 0.007815897 187 15 338 118
dog-great_pyrenees 0.007785648 185 20 281 118
cat-Siamese 0.0077555478 289 1 400 55
cat-Egyptian_Mau 0.007547915 142 33 282 139
cat-Sphynx 0.0074317753 144 20 284 116
dog-basset_hound 0.007332802 10 71 341 377
cat-Bombay 0.007289082 81 0 212 43
cat-Russian_Blue 0.007289082 187 15 338 118
dog-basset_hound 0.007289082 369 89 400 196
dog-english_cocker_spaniel 0.0069576204 2 141 58 268
cat-Russian_Blue 0.0066411197 55 11 281 120
cat-Bombay 0.0063883364 27 0 158 40
dog-staffordshire_bull_terrier 0.0061689913 144 20 284 116
dog-japanese_chin 0.006073922 185 20 281 118
dog-english_cocker_spaniel 0.006050408 374 142 400 247
dog-american_bulldog 0.0060269535 232 143 317 314
bella 0.0059340596 378 278 400 345
dog-english_cocker_spaniel 0.0058425963 1 208 28 267
cat-Egyptian_Mau 0.0058199465 186 30 252 115
dog-saint_bernard 0.005774915 187 15 338 118
cat-Maine_Coon 0.005139619 187 15 338 118
dog-great_pyrenees 0.005139619 187 15 338 118
cat-Bengal 0.0051320493 0 58 364 398
cat-British_Shorthair 0.005001664 258 1 285 9
dog-boxer 0.004962951 55 11 281 120
cat-Abyssinian 0.0048297346 185 65 249 116
cat-Bombay 0.0047000647 71 3 230 56
cat-Persian 0.004645556 185 20 281 118
cat-Siamese 0.0045916736 187 15 338 118
dog-american_pit_bull_terrier 0.0045561194 353 29 400 151
dog-english_cocker_spaniel 0.004485786 368 38 400 156
cat-Russian_Blue 0.004399419 258 1 285 9
cat-Egyptian_Mau 0.004365325 55 11 281 120
cat-Egyptian_Mau 0.004365325 182 19 323 256
dog-english_cocker_spaniel 0.004365325 374 171 400 257
cat-Birman 0.0043483675 15 0 133 39
cat-British_Shorthair 0.0043483675 142 33 282 139
dog-staffordshire_bull_terrier 0.004264623 253 1 280 10
dog-american_pit_bull_terrier 0.0041987896 360 58 400 164
dog-german_shorthaired 0.0041987896 2 218 27 278
dog-boxer 0.0041824877 253 3 400 57
dog-english_cocker_spaniel 0.0041662455 3 110 58 227
dog-samoyed 0.0041500926 187 15 338 118
dog-basset_hound 0.004149139 146 38 357 366
dog-english_cocker_spaniel 0.0041339695 54 272 97 304
cat-British_Shorthair 0.004101932 184 27 302 152
dog-shiba_inu 0.004085988 55 11 281 120
dog-basset_hound 0.004070133 375 120 400 209
dog-english_cocker_spaniel 0.004070133 2 229 26 289
cat-Egyptian_Mau 0.00400728 240 318 314 344
cat-Birman 0.003976226 55 11 281 120
dog-basset_hound 0.003967911 0 58 364 398
dog-newfoundland 0.0039454103 3 72 57 193
dog-pug 0.003899634 55 11 281 120
dog-boxer 0.0038844645 264 0 395 44
dog-boxer 0.0038244724 253 16 390 80
cat-British_Shorthair 0.0038096309 270 1 296 9
cat-Siamese 0.0038096309 15 0 133 39
dog-english_cocker_spaniel 0.0038096309 2 155 29 219
dog-staffordshire_bull_terrier 0.0037948191 264 1 291 9
cat-Bombay 0.0037800968 333 2 397 35
dog-newfoundland 0.0037654042 45 79 134 140
cat-Siamese 0.003750801 224 7 381 63
dog-english_cocker_spaniel 0.0037362278 370 184 400 285
dog-english_cocker_spaniel 0.003721714 75 243 110 278
cat-Russian_Blue 0.0036499798 27 0 163 33
dog-staffordshire_bull_terrier 0.0036216974 1 32 239 158
cat-Birman 0.0035796463 144 20 284 116
dog-english_cocker_spaniel 0.003538072 76 231 112 263
cat-Siamese 0.0034970045 264 0 395 44
dog-pug 0.003442973 289 1 400 55
dog-american_pit_bull_terrier 0.0034295917 354 17 400 117
dog-american_pit_bull_terrier 0.0034168363 210 0 400 277
dog-staffordshire_bull_terrier 0.0033897758 55 11 281 120
cat-British_Shorthair 0.0033769608 0 24 367 387
cat-Bombay 0.00336349 270 1 296 9
