cat-Egyptian_Mau 0.98403233 97 45 220 177
dog-japanese_chin 0.105763435 137 216 375 500
cat-British_Shorthair 0.07751766 98 45 219 178
bella 0.058453232 98 45 219 178
dog-basset_hound 0.05439931 96 45 221 176
dog-beagle 0.04161781 97 46 220 177
cat-Russian_Blue 0.035410732 97 43 221 182
cat-Ragdoll 0.030792177 98 45 219 178
cat-Maine_Coon 0.02711767 97 43 221 182
cat-Bengal 0.022846192 97 44 221 185
cat-Ragdoll 0.014009565 251 226 375 490
dog-shiba_inu 0.014009565 97 43 221 182
dog-samoyed 0.0136368275 97 43 221 182
dog-american_bulldog 0.0119611025 97 46 220 177
dog-american_bulldog 0.010773361 0 0 286 500
cat-Egyptian_Mau 0.010693759 99 57 165 170
cat-Abyssinian 0.008610755 97 44 221 185
cat-Birman 0.008610755 253 264 375 500
dog-pug 0.007909626 97 7 375 374
dog-staffordshire_bull_terrier 0.007907301 97 43 221 182
dog-pomeranian 0.0075772405 251 226 375 490
cat-Ragdoll 0.0075187087 269 394 375 497
cat-Ragdoll 0.007317394 1 395 59 500
cat-Egyptian_Mau 0.006984651 0 209 23 316
dog-havanese 0.0067975223 69 1 102 18
dog-american_pit_bull_terrier 0.0066154003 327 215 375 336
dog-american_pit_bull_terrier 0.0064381063 326 233 375 389
dog-scottish_terrier 0.00614509 0 298 24 405
dog-pomeranian 0.005971223 29 0 341 488
cat-Bombay 0.005888164 241 0 349 39
cat-Ragdoll 0.005774915 316 380 375 494
dog-japanese_chin 0.005708635 97 7 375 374
cat-Ragdoll 0.0056858957 344 414 375 489
dog-keeshond 0.0056858957 97 43 221 182
dog-pomeranian 0.005634457 117 0 375 255
cat-Egyptian_Mau 0.0054905713 0 35 22 146
dog-havanese 0.0054269433 76 0 105 15
dog-shiba_inu 0.0051797032 0 298 24 405
dog-havanese 0.005099833 185 0 212 12
cat-Birman 0.0049436986 66 46 212 192
cat-Ragdoll 0.0048674047 214 377 375 500
cat-Maine_Coon 0.004627526 312 402 375 500
cat-Egyptian_Mau 0.004573852 0 285 23 392
cat-Maine_Coon 0.004573852 275 397 375 500
dog-havanese 0.0045208335 175 1 203 14
dog-great_pyrenees 0.00450176 117 0 375 255
cat-Bombay 0.0044683814 229 0 295 28
dog-japanese_chin 0.004455507 98 75 375 500
dog-great_pyrenees 0.004433751 76 2 105 18
cat-Abyssinian 0.004382342 253 264 375 500
dog-basset_hound 0.004365325 206 241 242 273
dog-samoyed 0.0042812526 0 298 24 405
cat-Egyptian_Mau 0.0041987896 2 2 113 75
dog-wheaten_terrier 0.0041987896 216 0 239 13
dog-japanese_chin 0.004101932 251 226 375 490
dog-german_shorthaired 0.0040543377 314 214 375 334
dog-pomeranian 0.004046023 97 7 375 374
dog-samoyed 0.0040228963 0 221 23 326
dog-keeshond 0.0039454103 251 226 375 490
dog-wheaten_terrier 0.003899634 0 274 22 381
dog-wheaten_terrier 0.003899634 98 45 219 178
dog-pug 0.0038852096 148 28 375 480
cat-Bengal 0.0038693845 0 298 24 405
cat-Bengal 0.0038244724 0 221 23 326
cat-Ragdoll 0.0037948191 0 343 108 500
cat-Birman 0.0037800968 11 0 120 58
cat-Bengal 0.0037362278 312 0 374 54
cat-Persian 0.0037313402 0 0 237 223
dog-wheaten_terrier 0.0036928654 0 120 22 230
cat-Siamese 0.0036785007 253 264 375 500
dog-great_pyrenees 0.0036634505 97 7 375 374
dog-german_shorthaired 0.003635794 315 240 374 385
dog-pomeranian 0.0036230385 148 28 375 480
cat-Siamese 0.0035935938 1 0 102 59
dog-havanese 0.0035657287 57 1 94 18
cat-Russian_Blue 0.0035243332 151 49 269 143
cat-Russian_Blue 0.003510654 1 0 102 59
dog-scottish_terrier 0.0034834146 0 274 22 381
dog-english_cocker_spaniel 0.0034698844 97 43 221 182
dog-great_pyrenees 0.0034564137 140 1 164 15
dog-american_bulldog 0.0034505725 97 7 375 374
cat-Maine_Coon 0.003442973 344 414 375 489
dog-yorkshire_terrier 0.003442973 0 298 24 405
cat-Egyptian_Mau 0.00341627 0 404 72 500
dog-wheaten_terrier 0.00341627 0 221 23 326
cat-Maine_Coon 0.003403008 334 301 375 449
dog-staffordshire_bull_terrier 0.0033897758 229 180 267 232
dog-american_pit_bull_terrier 0.0033887625 97 7 375 374
cat-Maine_Coon 0.0033766031 0 0 88 92
dog-wheaten_terrier 0.003337413 0 298 24 405
cat-Bombay 0.003324449 245 0 316 30
cat-Birman 0.0033115149 150 244 375 500
cat-Egyptian_Mau 0.0033115149 0 72 22 184
cat-British_Shorthair 0.003306359 0 0 237 223
cat-Egyptian_Mau 0.0032858253 1 0 26 81
dog-havanese 0.0032858253 81 2 109 18
dog-shiba_inu 0.0032730699 0 221 23 326
dog-great_pyrenees 0.0032603443 107 1 130 15
dog-havanese 0.0032603443 197 0 222 11
dog-havanese 0.0032567084 117 0 375 255
