cat-Egyptian_Mau 0.9405718 1 0 112 117
cat-Abyssinian 0.22884512 3 0 113 118
cat-Ragdoll 0.20497775 3 0 113 118
cat-Russian_Blue 0.069037914 0 1 109 111
cat-British_Shorthair 0.04885778 1 0 112 117
dog-basset_hound 0.035277545 1 0 112 118
dog-beagle 0.033085972 1 0 112 118
dog-shiba_inu 0.03143984 0 1 109 111
bella 0.021287352 3 0 113 118
dog-american_bulldog 0.02052778 2 1 110 115
cat-Bengal 0.016593188 0 1 109 111
dog-samoyed 0.016340137 0 1 109 111
dog-yorkshire_terrier 0.014899641 122 0 332 102
cat-Maine_Coon 0.0140636265 3 0 113 118
dog-boxer 0.013795376 136 108 181 132
dog-boxer 0.012870759 0 1 109 111
dog-yorkshire_terrier 0.012821227 223 0 332 76
dog-yorkshire_terrier 0.012431651 248 5 332 147
bella 0.011244565 0 0 20 17
dog-newfoundland 0.010570496 224 207 252 216
dog-keeshond 0.010130405 0 1 109 111
dog-yorkshire_terrier 0.010130405 151 0 332 76
cat-Egyptian_Mau 0.009522498 0 0 93 100
dog-great_pyrenees 0.00898543 0 1 109 111
dog-saint_bernard 0.008577496 2 1 110 115
dog-american_bulldog 0.007968813 156 108 195 126
dog-wheaten_terrier 0.007374376 0 1 109 111
dog-japanese_chin 0.0073458254 2 1 110 115
dog-yorkshire_terrier 0.0073458254 234 1 332 76
dog-yorkshire_terrier 0.0064631402 228 0 332 110
dog-leonberger 0.0064381063 0 1 109 111
cat-Abyssinian 0.006192982 45 77 109 115
bella 0.00614509 314 204 332 265
cat-Siamese 0.005911082 2 1 110 115
cat-Sphynx 0.0058653355 0 1 109 111
dog-great_pyrenees 0.005774915 185 101 250 150
cat-Egyptian_Mau 0.00577417 0 0 185 317
dog-american_bulldog 0.005614251 0 0 185 317
dog-american_pit_bull_terrier 0.005598247 287 158 332 264
dog-pomeranian 0.005598247 0 1 109 111
dog-yorkshire_terrier 0.0051196814 242 16 332 200
dog-great_pyrenees 0.0050949156 4 0 285 141
dog-staffordshire_bull_terrier 0.0050800443 2 1 110 115
cat-Persian 0.005066514 4 0 285 141
dog-newfoundland 0.005060345 178 156 230 224
cat-Egyptian_Mau 0.00484854 0 0 19 14
cat-Bombay 0.004609585 107 0 172 19
dog-saint_bernard 0.004609585 112 105 146 126
dog-newfoundland 0.0045208335 177 138 228 207
dog-saint_bernard 0.00450328 129 109 168 134
cat-Egyptian_Mau 0.004338622 0 0 174 134
dog-saint_bernard 0.004264623 120 106 157 125
bella 0.004215151 310 195 331 272
dog-boxer 0.0041987896 147 108 189 126
dog-leonberger 0.0041987896 188 117 217 143
dog-yorkshire_terrier 0.0041662455 256 0 332 50
cat-Abyssinian 0.004117906 93 2 108 9
dog-leonberger 0.0040543377 178 112 209 134
cat-Bombay 0.003991723 152 0 258 26
dog-boxer 0.003930092 156 109 193 132
cat-Maine_Coon 0.0038844645 0 0 18 17
dog-leonberger 0.0038844645 284 243 332 317
dog-beagle 0.0038394034 92 1 109 8
dog-saint_bernard 0.0037654042 115 109 145 134
cat-Bengal 0.0037362278 95 0 151 18
dog-miniature_pinscher 0.0037362278 0 106 9 135
cat-Birman 0.0037271082 4 0 285 141
cat-Bombay 0.0036928654 275 1 332 30
cat-Ragdoll 0.0036540031 4 0 285 141
cat-Russian_Blue 0.003635794 0 0 105 90
dog-leonberger 0.0036076307 166 108 201 127
dog-leonberger 0.0036076307 308 260 332 311
cat-Birman 0.003538072 85 1 104 8
dog-yorkshire_terrier 0.003538072 135 165 201 213
dog-yorkshire_terrier 0.0034834146 189 0 332 52
dog-english_cocker_spaniel 0.0034698844 84 212 113 234
dog-boxer 0.003442973 127 107 169 135
dog-saint_bernard 0.0034295917 127 107 168 126
cat-Egyptian_Mau 0.00341627 95 0 151 18
bella 0.0033766031 314 223 332 281
dog-american_bulldog 0.0033504367 89 1 107 8
dog-american_bulldog 0.003341347 0 64 166 317
cat-Bombay 0.003337413 110 0 215 25
dog-english_setter 0.0033115149 294 185 332 282
dog-great_pyrenees 0.0033115149 203 101 267 149
dog-english_setter 0.0032476783 292 165 332 255
dog-leonberger 0.0032476783 267 234 329 316
dog-great_pyrenees 0.003240347 36 0 332 160
dog-leonberger 0.003235042 4 95 53 199
dog-great_pyrenees 0.0032224953 187 83 251 135
dog-pug 0.0032224953 156 108 195 126
dog-havanese 0.0031982362 4 0 285 141
dog-boxer 0.0031726956 141 112 187 138
cat-Egyptian_Mau 0.0031619966 0 0 142 216
cat-Siamese 0.0031603575 90 100 113 109
cat-Persian 0.0031153262 5 5 304 202
dog-american_bulldog 0.0031115115 140 108 182 125
cat-Maine_Coon 0.0031010807 4 0 285 141
cat-Bombay 0.0030994117 181 0 293 26
cat-British_Shorthair 0.0030873716 1 253 49 317
