dog-english_setter 0.9648552 124 17 359 291
dog-leonberger 0.17441195 126 18 362 285
dog-english_cocker_spaniel 0.14104462 126 19 358 291
dog-wheaten_terrier 0.12223977 136 16 362 281
dog-basset_hound 0.09828177 127 9 373 292
dog-great_pyrenees 0.07592261 127 9 373 292
dog-havanese 0.07330656 127 9 373 292
dog-keeshond 0.07116547 127 9 373 292
bella 0.06756532 127 9 373 292
dog-saint_bernard 0.06708345 127 9 373 292
dog-american_pit_bull_terrier 0.059590608 127 9 373 292
dog-beagle 0.059552282 127 9 373 292
dog-newfoundland 0.058175147 127 9 373 292
dog-miniature_pinscher 0.049300045 127 9 373 292
dog-german_shorthaired 0.041282 127 9 373 292
cat-Bengal 0.0352754 127 9 373 292
cat-Maine_Coon 0.03263834 127 9 373 292
dog-scottish_terrier 0.029230356 127 9 373 292
dog-staffordshire_bull_terrier 0.024910152 127 9 373 292
cat-Egyptian_Mau 0.022638917 127 9 373 292
dog-shiba_inu 0.022634923 127 9 373 292
cat-British_Shorthair 0.021043211 127 9 373 292
dog-samoyed 0.019302398 127 9 373 292
dog-chihuahua 0.018895745 127 9 373 292
cat-Persian 0.01738149 127 9 373 292
dog-american_bulldog 0.017321825 127 9 373 292
cat-Abyssinian 0.014677495 127 9 373 292
cat-Bombay 0.014392346 22 0 124 40
cat-Russian_Blue 0.014172375 30 0 125 44
dog-wheaten_terrier 0.012479693 191 17 362 184
dog-scottish_terrier 0.011777848 0 136 22 247
dog-japanese_chin 0.011175245 127 9 373 292
cat-Bombay 0.010432452 127 9 373 292
dog-pomeranian 0.010155469 127 9 373 292
dog-keeshond 0.0097461045 0 136 22 247
dog-yorkshire_terrier 0.00943166 127 9 373 292
dog-yorkshire_terrier 0.00912565 0 136 22 247
cat-Russian_Blue 0.008499831 127 9 373 292
cat-Bombay 0.008380443 34 4 160 69
dog-staffordshire_bull_terrier 0.0077555478 273 64 299 86
cat-Ragdoll 0.0076226294 127 9 373 292
dog-boxer 0.0074259937 127 9 373 292
cat-Bombay 0.0072327554 41 0 154 53
dog-yorkshire_terrier 0.007204771 3 2 43 15
cat-Bengal 0.006338924 0 0 101 41
cat-Bengal 0.006305188 0 0 356 329
dog-keeshond 0.006241262 243 237 282 276
dog-havanese 0.0062042475 133 0 375 258
dog-leonberger 0.0059803426 0 136 22 247
dog-wheaten_terrier 0.0057302415 0 143 22 260
dog-shiba_inu 0.005708039 356 282 375 369
dog-english_setter 0.0056791604 133 0 375 258
dog-yorkshire_terrier 0.0056419075 0 5 24 111
cat-British_Shorthair 0.005593449 0 0 356 329
dog-yorkshire_terrier 0.0055549145 14 0 45 13
dog-scottish_terrier 0.005260855 0 5 24 111
dog-keeshond 0.0051998794 156 423 258 500
dog-english_cocker_spaniel 0.0051596165 0 154 21 274
cat-Bombay 0.0050800443 12 1 122 66
dog-english_cocker_spaniel 0.005043119 0 0 374 349
dog-wheaten_terrier 0.0049575865 133 0 375 258
cat-Sphynx 0.004941672 127 9 373 292
cat-Bengal 0.004886389 0 143 22 260
cat-Bombay 0.0048297346 4 0 95 55
dog-samoyed 0.004810989 0 143 22 260
dog-german_shorthaired 0.004773736 114 0 261 242
cat-Bombay 0.004663646 3 2 43 15
cat-Bengal 0.0046039224 0 0 307 243
cat-Egyptian_Mau 0.0045208335 0 136 22 247
dog-yorkshire_terrier 0.0045208335 68 0 169 57
dog-american_pit_bull_terrier 0.004412025 152 0 375 278
dog-leonberger 0.004399419 301 292 325 352
dog-newfoundland 0.004382342 3 2 43 15
dog-scottish_terrier 0.004382342 0 161 18 267
dog-pug 0.0043700337 127 9 373 292
cat-British_Shorthair 0.004369378 0 0 307 243
bella 0.0041987896 356 282 375 369
dog-pomeranian 0.0041662455 0 130 23 236
dog-leonberger 0.004101932 228 301 253 363
cat-Birman 0.004085988 24 0 137 52
dog-shiba_inu 0.004085988 0 136 22 247
dog-keeshond 0.004070133 0 428 95 500
cat-Abyssinian 0.00400728 1 125 23 212
cat-Bombay 0.0039639175 0 0 307 243
dog-chihuahua 0.0039607882 0 136 22 247
cat-Bengal 0.0039454103 0 2 74 62
cat-Maine_Coon 0.0039454103 0 136 22 247
dog-staffordshire_bull_terrier 0.003930092 287 41 313 61
cat-Bengal 0.003899634 30 0 125 44
cat-Siamese 0.0038875043 127 9 373 292
dog-newfoundland 0.0038844645 0 15 23 122
cat-Russian_Blue 0.0038244724 27 0 103 36
dog-newfoundland 0.0038244724 0 136 22 247
bella 0.0038244724 356 261 375 350
dog-yorkshire_terrier 0.003814727 0 0 307 243
dog-shiba_inu 0.0037948191 356 261 375 350
dog-english_cocker_spaniel 0.0037902296 133 0 375 258
dog-newfoundland 0.0037800968 14 0 45 13
dog-newfoundland 0.0037524104 0 0 356 329
cat-Siamese 0.0036928654 14 0 118 53
