dog-english_setter 0.88483775 278 83 373 163
dog-english_cocker_spaniel 0.114566505 280 83 373 163
dog-leonberger 0.096365094 278 84 374 167
dog-german_shorthaired 0.080501914 278 83 373 163
dog-basset_hound 0.05644402 280 83 373 163
dog-wheaten_terrier 0.041152894 278 83 373 163
bella 0.029873103 278 86 373 166
dog-english_cocker_spaniel 0.025274903 271 78 387 250
cat-Bengal 0.023779988 280 83 373 163
dog-great_pyrenees 0.023644328 278 84 373 166
dog-beagle 0.021948248 280 83 373 163
dog-saint_bernard 0.019014448 278 85 374 166
dog-newfoundland 0.018582165 280 83 373 163
dog-miniature_pinscher 0.015111864 269 50 500 387
cat-Persian 0.011288077 279 84 373 167
dog-leonberger 0.010944575 307 86 375 157
dog-miniature_pinscher 0.010693759 0 53 341 267
cat-Bombay 0.010611415 48 0 182 32
dog-miniature_pinscher 0.009559393 280 83 373 163
dog-miniature_pinscher 0.008737087 0 61 384 361
dog-keeshond 0.008283615 279 84 373 167
dog-american_pit_bull_terrier 0.008099288 231 0 500 336
dog-miniature_pinscher 0.0077640116 259 118 500 417
dog-leonberger 0.0074317753 0 267 32 353
dog-chihuahua 0.0074300766 278 79 500 417
cat-British_Shorthair 0.007403016 279 84 373 167
cat-Bengal 0.0072869956 0 8 371 292
dog-american_pit_bull_terrier 0.007011801 280 83 373 163
dog-english_cocker_spaniel 0.006312102 0 8 371 292
dog-pug 0.0060035884 264 48 376 165
dog-havanese 0.0059571564 279 84 373 167
cat-Maine_Coon 0.005911082 110 327 311 417
cat-Bengal 0.005888164 0 0 94 32
cat-Siamese 0.0058199465 4 0 119 41
dog-staffordshire_bull_terrier 0.005797416 280 83 373 163
cat-Birman 0.005774915 4 0 119 41
dog-havanese 0.005774915 264 48 376 165
cat-Bombay 0.0056858957 264 48 376 165
dog-japanese_chin 0.005384952 3 267 42 364
dog-miniature_pinscher 0.0053432584 126 72 236 125
cat-Bombay 0.0051797032 143 0 289 32
dog-leonberger 0.0050800443 0 253 16 293
dog-boxer 0.005021155 339 72 500 147
dog-scottish_terrier 0.004916668 0 61 384 361
cat-Egyptian_Mau 0.00484854 278 84 373 167
cat-Maine_Coon 0.0048297346 0 0 94 32
dog-american_pit_bull_terrier 0.0048047304 276 0 500 347
dog-wheaten_terrier 0.004792303 0 267 32 353
dog-yorkshire_terrier 0.004792303 253 0 400 162
cat-Persian 0.004773736 0 267 32 353
cat-Maine_Coon 0.004755199 280 83 373 163
dog-miniature_pinscher 0.004659027 0 54 432 417
dog-american_bulldog 0.004609585 279 84 372 165
dog-english_cocker_spaniel 0.0044923723 0 0 333 213
cat-Bengal 0.004433751 15 0 155 32
cat-Bengal 0.0044048727 0 0 333 213
dog-japanese_chin 0.004399419 0 267 32 353
cat-Bombay 0.004365325 52 0 146 25
dog-newfoundland 0.004314691 0 276 32 362
dog-japanese_chin 0.004264623 279 84 373 167
dog-staffordshire_bull_terrier 0.004215151 485 3 500 32
cat-Bombay 0.0041987896 21 0 156 42
dog-newfoundland 0.0041824877 271 78 387 250
cat-Egyptian_Mau 0.0041662455 0 276 32 362
cat-Bengal 0.0041339695 0 316 31 403
cat-Bombay 0.004101932 263 1 399 32
dog-english_setter 0.00400728 281 111 363 165
dog-scottish_terrier 0.003991425 0 54 432 417
dog-scottish_terrier 0.0039607882 280 82 374 163
dog-havanese 0.0039179325 273 0 500 295
dog-miniature_pinscher 0.0038736165 208 53 425 365
dog-yorkshire_terrier 0.0038244724 0 276 32 362
cat-Egyptian_Mau 0.0038096309 0 0 79 31
dog-samoyed 0.0038096309 280 83 371 156
cat-Bombay 0.003750801 93 0 248 33
dog-yorkshire_terrier 0.003750801 0 0 267 105
dog-yorkshire_terrier 0.0036396384 273 0 500 295
cat-Bombay 0.0036216974 271 78 387 250
cat-Bombay 0.0035935938 108 61 372 190
dog-miniature_pinscher 0.0035935938 485 166 500 205
cat-Persian 0.0035796463 264 48 376 165
dog-leonberger 0.003538072 0 144 36 202
cat-Bombay 0.003510654 270 0 371 25
dog-scottish_terrier 0.003510654 0 68 400 277
dog-havanese 0.0034698844 253 0 400 162
dog-miniature_pinscher 0.0034339726 0 0 333 213
cat-Bengal 0.0034295917 4 310 177 417
dog-english_cocker_spaniel 0.0033954978 0 29 423 409
cat-Bombay 0.0033766031 177 0 329 30
dog-yorkshire_terrier 0.0033504367 266 19 389 180
dog-leonberger 0.0033115149 485 0 500 19
dog-yorkshire_terrier 0.0032893717 259 118 500 417
dog-chihuahua 0.0032603443 486 261 500 297
dog-yorkshire_terrier 0.0032603443 87 0 365 114
cat-Bombay 0.0032476783 218 0 320 23
dog-leonberger 0.0032476783 264 48 376 165
cat-Siamese 0.0032224953 431 32 500 129
dog-pug 0.0031726956 32 303 58 330
dog-scottish_terrier 0.0031726956 271 78 387 250
dog-great_pyrenees 0.003148079 264 48 376 165
