dog-english_setter 0.8494724 119 94 205 194
dog-english_cocker_spaniel 0.20055768 118 93 205 197
dog-basset_hound 0.072900265 119 93 205 194
dog-german_shorthaired 0.047602654 119 94 205 194
bella 0.03365296 120 95 205 196
dog-leonberger 0.033589512 118 93 205 197
dog-wheaten_terrier 0.028060734 118 93 205 197
dog-havanese 0.02611199 116 13 500 307
dog-beagle 0.024423093 118 93 205 197
cat-Bengal 0.023330778 119 93 205 194
dog-saint_bernard 0.021287352 119 92 206 194
dog-havanese 0.018478185 98 0 394 282
dog-havanese 0.017110884 119 0 500 171
dog-newfoundland 0.013955712 119 93 205 197
cat-Birman 0.012383789 356 0 497 39
cat-Egyptian_Mau 0.011375606 123 96 192 135
cat-Bengal 0.011158019 123 96 192 135
cat-Egyptian_Mau 0.011029482 99 0 171 17
cat-Birman 0.010986954 35 3 218 92
dog-american_pit_bull_terrier 0.010611415 118 93 205 197
dog-great_pyrenees 0.010248601 123 96 192 135
cat-Persian 0.010169655 119 92 206 194
bella 0.010052383 155 265 187 314
dog-saint_bernard 0.01001358 123 96 192 135
dog-havanese 0.009500444 188 0 500 238
cat-British_Shorthair 0.009412587 119 93 205 196
dog-great_pyrenees 0.008610755 119 92 206 194
dog-havanese 0.008348048 119 92 206 194
cat-Ragdoll 0.008315772 1 296 74 375
dog-leonberger 0.008315772 298 257 339 305
dog-yorkshire_terrier 0.007999748 300 147 384 171
dog-leonberger 0.007606685 99 0 171 17
dog-boxer 0.0075187087 117 97 202 194
dog-havanese 0.0072327554 153 0 479 108
dog-american_bulldog 0.007121414 119 92 206 194
dog-havanese 0.007121414 300 147 384 171
dog-samoyed 0.007066399 123 96 192 135
cat-Egyptian_Mau 0.0069576204 33 0 106 22
dog-samoyed 0.0065642595 76 0 412 144
cat-Persian 0.0064882636 443 1 496 38
cat-Abyssinian 0.006338924 120 95 205 196
cat-Birman 0.006338924 99 0 171 17
dog-newfoundland 0.006338924 336 163 415 296
dog-english_cocker_spaniel 0.0060269535 123 96 192 135
dog-english_setter 0.005888164 123 96 192 135
dog-newfoundland 0.005888164 312 155 406 277
dog-saint_bernard 0.005797416 117 99 175 169
dog-great_pyrenees 0.005699873 154 0 500 203
cat-Siamese 0.005576551 99 0 171 17
dog-yorkshire_terrier 0.005576551 103 16 495 218
cat-Maine_Coon 0.0053640604 120 95 205 196
cat-Egyptian_Mau 0.0053432584 70 0 138 17
dog-samoyed 0.005260855 153 0 375 60
dog-newfoundland 0.0051998794 123 96 192 135
dog-chihuahua 0.005139619 487 40 500 70
dog-wheaten_terrier 0.005139619 123 96 192 135
cat-Egyptian_Mau 0.0051196814 52 0 124 19
dog-havanese 0.0051196814 297 154 410 216
cat-Maine_Coon 0.004924506 134 0 340 60
cat-Egyptian_Mau 0.004882008 0 74 263 375
cat-Maine_Coon 0.0048297346 123 96 192 135
dog-american_bulldog 0.0048297346 99 0 171 17
dog-samoyed 0.0048297346 129 0 437 111
dog-miniature_pinscher 0.004755199 119 94 205 194
dog-japanese_chin 0.0047339797 110 47 406 349
dog-keeshond 0.0047183633 99 0 171 17
cat-Russian_Blue 0.0046818256 99 0 171 17
dog-havanese 0.0046818256 312 151 393 174
dog-havanese 0.0046662986 110 47 406 349
cat-Persian 0.004645556 242 0 307 15
cat-Persian 0.004643053 0 0 226 278
cat-Bengal 0.004620552 0 16 223 372
dog-staffordshire_bull_terrier 0.004609585 117 97 202 194
cat-Birman 0.004573852 303 0 465 39
dog-havanese 0.0044884384 0 0 226 278
dog-chihuahua 0.004416555 486 3 500 29
cat-Ragdoll 0.004382342 123 96 192 135
cat-Bengal 0.0042812526 99 0 171 17
cat-Persian 0.004264623 291 147 377 170
cat-Bombay 0.0042480826 119 92 206 194
dog-leonberger 0.004231602 448 16 500 110
cat-Bombay 0.0041987896 99 0 171 17
cat-Egyptian_Mau 0.0041500926 0 149 30 236
cat-Abyssinian 0.0041339695 99 0 171 17
dog-staffordshire_bull_terrier 0.0041339695 298 268 338 321
dog-scottish_terrier 0.004101932 123 96 192 135
dog-yorkshire_terrier 0.0040713847 0 0 226 278
cat-Russian_Blue 0.004038602 52 0 124 19
dog-wheaten_terrier 0.0040228963 182 0 344 41
cat-Bengal 0.003976226 198 0 325 29
dog-great_pyrenees 0.003930092 155 265 187 314
cat-British_Shorthair 0.003922671 0 28 240 358
dog-great_pyrenees 0.003899634 103 16 495 218
dog-havanese 0.0038853884 26 0 296 297
cat-Persian 0.0038693845 426 2 494 29
dog-wheaten_terrier 0.003861308 0 0 270 362
cat-Egyptian_Mau 0.0038394034 155 265 187 314
cat-Bombay 0.0036984682 0 16 223 372
dog-japanese_chin 0.0036099553 135 108 500 375
dog-leonberger 0.0036062896 112 89 500 375
