dog-english_setter 0.9187722 158 114 269 228
dog-basset_hound 0.30074558 159 114 270 228
dog-beagle 0.23440665 158 113 268 228
dog-saint_bernard 0.13161904 158 113 268 228
bella 0.07450026 159 114 270 228
dog-english_cocker_spaniel 0.067546695 158 113 268 228
dog-american_pit_bull_terrier 0.02396202 158 113 268 228
dog-german_shorthaired 0.018725157 158 113 268 228
cat-Russian_Blue 0.01750955 98 0 241 28
dog-leonberger 0.013848603 158 113 268 228
dog-boxer 0.011288077 158 113 268 228
dog-staffordshire_bull_terrier 0.010944575 41 293 71 307
dog-boxer 0.010652512 195 205 238 228
cat-Persian 0.010611415 158 113 268 228
cat-Bengal 0.010248601 318 0 423 28
dog-american_bulldog 0.009671003 158 113 268 228
dog-wheaten_terrier 0.009559393 158 113 268 228
cat-Bombay 0.009340018 119 0 253 28
dog-miniature_pinscher 0.008348048 339 0 437 30
dog-great_pyrenees 0.008124709 158 113 268 228
cat-Bengal 0.0080932975 130 0 264 27
dog-yorkshire_terrier 0.007876694 373 0 500 35
cat-Bombay 0.0073458254 354 0 485 33
cat-Bengal 0.0070938766 158 113 268 228
dog-wheaten_terrier 0.0067975223 377 1 500 47
cat-Bengal 0.0062898993 355 0 443 21
dog-staffordshire_bull_terrier 0.006192982 34 289 66 304
dog-boxer 0.0060269535 115 43 150 85
dog-staffordshire_bull_terrier 0.005911082 52 297 83 309
dog-english_setter 0.0058425963 424 172 500 318
cat-British_Shorthair 0.0056638718 158 113 268 228
cat-Egyptian_Mau 0.0056200325 158 113 268 228
dog-leonberger 0.0053018928 0 49 31 119
cat-Bengal 0.005281329 340 0 417 20
dog-yorkshire_terrier 0.005281329 343 0 500 83
dog-miniature_pinscher 0.0052404404 170 0 466 86
cat-Abyssinian 0.0051596165 159 117 269 227
cat-Bengal 0.0050800443 346 0 452 30
cat-Russian_Blue 0.004982263 146 0 270 31
cat-Bengal 0.0049436986 93 0 205 26
cat-Bombay 0.004924506 90 0 241 34
cat-Maine_Coon 0.004924506 159 117 269 227
dog-german_shorthaired 0.00484854 49 0 95 9
dog-miniature_pinscher 0.004792303 303 0 441 33
cat-Bombay 0.004773736 44 1 89 9
dog-havanese 0.0047183633 373 0 500 35
dog-yorkshire_terrier 0.0047000647 232 0 500 83
cat-Bombay 0.004663646 99 0 165 12
cat-Bombay 0.004663646 93 0 205 26
dog-staffordshire_bull_terrier 0.004645556 51 293 84 307
cat-Abyssinian 0.0044510365 61 63 80 82
dog-wheaten_terrier 0.0044510365 296 0 500 84
dog-miniature_pinscher 0.0043483675 187 0 500 136
dog-boxer 0.004264623 98 136 141 160
dog-staffordshire_bull_terrier 0.0042480826 28 293 57 307
cat-Russian_Blue 0.004231602 102 0 198 24
dog-newfoundland 0.004215151 373 0 500 35
cat-Bombay 0.0041662455 303 0 441 33
cat-Bombay 0.0041339695 349 0 430 21
cat-Ragdoll 0.004101932 158 113 268 228
cat-Bombay 0.0040543377 219 0 285 12
dog-wheaten_terrier 0.004038602 354 0 485 33
dog-scottish_terrier 0.00400728 354 0 485 33
dog-yorkshire_terrier 0.0039607882 413 0 500 35
cat-Egyptian_Mau 0.0039454103 0 63 31 129
dog-keeshond 0.0039454103 158 115 257 170
dog-yorkshire_terrier 0.0039454103 187 0 500 136
dog-leonberger 0.003875345 0 74 287 333
cat-Bengal 0.0038543642 0 63 31 129
cat-Bombay 0.0038244724 95 1 142 11
dog-staffordshire_bull_terrier 0.0038096309 58 298 93 309
cat-Birman 0.0037948191 159 115 267 219
dog-newfoundland 0.0037948191 159 115 267 219
dog-leonberger 0.003709048 191 82 500 333
cat-Persian 0.0036812425 0 0 270 206
dog-miniature_pinscher 0.0036642253 254 0 363 32
dog-scottish_terrier 0.003635794 158 115 257 170
dog-samoyed 0.0035657287 158 115 257 170
dog-keeshond 0.003538072 0 63 31 129
dog-german_shorthaired 0.0035243332 62 0 107 9
cat-Bombay 0.0034970045 71 0 113 9
dog-yorkshire_terrier 0.0034834146 341 0 500 111
dog-american_bulldog 0.0034564137 72 134 117 158
dog-newfoundland 0.0034295917 0 42 32 114
dog-scottish_terrier 0.00341627 359 0 500 98
dog-miniature_pinscher 0.0033897758 293 0 464 47
dog-wheaten_terrier 0.0033897758 354 0 497 71
dog-wheaten_terrier 0.0033766031 341 0 500 111
dog-havanese 0.00336349 159 115 267 219
cat-Bengal 0.0032986403 296 0 402 34
dog-miniature_pinscher 0.0032858253 349 0 430 21
dog-english_setter 0.0032783449 167 68 500 308
dog-staffordshire_bull_terrier 0.0032730699 303 0 441 33
dog-yorkshire_terrier 0.003263533 0 0 249 224
dog-german_shorthaired 0.0032603443 157 185 180 226
dog-scottish_terrier 0.0032603443 232 0 500 83
dog-german_shorthaired 0.0032476783 303 0 441 33
cat-Bengal 0.0032224953 305 0 389 18
dog-basset_hound 0.0032224953 41 216 67 223
cat-Bengal 0.0031974912 163 116 248 158
