dog-english_setter 0.56697786 84 40 244 142
dog-wheaten_terrier 0.48340455 91 29 240 153
dog-great_pyrenees 0.4668456 82 40 241 143
dog-leonberger 0.38306418 84 40 244 142
dog-havanese 0.30611205 84 40 244 142
cat-Bombay 0.14010078 20 0 99 40
dog-keeshond 0.12808824 91 29 240 153
dog-japanese_chin 0.079068005 82 40 241 143
cat-Persian 0.06669065 82 40 241 143
dog-samoyed 0.0579181 91 29 240 153
dog-chihuahua 0.03333682 84 40 244 142
cat-Russian_Blue 0.033085972 20 0 99 40
dog-great_pyrenees 0.031143814 81 25 261 181
bella 0.0279544 91 27 238 153
dog-german_shorthaired 0.02610591 26 0 98 40
dog-wheaten_terrier 0.023419946 88 25 284 205
dog-newfoundland 0.022977382 84 40 244 142
dog-miniature_pinscher 0.01784873 20 0 99 40
dog-havanese 0.017780393 92 28 246 300
dog-american_pit_bull_terrier 0.0173091 84 40 244 142
dog-havanese 0.016785502 100 17 269 164
dog-great_pyrenees 0.015906394 115 42 212 128
cat-Sphynx 0.01554364 26 0 98 40
cat-Maine_Coon 0.0151307285 91 29 240 153
cat-Bengal 0.01495707 26 0 98 40
dog-samoyed 0.013689488 88 25 284 205
dog-saint_bernard 0.012241274 84 40 244 142
cat-Russian_Blue 0.011687249 160 387 310 500
dog-havanese 0.011532187 98 5 310 334
dog-american_bulldog 0.011158019 91 27 238 153
dog-havanese 0.011029482 87 52 257 414
cat-Bengal 0.010902375 91 29 240 153
dog-yorkshire_terrier 0.010288298 92 28 246 300
dog-english_cocker_spaniel 0.010169655 86 37 245 143
dog-havanese 0.00982523 106 0 310 236
cat-Russian_Blue 0.009559393 2 0 87 49
cat-British_Shorthair 0.0094490945 91 29 240 153
cat-Bombay 0.009232223 2 0 87 49
cat-Bengal 0.009055257 153 213 182 247
bella 0.008677721 294 336 310 425
cat-Egyptian_Mau 0.008315772 91 29 240 153
dog-german_shorthaired 0.008283615 2 0 87 49
dog-staffordshire_bull_terrier 0.008124709 2 0 87 49
dog-pomeranian 0.008108705 106 0 310 236
dog-boxer 0.0080932975 205 391 225 406
dog-english_setter 0.007999748 90 34 179 150
cat-Bengal 0.007725537 21 0 110 50
dog-scottish_terrier 0.007725537 91 27 238 153
dog-keeshond 0.0076362193 92 28 246 300
dog-basset_hound 0.0076105893 0 219 291 500
cat-Bombay 0.0075772405 13 0 79 29
cat-British_Shorthair 0.007547915 11 0 98 48
cat-Bombay 0.007374376 16 4 115 74
dog-boxer 0.007260859 206 62 236 88
dog-pomeranian 0.007107705 98 5 310 334
cat-Bengal 0.007011801 2 0 87 49
dog-wheaten_terrier 0.0069613755 106 0 310 236
dog-pomeranian 0.0069576204 82 40 241 143
cat-Egyptian_Mau 0.0067975223 11 0 98 48
cat-Birman 0.0065642595 211 389 233 408
dog-miniature_pinscher 0.0065642595 2 0 87 49
dog-havanese 0.006538838 87 33 213 177
dog-yorkshire_terrier 0.0065048933 98 5 310 334
dog-miniature_pinscher 0.0064631402 59 1 120 33
dog-shiba_inu 0.0064381063 91 27 238 153
dog-staffordshire_bull_terrier 0.0063635707 225 444 248 471
cat-Bombay 0.0062898993 46 0 109 34
dog-leonberger 0.0062898993 87 33 213 177
cat-Bengal 0.006241262 3 0 61 29
cat-Maine_Coon 0.0062170923 170 384 310 500
dog-great_pyrenees 0.0061006844 106 0 310 236
cat-Bengal 0.006097555 46 0 109 34
dog-yorkshire_terrier 0.006073922 100 17 269 164
cat-Abyssinian 0.0060035884 86 326 310 500
dog-samoyed 0.0059778094 106 0 310 236
dog-shiba_inu 0.0059571564 9 206 44 256
dog-shiba_inu 0.005774915 86 326 310 500
dog-english_setter 0.0057302415 87 33 213 177
dog-scottish_terrier 0.005708039 2 0 87 49
cat-Egyptian_Mau 0.005576551 0 0 47 30
dog-samoyed 0.0055119395 121 44 239 138
cat-Russian_Blue 0.005405903 6 5 103 74
dog-great_pyrenees 0.0053640604 146 47 233 126
cat-Egyptian_Mau 0.0053403974 0 173 275 500
cat-Persian 0.0051596165 81 25 261 181
dog-wheaten_terrier 0.005139619 0 21 20 133
cat-Egyptian_Mau 0.005060345 86 326 310 500
dog-japanese_chin 0.0050541162 98 5 310 334
dog-japanese_chin 0.00501287 106 0 310 236
dog-samoyed 0.0049957633 98 5 310 334
cat-Russian_Blue 0.004962951 46 0 109 34
cat-Persian 0.0049425066 0 0 216 217
cat-Siamese 0.004886389 160 387 310 500
dog-yorkshire_terrier 0.004857093 106 0 310 236
dog-english_cocker_spaniel 0.0048297346 0 34 19 145
dog-wheaten_terrier 0.0048297346 92 28 246 300
cat-Bengal 0.004810989 86 326 310 500
dog-leonberger 0.004773736 165 284 208 342
dog-wheaten_terrier 0.0047367513 95 26 219 227
dog-basset_hound 0.0047183633 91 27 238 153
