dog-leonberger 0.61508787 277 16 394 147
dog-english_setter 0.467818 277 16 394 147
dog-saint_bernard 0.20785716 277 16 394 147
dog-great_pyrenees 0.04733771 277 16 394 147
dog-basset_hound 0.04161781 277 15 397 150
dog-beagle 0.029929757 277 15 397 150
bella 0.029535323 277 16 393 147
dog-english_cocker_spaniel 0.0283283 277 15 397 150
dog-american_pit_bull_terrier 0.025565207 277 16 393 147
dog-newfoundland 0.022889853 277 15 393 145
cat-Birman 0.020254701 191 77 225 107
dog-wheaten_terrier 0.020023435 277 15 397 150
dog-american_bulldog 0.019870698 277 16 394 147
dog-havanese 0.018582165 277 15 397 150
cat-Bengal 0.0173091 277 15 397 150
dog-japanese_chin 0.013376594 263 0 398 146
cat-Siamese 0.012624949 23 0 163 39
dog-boxer 0.012147158 277 15 393 145
dog-miniature_pinscher 0.011777848 56 0 182 32
dog-keeshond 0.010448635 263 0 398 146
dog-german_shorthaired 0.010328144 277 15 397 150
cat-Egyptian_Mau 0.010052383 263 0 398 146
dog-miniature_pinscher 0.0094490945 0 269 31 353
cat-British_Shorthair 0.009161025 277 15 397 150
bella 0.00898543 1 0 30 68
cat-Maine_Coon 0.008577496 277 15 397 150
dog-leonberger 0.008511305 188 74 234 150
cat-Persian 0.008445621 129 340 191 357
dog-leonberger 0.008348048 201 124 260 196
cat-Bengal 0.008283615 0 269 31 353
cat-Siamese 0.0080932975 2 303 35 373
dog-staffordshire_bull_terrier 0.007876694 277 16 393 147
cat-Persian 0.007785648 277 16 393 147
bella 0.007695645 2 6 30 98
dog-wheaten_terrier 0.0076658726 33 69 91 183
bella 0.0075772405 461 110 499 220
dog-leonberger 0.0070390403 187 105 257 179
cat-Abyssinian 0.006903827 277 15 397 150
bella 0.006823957 471 42 497 133
cat-Bombay 0.0065897703 27 0 170 32
dog-basset_hound 0.006513506 0 269 31 353
dog-yorkshire_terrier 0.0064631402 0 279 30 363
dog-leonberger 0.006121278 425 115 499 230
dog-wheaten_terrier 0.006121278 3 211 42 271
cat-Birman 0.006097555 190 79 224 128
bella 0.006097555 474 70 500 145
dog-leonberger 0.0060269535 190 79 224 128
dog-leonberger 0.0060269535 0 279 30 363
cat-Siamese 0.0060035884 53 0 206 45
dog-wheaten_terrier 0.0059803426 16 71 151 311
bella 0.0058199465 473 174 500 250
dog-american_bulldog 0.005797416 82 69 132 97
cat-Birman 0.005774915 23 0 163 39
dog-chihuahua 0.005708039 263 0 398 146
dog-samoyed 0.005708039 263 0 398 146
bella 0.0056858957 2 30 30 125
dog-basset_hound 0.0056200325 409 203 500 375
dog-basset_hound 0.005598247 0 5 31 96
cat-Egyptian_Mau 0.0055549145 0 0 32 86
dog-scottish_terrier 0.0055549145 0 269 31 353
dog-boxer 0.005533397 193 77 233 105
dog-shiba_inu 0.005533397 53 0 206 45
dog-leonberger 0.0055119395 417 124 500 267
cat-Siamese 0.0054905713 0 314 29 375
dog-leonberger 0.0054269433 84 70 130 103
cat-Birman 0.005384952 81 329 205 370
cat-Bombay 0.005384952 0 279 30 363
cat-Egyptian_Mau 0.005384952 409 229 500 375
cat-Siamese 0.0051998794 3 229 130 375
dog-boxer 0.0051196814 197 77 247 103
dog-miniature_pinscher 0.0051196814 263 0 398 146
dog-pomeranian 0.005099833 263 0 398 146
bella 0.005021155 467 151 499 251
dog-newfoundland 0.004962951 0 269 31 353
dog-shiba_inu 0.004962951 11 0 174 52
dog-leonberger 0.0048674047 91 68 141 97
bella 0.0047183633 409 203 500 375
dog-english_setter 0.004627526 203 134 260 203
dog-japanese_chin 0.004609585 192 77 224 109
cat-Ragdoll 0.0045916736 277 16 393 147
bella 0.00450328 473 202 500 278
cat-Siamese 0.004485786 13 0 124 46
dog-havanese 0.0041939616 0 0 362 185
dog-great_pyrenees 0.004088402 214 0 500 162
dog-wheaten_terrier 0.004070133 4 163 72 294
cat-Siamese 0.003991723 260 0 282 13
bella 0.003991723 466 140 500 228
bella 0.003976226 473 35 500 107
cat-Siamese 0.0039454103 351 5 499 65
cat-Siamese 0.0038543642 192 70 227 105
dog-chihuahua 0.0038543642 0 279 30 363
dog-boxer 0.0038096309 351 5 499 65
cat-Birman 0.0037948191 0 302 31 374
cat-Ragdoll 0.0036785007 193 77 233 105
cat-Bengal 0.0036499798 283 18 374 63
dog-staffordshire_bull_terrier 0.0036499798 50 320 84 340
dog-wheaten_terrier 0.0036499798 0 216 35 284
dog-english_cocker_spaniel 0.0036216974 0 5 31 96
dog-yorkshire_terrier 0.0036216974 263 0 398 146
bella 0.0036076307 474 91 500 164
