dog-english_cocker_spaniel 0.7627777 97 40 324 239
dog-english_setter 0.43398148 97 40 324 239
dog-wheaten_terrier 0.26208568 100 39 322 238
bella 0.046551287 100 39 322 238
dog-newfoundland 0.044847906 100 39 322 238
cat-Bengal 0.042562723 100 39 322 238
cat-British_Shorthair 0.03296125 100 39 322 238
dog-scottish_terrier 0.026759297 100 39 322 238
cat-Maine_Coon 0.02615562 100 39 322 238
dog-havanese 0.02220124 100 39 322 238
dog-basset_hound 0.019345105 100 39 322 238
dog-miniature_pinscher 0.01652956 100 39 322 238
cat-Bengal 0.013023913 0 0 331 281
dog-english_setter 0.011508137 233 64 318 215
dog-great_pyrenees 0.011482269 92 22 346 249
cat-Maine_Coon 0.011450678 107 2 413 277
dog-great_pyrenees 0.010981709 107 2 413 277
dog-german_shorthaired 0.010611415 97 40 324 239
dog-staffordshire_bull_terrier 0.010368168 100 39 322 238
dog-samoyed 0.010052383 100 39 322 238
dog-american_bulldog 0.01001358 119 380 187 430
bella 0.008847356 1 15 26 142
dog-english_cocker_spaniel 0.008577496 105 50 241 225
cat-British_Shorthair 0.008423954 0 0 331 281
cat-Persian 0.008412987 112 0 326 239
cat-Sphynx 0.008162409 0 0 331 281
cat-Bengal 0.008153021 0 0 296 224
dog-keeshond 0.007815897 100 39 322 238
dog-miniature_pinscher 0.0076362193 214 1 246 13
cat-Egyptian_Mau 0.007560849 0 0 331 281
dog-saint_bernard 0.007547915 119 380 187 430
cat-Bombay 0.0074896216 100 39 322 238
cat-Egyptian_Mau 0.0074317753 392 138 413 230
cat-Egyptian_Mau 0.007403016 391 111 413 204
cat-Egyptian_Mau 0.007374376 0 44 25 158
dog-basset_hound 0.007289082 0 57 26 170
dog-basset_hound 0.006934762 0 0 331 281
dog-boxer 0.006930679 119 380 187 430
dog-havanese 0.006757796 0 0 331 281
cat-British_Shorthair 0.006529361 0 0 296 224
dog-miniature_pinscher 0.0064631402 224 1 256 14
dog-basset_hound 0.0064381063 1 24 26 152
dog-english_cocker_spaniel 0.0063225627 107 2 413 277
dog-english_setter 0.006317705 107 2 413 277
cat-Bombay 0.0062898993 72 2 108 14
dog-english_setter 0.0062512755 0 0 331 281
dog-miniature_pinscher 0.0059850216 107 2 413 277
dog-miniature_pinscher 0.0057302415 0 71 26 183
dog-leonberger 0.005708039 100 39 322 238
dog-wheaten_terrier 0.005686015 107 2 413 277
dog-english_cocker_spaniel 0.005661398 0 0 296 224
dog-basset_hound 0.0056200325 0 146 25 262
dog-wheaten_terrier 0.005617827 0 0 331 281
cat-Ragdoll 0.005556792 0 0 331 281
cat-Bombay 0.0055549145 83 2 117 14
cat-Egyptian_Mau 0.0054692626 391 85 413 177
dog-samoyed 0.005375892 130 0 413 240
dog-leonberger 0.0053547025 0 0 331 281
dog-great_pyrenees 0.0053349733 130 0 413 240
dog-saint_bernard 0.005330771 75 24 331 249
dog-havanese 0.0052746832 0 0 296 224
cat-Bombay 0.0051998794 195 1 224 11
cat-Egyptian_Mau 0.0051998794 391 160 413 253
cat-Bombay 0.0051797032 215 1 245 12
dog-american_pit_bull_terrier 0.005139619 90 0 308 245
cat-Bombay 0.0051394105 0 0 296 224
cat-Bombay 0.0051196814 322 1 355 12
dog-german_shorthaired 0.0051196814 1 78 27 202
cat-Egyptian_Mau 0.0050988495 75 24 331 249
dog-american_pit_bull_terrier 0.005082935 107 2 413 277
cat-Russian_Blue 0.0050800443 0 362 191 500
dog-staffordshire_bull_terrier 0.0050800443 0 71 26 183
cat-Maine_Coon 0.005060345 357 343 413 497
dog-japanese_chin 0.005060345 112 0 326 239
dog-english_setter 0.005040705 176 68 321 234
cat-Bengal 0.005001664 0 57 26 170
cat-Persian 0.004956335 0 0 296 224
cat-Persian 0.004924506 310 270 340 284
cat-Bombay 0.0049054027 184 1 214 11
cat-Russian_Blue 0.0048558116 0 0 331 281
dog-beagle 0.00484398 0 0 331 281
cat-Bombay 0.0048297346 205 1 234 11
dog-saint_bernard 0.0047804117 0 0 331 281
cat-Maine_Coon 0.004755199 134 302 170 326
cat-Maine_Coon 0.0047371387 0 0 331 281
cat-Abyssinian 0.0047367513 401 364 413 401
cat-Bombay 0.0046818256 331 2 366 12
cat-Egyptian_Mau 0.004656464 0 0 296 224
dog-havanese 0.004622191 107 2 413 277
dog-havanese 0.004612237 130 0 413 240
cat-Abyssinian 0.004610151 0 0 331 281
dog-basset_hound 0.004609585 102 162 170 229
dog-english_cocker_spaniel 0.004578352 0 0 331 281
cat-Persian 0.004561633 0 0 331 281
cat-Abyssinian 0.004555136 107 2 413 277
dog-great_pyrenees 0.004549861 0 0 331 281
dog-american_bulldog 0.0045431256 0 0 331 281
cat-Bombay 0.004538417 224 1 256 14
dog-basset_hound 0.004538417 100 142 199 232
dog-basset_hound 0.004516661 107 2 413 277
