dog-english_setter 0.82046944 53 72 215 228
dog-basset_hound 0.5331544 54 72 215 231
dog-english_cocker_spaniel 0.45713672 54 72 215 231
dog-german_shorthaired 0.33111978 54 72 215 231
dog-beagle 0.27590942 54 71 214 228
dog-american_pit_bull_terrier 0.15869519 54 71 214 228
cat-Bengal 0.085709274 54 71 214 228
dog-miniature_pinscher 0.067546695 53 72 216 230
bella 0.05033064 53 72 216 228
dog-english_cocker_spaniel 0.04922211 281 113 499 375
cat-British_Shorthair 0.026708454 54 71 214 228
dog-english_cocker_spaniel 0.026290238 60 85 483 296
dog-english_setter 0.024845421 281 113 499 375
dog-havanese 0.023779988 342 105 490 156
dog-english_cocker_spaniel 0.02120611 0 77 216 244
dog-wheaten_terrier 0.020645916 310 113 500 369
dog-japanese_chin 0.020606488 362 101 429 125
cat-Persian 0.019014448 50 73 216 227
cat-Maine_Coon 0.01750955 53 72 216 228
dog-havanese 0.016657054 362 101 429 125
dog-havanese 0.016593188 346 114 488 173
cat-Egyptian_Mau 0.015014738 54 71 214 228
dog-english_cocker_spaniel 0.014579654 49 80 361 267
bella 0.014503568 224 210 254 263
cat-Abyssinian 0.013848603 53 72 216 228
cat-Bengal 0.012624949 0 77 216 244
dog-english_setter 0.012383789 0 56 212 225
dog-basset_hound 0.012237787 60 85 483 296
dog-great_pyrenees 0.011915028 362 101 429 125
dog-basset_hound 0.011331767 265 114 496 375
dog-wheaten_terrier 0.010818452 50 73 216 227
dog-great_pyrenees 0.010408312 346 114 488 173
dog-boxer 0.010288298 54 71 214 228
dog-shiba_inu 0.01001358 54 71 214 228
cat-Bengal 0.00985986 265 114 496 375
dog-english_cocker_spaniel 0.009708464 344 129 500 356
cat-Bengal 0.0094490945 346 171 500 375
dog-boxer 0.00891614 248 97 305 118
cat-Maine_Coon 0.008677721 68 0 114 14
dog-basset_hound 0.008677721 0 77 216 244
dog-havanese 0.008445621 380 104 455 129
dog-saint_bernard 0.008380443 53 72 216 228
dog-german_shorthaired 0.008283615 0 56 212 225
dog-american_bulldog 0.00815624 54 71 214 228
dog-saint_bernard 0.00815624 463 138 498 222
dog-leonberger 0.008124709 464 141 496 217
dog-yorkshire_terrier 0.007937998 362 18 500 217
dog-miniature_pinscher 0.007846236 0 56 212 225
dog-boxer 0.007815897 262 97 318 119
dog-beagle 0.007785648 0 56 212 225
dog-leonberger 0.007695645 53 72 216 228
dog-staffordshire_bull_terrier 0.0076658726 54 71 214 228
dog-scottish_terrier 0.007403016 54 71 214 228
dog-wheaten_terrier 0.007260859 423 119 494 237
dog-newfoundland 0.007176876 54 71 214 228
dog-boxer 0.0071491003 269 103 319 131
dog-boxer 0.007121414 282 104 331 132
dog-pomeranian 0.006930679 7 1 181 67
dog-basset_hound 0.006776035 49 80 361 267
dog-boxer 0.0062898993 235 97 290 117
dog-wheaten_terrier 0.0061689913 445 131 500 245
cat-Egyptian_Mau 0.00614509 0 56 212 225
dog-japanese_chin 0.006121278 339 100 411 126
dog-boxer 0.006050408 253 102 304 130
dog-american_bulldog 0.0059571564 225 97 276 118
dog-boxer 0.0059340596 225 97 276 118
dog-great_pyrenees 0.005888164 342 105 490 156
dog-boxer 0.0058425963 277 99 330 121
dog-boxer 0.0058425963 292 100 343 123
dog-basset_hound 0.005598247 345 148 500 371
dog-havanese 0.0055549145 355 102 419 133
dog-shiba_inu 0.0055119395 0 56 212 225
dog-pomeranian 0.005220115 362 18 500 217
dog-japanese_chin 0.005099833 161 306 181 328
dog-japanese_chin 0.005040705 355 102 419 133
cat-Persian 0.0049436986 378 103 422 117
cat-Maine_Coon 0.0048297346 0 56 212 225
dog-basset_hound 0.0048297346 461 142 497 231
dog-wheaten_terrier 0.0046818256 361 103 497 157
dog-boxer 0.004627526 294 104 344 132
dog-japanese_chin 0.0045561194 167 307 186 328
cat-Siamese 0.0045208335 0 0 140 31
dog-japanese_chin 0.00450328 383 100 450 124
dog-leonberger 0.004485786 355 102 419 133
cat-Birman 0.004399419 0 0 128 33
dog-wheaten_terrier 0.0043314993 356 92 500 311
dog-wheaten_terrier 0.0042812526 0 56 212 225
dog-havanese 0.004264623 342 59 500 289
cat-Abyssinian 0.0042480826 430 260 500 373
dog-english_setter 0.0042480826 344 129 500 356
cat-Bombay 0.004231602 365 1 404 10
dog-leonberger 0.004231602 483 148 498 169
dog-japanese_chin 0.0041987896 346 114 488 173
dog-beagle 0.0041662455 0 53 64 134
dog-leonberger 0.004038602 362 101 429 125
cat-Persian 0.004026741 0 0 219 237
dog-wheaten_terrier 0.0040228963 365 113 494 177
dog-english_cocker_spaniel 0.003997624 0 0 219 237
cat-Bombay 0.003991723 173 0 314 30
cat-Abyssinian 0.0039454103 346 171 500 375
