dog-german_shorthaired 0.78858316 29 106 138 196
dog-basset_hound 0.5136685 29 106 138 196
dog-english_setter 0.33458948 29 106 138 196
dog-beagle 0.13432103 30 104 138 197
cat-Bengal 0.10951516 30 104 138 197
dog-english_cocker_spaniel 0.068288535 29 106 138 196
dog-saint_bernard 0.032836944 29 106 138 196
cat-British_Shorthair 0.029201299 30 104 138 197
cat-Persian 0.01542455 300 445 352 465
dog-leonberger 0.01542455 7 96 152 450
dog-newfoundland 0.014842421 48 106 137 192
dog-basset_hound 0.014615655 0 102 136 241
dog-basset_hound 0.014034778 28 66 264 468
dog-miniature_pinscher 0.012479693 30 104 138 197
dog-basset_hound 0.012023091 0 30 375 439
dog-newfoundland 0.011732459 0 276 22 386
dog-shiba_inu 0.011687249 153 261 216 299
cat-Egyptian_Mau 0.011597365 30 104 138 197
dog-boxer 0.011288077 48 106 137 192
cat-Bengal 0.011244565 0 102 136 241
dog-english_setter 0.010368168 79 110 135 190
dog-basset_hound 0.008610755 29 101 174 232
cat-Bengal 0.008577496 0 66 132 206
dog-boxer 0.00818792 129 130 194 158
dog-saint_bernard 0.008124709 165 301 204 338
cat-Egyptian_Mau 0.008030802 0 102 136 241
dog-leonberger 0.007968813 0 266 22 373
cat-Persian 0.0077555478 0 0 146 239
dog-leonberger 0.007460654 43 105 136 189
dog-leonberger 0.007460654 352 339 373 421
dog-japanese_chin 0.007289082 157 302 191 342
cat-Sphynx 0.007011801 31 107 136 203
dog-shiba_inu 0.006984651 59 3 375 201
cat-British_Shorthair 0.0069576204 333 0 375 27
bella 0.0069576204 30 196 74 265
dog-saint_bernard 0.0068770945 168 317 203 352
dog-leonberger 0.006718874 354 152 375 230
cat-British_Shorthair 0.0066154003 0 102 136 241
dog-english_cocker_spaniel 0.0064631402 0 102 136 241
cat-Egyptian_Mau 0.0063761175 25 36 373 372
dog-german_shorthaired 0.006314367 0 286 22 398
dog-havanese 0.006241262 11 0 172 243
dog-saint_bernard 0.006241262 157 318 191 352
dog-beagle 0.006192982 143 130 198 157
cat-British_Shorthair 0.0060035884 0 66 132 206
dog-basset_hound 0.0059571564 286 209 327 344
dog-japanese_chin 0.0058653355 157 318 191 352
dog-havanese 0.0058199465 0 0 133 207
dog-saint_bernard 0.005797416 156 302 192 340
dog-boxer 0.005774915 149 131 192 166
dog-shiba_inu 0.0056419075 158 271 211 306
dog-basset_hound 0.0051596165 24 105 146 310
dog-english_setter 0.0051596165 0 102 136 241
dog-leonberger 0.005099833 297 252 325 336
dog-great_pyrenees 0.005060345 29 0 157 200
cat-Russian_Blue 0.005040705 59 3 375 201
dog-beagle 0.005040705 0 102 136 241
dog-american_pit_bull_terrier 0.004924506 0 276 22 386
cat-Persian 0.004894078 0 0 176 344
cat-Russian_Blue 0.0048674047 30 104 138 197
dog-english_cocker_spaniel 0.004773736 0 0 133 207
bella 0.0047367513 43 105 136 189
dog-german_shorthaired 0.0046818256 0 102 136 241
dog-leonberger 0.0046818256 351 152 375 258
bella 0.0045916736 354 175 375 265
dog-japanese_chin 0.004538417 165 300 202 339
cat-Abyssinian 0.0044683814 31 107 136 203
cat-Egyptian_Mau 0.0044683814 354 347 375 424
dog-yorkshire_terrier 0.0044683814 0 0 126 216
dog-english_cocker_spaniel 0.004416555 29 101 174 232
dog-saint_bernard 0.004399419 171 331 203 363
dog-miniature_pinscher 0.0043314993 0 102 136 241
cat-Abyssinian 0.004314691 0 102 136 241
cat-Russian_Blue 0.004297942 0 102 136 241
dog-havanese 0.0042812526 194 471 261 498
cat-Egyptian_Mau 0.004281193 9 54 358 500
cat-Persian 0.004264623 294 446 345 472
dog-basset_hound 0.004264623 350 171 375 300
dog-basset_hound 0.0042480826 0 309 23 417
dog-american_pit_bull_terrier 0.004231602 43 105 136 189
cat-Maine_Coon 0.0041662455 0 102 136 241
dog-boxer 0.0041662455 45 30 375 255
dog-japanese_chin 0.0041662455 140 304 168 358
dog-shiba_inu 0.004117906 151 267 203 312
dog-english_cocker_spaniel 0.004101932 0 309 23 417
cat-Egyptian_Mau 0.0040543377 0 66 132 206
dog-yorkshire_terrier 0.004038602 0 276 22 386
cat-Bombay 0.00400728 0 286 22 398
dog-boxer 0.0039607882 76 102 202 186
dog-staffordshire_bull_terrier 0.0039454103 30 104 138 197
bella 0.003930092 1 332 23 436
dog-chihuahua 0.0038543642 364 347 375 384
dog-pomeranian 0.0038394034 273 205 375 499
dog-scottish_terrier 0.0037800968 43 105 136 189
cat-Egyptian_Mau 0.0037654042 333 0 375 27
dog-english_setter 0.0037654042 24 105 146 310
cat-Abyssinian 0.003763944 9 54 358 500
cat-Persian 0.00370726 29 0 157 200
dog-leonberger 0.0036785007 349 320 373 402
dog-wheaten_terrier 0.0036785007 0 102 136 241
