dog-english_cocker_spaniel 0.97711015 59 61 293 279
dog-english_setter 0.21900326 58 60 294 275
dog-basset_hound 0.060640544 60 60 291 281
dog-wheaten_terrier 0.039268762 59 61 293 279
dog-german_shorthaired 0.038321972 60 60 293 273
dog-newfoundland 0.036356658 60 60 293 273
cat-Bengal 0.025964051 23 62 316 283
cat-British_Shorthair 0.020177335 60 60 293 273
dog-scottish_terrier 0.01886928 23 62 316 283
cat-Persian 0.016215026 60 60 293 273
cat-Maine_Coon 0.015906394 84 96 132 117
dog-miniature_pinscher 0.015724003 56 60 292 280
dog-english_cocker_spaniel 0.014580816 64 55 408 296
dog-leonberger 0.013428271 203 229 302 279
cat-Maine_Coon 0.012979656 23 62 316 283
dog-english_setter 0.012336105 200 215 303 278
dog-keeshond 0.011406422 23 62 316 283
dog-american_pit_bull_terrier 0.011244565 60 60 293 273
bella 0.010288298 60 60 293 273
cat-Bombay 0.010248601 60 60 293 273
cat-Egyptian_Mau 0.0098980665 0 75 30 149
bella 0.00985986 1 90 29 161
bella 0.00919655 468 185 498 274
dog-basset_hound 0.00835067 12 74 307 375
dog-havanese 0.007937998 60 60 293 273
dog-staffordshire_bull_terrier 0.0074896216 171 85 204 104
dog-english_cocker_spaniel 0.0073413253 0 23 274 274
dog-english_cocker_spaniel 0.0073387623 0 0 280 299
dog-staffordshire_bull_terrier 0.0072327554 485 2 499 32
cat-Egyptian_Mau 0.007066399 0 94 27 157
cat-Egyptian_Mau 0.0066669285 0 102 31 178
dog-boxer 0.006073922 301 97 353 125
bella 0.0059803426 484 244 500 285
bella 0.005888164 474 204 500 275
dog-leonberger 0.005713105 23 62 316 283
cat-Siamese 0.005598247 485 0 499 27
cat-Russian_Blue 0.005382836 23 62 316 283
dog-newfoundland 0.0051596165 64 62 269 195
dog-beagle 0.0051196814 60 60 293 273
dog-yorkshire_terrier 0.0049054027 341 0 500 92
dog-great_pyrenees 0.004773736 203 229 302 279
dog-havanese 0.0047367513 373 15 500 196
dog-staffordshire_bull_terrier 0.0046818256 60 60 293 273
dog-yorkshire_terrier 0.004645556 60 60 293 273
dog-boxer 0.00450328 291 97 337 125
dog-leonberger 0.00450328 483 0 499 28
cat-Bombay 0.0044510365 191 84 290 212
cat-Bengal 0.004433751 80 61 253 137
cat-Egyptian_Mau 0.004433751 470 174 500 253
dog-pomeranian 0.004433751 373 15 500 196
dog-leonberger 0.004399419 482 1 499 18
dog-chihuahua 0.004382342 485 0 499 27
dog-leonberger 0.004365325 264 270 302 315
cat-Egyptian_Mau 0.0042990744 23 62 316 283
cat-Bombay 0.0042812526 181 0 320 25
dog-yorkshire_terrier 0.0042812526 373 15 500 196
dog-english_cocker_spaniel 0.004138291 12 74 307 375
dog-shiba_inu 0.0041350126 23 62 316 283
dog-english_setter 0.0041051507 12 74 307 375
bella 0.004038602 444 242 500 358
cat-Egyptian_Mau 0.003976226 483 160 500 202
bella 0.003976226 474 224 500 295
dog-american_pit_bull_terrier 0.003899634 350 2 500 55
dog-yorkshire_terrier 0.0038693845 377 0 500 122
bella 0.0038244724 472 178 500 249
bella 0.0037948191 484 184 500 225
dog-leonberger 0.003750801 485 0 500 17
cat-Bombay 0.00370726 249 1 345 24
cat-Bombay 0.0036642253 141 0 286 29
cat-Bombay 0.0036499798 259 0 344 19
cat-Egyptian_Mau 0.0036262274 0 0 280 299
cat-Egyptian_Mau 0.0036216974 484 244 500 285
dog-boxer 0.0036216974 303 104 354 138
bella 0.0036216974 482 231 500 279
cat-British_Shorthair 0.0036154687 0 0 280 299
dog-basset_hound 0.0036076307 0 75 30 149
dog-yorkshire_terrier 0.0035657287 0 0 180 90
cat-Bengal 0.003538072 293 0 372 19
dog-wheaten_terrier 0.0035318136 0 0 280 299
dog-boxer 0.0034970045 264 92 315 116
cat-Sphynx 0.0034295917 477 0 500 19
dog-wheaten_terrier 0.00341627 203 229 302 279
cat-Persian 0.003403008 440 1 500 36
dog-english_cocker_spaniel 0.003403008 203 229 302 279
cat-Egyptian_Mau 0.0033897758 84 96 132 117
cat-Egyptian_Mau 0.0033897758 472 161 500 230
dog-basset_hound 0.0033766031 0 110 31 189
bella 0.0033504367 483 166 500 206
cat-Bombay 0.003324449 330 0 420 22
dog-chihuahua 0.0032730699 469 0 496 37
bella 0.0032730699 468 215 499 304
dog-leonberger 0.0032476783 473 82 500 146
cat-Egyptian_Mau 0.0032099485 483 230 500 272
cat-Bombay 0.0031603575 29 1 164 30
dog-american_pit_bull_terrier 0.0031358302 363 21 500 188
dog-staffordshire_bull_terrier 0.0031358302 164 80 199 100
cat-Egyptian_Mau 0.0030753613 485 0 499 27
dog-english_setter 0.0030753613 207 237 305 279
dog-havanese 0.003070116 0 0 280 299
cat-Egyptian_Mau 0.003039658 0 122 31 199
