dog-english_setter 0.87147486 176 57 278 171
dog-english_cocker_spaniel 0.5898345 176 56 279 172
bella 0.10818896 176 58 279 171
dog-boxer 0.03973764 33 40 279 357
dog-wheaten_terrier 0.035410732 178 55 277 172
dog-basset_hound 0.032713115 177 56 279 172
dog-american_pit_bull_terrier 0.02244389 12 46 278 372
dog-english_setter 0.015663654 160 58 277 230
cat-Bengal 0.015189052 176 58 279 171
dog-boxer 0.015072614 484 40 499 81
dog-german_shorthaired 0.014503568 178 55 277 172
cat-Persian 0.013020486 178 55 277 172
dog-german_shorthaired 0.011790127 12 46 278 372
dog-leonberger 0.011764854 172 55 500 375
dog-american_bulldog 0.011444807 33 40 279 357
dog-american_pit_bull_terrier 0.009268016 178 55 277 172
dog-beagle 0.009223789 12 46 278 372
dog-basset_hound 0.0077578127 33 40 279 357
dog-beagle 0.0076362193 178 55 277 172
cat-Maine_Coon 0.0073458254 301 352 345 367
dog-samoyed 0.007204771 187 59 264 98
cat-Bengal 0.0067975223 184 59 259 97
dog-american_pit_bull_terrier 0.0067718625 0 53 282 375
dog-leonberger 0.006627977 155 11 500 368
cat-Bombay 0.006538838 248 0 394 33
bella 0.006513506 0 114 36 219
cat-British_Shorthair 0.0064882636 178 55 277 172
dog-american_pit_bull_terrier 0.00630939 172 55 500 375
dog-staffordshire_bull_terrier 0.006287545 12 46 278 372
dog-english_cocker_spaniel 0.006121278 160 58 277 230
dog-american_bulldog 0.0060819983 152 13 500 279
dog-staffordshire_bull_terrier 0.005911082 343 344 380 359
dog-leonberger 0.0058559775 0 53 282 375
dog-american_bulldog 0.005853981 0 53 282 375
cat-Maine_Coon 0.0058199465 176 58 279 171
dog-havanese 0.0056237876 152 13 500 279
dog-english_setter 0.005522847 0 53 282 375
dog-staffordshire_bull_terrier 0.005448073 485 42 500 77
dog-beagle 0.005447775 0 53 282 375
cat-Birman 0.005384952 326 354 381 372
dog-havanese 0.005351275 172 55 500 375
cat-Egyptian_Mau 0.0053225458 184 59 259 97
dog-leonberger 0.005220115 472 0 500 13
dog-american_pit_bull_terrier 0.005193025 152 13 500 279
dog-leonberger 0.0051819384 33 40 279 357
cat-Siamese 0.0050800443 483 256 498 293
cat-Egyptian_Mau 0.004924506 0 92 32 167
bella 0.0049054027 476 75 500 144
dog-english_cocker_spaniel 0.0048297346 0 271 31 347
dog-great_pyrenees 0.0047183633 187 59 264 98
cat-Persian 0.0047000647 316 354 377 371
dog-miniature_pinscher 0.0046818256 177 57 278 170
dog-english_setter 0.0046652257 0 50 299 375
dog-american_bulldog 0.004635155 172 55 500 375
dog-havanese 0.0045770705 165 0 500 207
dog-newfoundland 0.004454285 12 46 278 372
dog-american_bulldog 0.0044009387 0 0 279 313
cat-Egyptian_Mau 0.004370451 0 53 282 375
dog-great_pyrenees 0.0042401254 165 0 500 207
dog-shiba_inu 0.004231602 273 0 498 52
dog-staffordshire_bull_terrier 0.0041824877 294 69 370 94
dog-japanese_chin 0.0041083694 152 13 500 279
dog-boxer 0.0040543377 483 48 499 92
dog-scottish_terrier 0.0040543377 184 59 259 97
dog-wheaten_terrier 0.004049629 165 0 500 207
dog-great_pyrenees 0.004047513 152 13 500 279
cat-Siamese 0.0040228963 485 38 500 71
dog-staffordshire_bull_terrier 0.003991723 485 51 500 87
bella 0.003976226 175 67 246 142
dog-miniature_pinscher 0.003914833 236 0 271 10
dog-basset_hound 0.0038656592 0 53 282 375
dog-english_cocker_spaniel 0.0038394034 186 44 401 172
dog-japanese_chin 0.003807962 172 55 500 375
dog-boxer 0.0037972927 0 0 250 330
dog-boxer 0.0037948191 294 69 370 94
dog-wheaten_terrier 0.0037948191 387 134 499 278
cat-Bombay 0.0037654042 67 0 201 28
dog-basset_hound 0.0037362278 98 250 249 335
dog-saint_bernard 0.00372836 0 53 282 375
dog-boxer 0.003702879 0 53 282 375
cat-Birman 0.0036642253 330 0 486 39
cat-Siamese 0.0036499798 485 291 500 324
dog-boxer 0.003635794 486 34 500 67
dog-english_setter 0.0035935938 176 100 269 172
dog-saint_bernard 0.00357607 33 40 279 357
cat-Egyptian_Mau 0.0035657287 484 66 500 108
bella 0.0035518706 476 92 500 163
dog-boxer 0.0035184324 103 37 330 347
bella 0.0035064816 0 53 282 375
dog-staffordshire_bull_terrier 0.0034698844 484 5 500 28
dog-english_cocker_spaniel 0.003442973 170 1 201 11
cat-Persian 0.0034295917 304 354 356 369
dog-german_shorthaired 0.0034260452 0 0 279 313
dog-saint_bernard 0.003403008 448 265 500 375
cat-Egyptian_Mau 0.00336349 0 109 31 187
cat-Siamese 0.00336349 0 0 138 44
dog-basset_hound 0.0033504367 485 46 500 82
dog-leonberger 0.0033504367 445 48 500 152
cat-Abyssinian 0.003324449 486 25 500 56
dog-newfoundland 0.003324449 178 55 277 172
