dog-german_shorthaired 0.9883127 96 98 227 202
dog-basset_hound 0.0977343 98 95 232 212
dog-miniature_pinscher 0.06742376 96 98 227 202
cat-Bombay 0.06394842 98 98 226 200
dog-english_cocker_spaniel 0.031143814 96 97 232 218
dog-newfoundland 0.025130957 98 98 226 200
bella 0.021125197 1 231 20 350
cat-British_Shorthair 0.020254701 96 98 225 202
dog-german_shorthaired 0.012100399 100 106 154 197
dog-staffordshire_bull_terrier 0.012100399 94 98 227 204
cat-Egyptian_Mau 0.011419624 313 242 333 349
dog-beagle 0.011244565 100 106 154 197
cat-Bengal 0.010735154 98 95 232 212
cat-Russian_Blue 0.010529697 98 95 232 212
dog-german_shorthaired 0.010328144 100 97 230 279
dog-boxer 0.010248601 95 96 222 221
bella 0.009974927 315 144 333 245
bella 0.00963366 312 238 331 355
cat-British_Shorthair 0.0094490945 137 47 158 63
bella 0.00912565 1 212 21 315
dog-havanese 0.009055257 79 0 229 232
bella 0.00895071 97 104 148 191
cat-Egyptian_Mau 0.008881688 312 258 330 376
bella 0.008478403 315 119 333 219
dog-chihuahua 0.0083749 129 90 333 500
bella 0.008062005 313 272 331 388
cat-Egyptian_Mau 0.007815897 314 222 333 318
cat-Egyptian_Mau 0.0076658726 315 283 333 378
bella 0.0076658726 312 92 331 219
cat-Egyptian_Mau 0.0076362193 315 334 333 430
dog-english_setter 0.007403016 98 102 173 194
cat-Bombay 0.0070938766 199 2 327 71
dog-basset_hound 0.006984651 100 106 154 197
dog-chihuahua 0.0069510043 152 82 333 500
bella 0.006930679 315 170 333 269
dog-newfoundland 0.0068770945 57 269 121 355
cat-Bengal 0.0067975223 197 0 295 38
cat-Egyptian_Mau 0.006718874 0 246 20 359
dog-staffordshire_bull_terrier 0.006718874 217 273 238 287
cat-Egyptian_Mau 0.0065642595 315 309 333 405
dog-newfoundland 0.0065642595 58 237 123 334
cat-British_Shorthair 0.006513506 146 47 166 63
cat-Egyptian_Mau 0.0064381063 315 197 333 293
dog-basset_hound 0.0063883364 312 238 331 355
dog-miniature_pinscher 0.0063224733 129 90 333 500
dog-beagle 0.006192982 95 96 222 221
cat-Egyptian_Mau 0.00614509 0 334 20 448
cat-Egyptian_Mau 0.00614509 313 352 333 468
dog-staffordshire_bull_terrier 0.00614509 220 273 245 286
bella 0.006073922 1 332 19 452
bella 0.0060035884 315 295 333 392
dog-staffordshire_bull_terrier 0.005829841 129 90 333 500
dog-basset_hound 0.0058206916 0 35 277 456
cat-British_Shorthair 0.005797416 271 348 299 359
cat-Bengal 0.0057917833 0 0 219 221
cat-Siamese 0.0057302415 2 0 91 58
dog-boxer 0.0056419075 100 106 154 197
cat-Bengal 0.005620599 0 14 244 302
dog-american_pit_bull_terrier 0.005578786 129 90 333 500
cat-Bombay 0.0055549145 197 0 295 38
bella 0.005533397 1 262 19 390
dog-american_pit_bull_terrier 0.0054905713 96 98 225 202
dog-staffordshire_bull_terrier 0.0053364635 75 52 328 500
dog-shiba_inu 0.005269289 129 90 333 500
cat-Egyptian_Mau 0.005260855 0 0 27 16
cat-British_Shorthair 0.005220115 136 55 158 69
bella 0.0051596165 315 197 333 293
cat-British_Shorthair 0.0050667524 0 0 219 221
cat-Egyptian_Mau 0.0049054027 0 283 20 398
dog-scottish_terrier 0.00484854 96 96 227 202
dog-basset_hound 0.004792303 1 231 20 350
dog-basset_hound 0.004792303 313 272 331 388
dog-english_setter 0.0047000647 1 192 42 314
dog-basset_hound 0.004627526 312 89 332 223
cat-Egyptian_Mau 0.004573852 0 358 21 479
dog-basset_hound 0.004523307 0 84 254 397
dog-english_setter 0.0044683814 0 161 44 282
bella 0.0044683814 311 53 331 181
dog-english_cocker_spaniel 0.004416555 98 102 173 194
dog-basset_hound 0.004365325 0 256 20 372
cat-Egyptian_Mau 0.004215151 312 75 333 188
cat-Egyptian_Mau 0.0041987896 0 217 21 323
cat-Egyptian_Mau 0.0041824877 0 0 46 31
cat-Bombay 0.004172355 0 0 219 221
bella 0.0041339695 315 322 333 418
dog-staffordshire_bull_terrier 0.004101932 168 96 191 120
cat-Egyptian_Mau 0.004070133 315 170 333 269
dog-scottish_terrier 0.0040567517 129 90 333 500
bella 0.0040543377 314 80 333 181
dog-staffordshire_bull_terrier 0.004038602 100 106 154 197
dog-chihuahua 0.004007995 109 29 333 349
dog-yorkshire_terrier 0.00400728 15 0 187 139
cat-Egyptian_Mau 0.003991723 270 0 324 28
cat-Egyptian_Mau 0.003976226 286 0 327 32
cat-Sphynx 0.003976226 95 86 222 203
bella 0.0039607882 314 235 333 331
cat-Sphynx 0.0038543642 41 68 208 211
dog-basset_hound 0.0038543642 313 127 333 262
dog-yorkshire_terrier 0.00380373 129 90 333 500
dog-basset_hound 0.0037949681 0 14 244 302
