dog-yorkshire_terrier 0.032100707 83 309 402 375
dog-keeshond 0.030044526 0 56 500 375
dog-havanese 0.027444214 0 66 481 375
cat-Persian 0.025396585 0 54 495 371
dog-samoyed 0.02202946 0 66 481 375
dog-newfoundland 0.018582165 353 109 401 158
dog-wheaten_terrier 0.018051177 0 66 481 375
dog-german_shorthaired 0.01784873 354 109 402 159
dog-american_bulldog 0.014728606 16 2 144 51
cat-Maine_Coon 0.012771875 250 343 319 363
dog-shiba_inu 0.012053788 70 0 254 52
cat-Ragdoll 0.0119611025 3 2 93 28
dog-japanese_chin 0.011419624 3 2 93 28
dog-leonberger 0.011201203 353 109 401 158
dog-basset_hound 0.011115015 207 240 239 253
dog-leonberger 0.010874927 0 66 481 375
dog-pug 0.010368168 1 1 116 27
dog-american_pit_bull_terrier 0.010248601 377 1 499 52
cat-Birman 0.009821802 17 0 149 38
dog-boxer 0.00963366 0 1 121 30
dog-american_bulldog 0.009559393 4 2 107 57
cat-Siamese 0.009485722 60 0 219 38
cat-Birman 0.009412587 10 0 107 21
dog-basset_hound 0.009412587 222 240 251 253
dog-leonberger 0.009268016 0 318 105 375
cat-Birman 0.00919655 0 1 121 30
cat-Siamese 0.00912565 17 0 149 38
dog-american_bulldog 0.009090394 3 1 70 110
bella 0.009055257 2 68 31 162
dog-basset_hound 0.008881688 289 240 318 253
dog-pug 0.008813173 377 1 499 52
dog-basset_hound 0.008380443 303 240 331 252
dog-great_pyrenees 0.008283615 16 2 144 51
dog-pomeranian 0.008283615 14 0 55 24
dog-shiba_inu 0.008283615 16 2 144 51
dog-american_bulldog 0.008219689 1 0 117 40
cat-Ragdoll 0.008030802 16 2 144 51
dog-shiba_inu 0.007937998 142 0 316 51
dog-boxer 0.007846236 17 0 149 38
dog-pug 0.007695645 16 2 144 51
cat-Siamese 0.0076362193 111 0 265 38
dog-american_bulldog 0.0076362193 34 0 187 38
dog-american_pit_bull_terrier 0.007606685 17 0 149 38
dog-great_pyrenees 0.0074456036 0 66 481 375
cat-Siamese 0.007374376 188 0 334 38
cat-Russian_Blue 0.0073458254 293 0 444 27
cat-Siamese 0.0070938766 88 0 247 47
dog-japanese_chin 0.00706771 0 54 490 375
dog-basset_hound 0.006964028 0 66 481 375
cat-Russian_Blue 0.0069576204 120 0 246 29
dog-great_pyrenees 0.0069576204 3 2 93 28
dog-pomeranian 0.0066411197 27 0 74 24
dog-keeshond 0.006606847 200 71 500 375
cat-Bengal 0.0064882636 0 182 36 258
cat-Siamese 0.006338924 32 2 189 48
cat-Russian_Blue 0.006265521 18 0 159 28
dog-leonberger 0.006192982 17 0 149 38
dog-saint_bernard 0.0061689913 144 255 194 276
cat-Bombay 0.006097555 120 0 246 29
cat-Persian 0.006073922 0 1 121 30
cat-Siamese 0.006050408 192 0 379 50
dog-staffordshire_bull_terrier 0.0060269535 161 0 308 46
dog-pug 0.0059571564 87 0 243 38
dog-boxer 0.0059340596 60 0 219 38
dog-american_bulldog 0.0058653355 3 2 93 28
dog-keeshond 0.005797416 83 309 402 375
cat-Persian 0.0057302415 5 0 89 21
dog-basset_hound 0.0057302415 279 240 305 253
dog-wheaten_terrier 0.0057302415 230 237 290 258
dog-boxer 0.0056200325 4 1 109 44
dog-pug 0.0056200325 34 0 187 38
cat-Birman 0.005598247 60 0 219 38
cat-Egyptian_Mau 0.005598247 0 10 31 94
cat-Maine_Coon 0.0055549145 141 222 233 254
dog-boxer 0.0055549145 32 2 189 48
cat-Siamese 0.0054905713 235 0 395 37
cat-Siamese 0.0054692626 135 0 287 46
dog-leonberger 0.005448073 0 304 243 375
cat-British_Shorthair 0.0054269433 17 0 121 22
cat-Egyptian_Mau 0.005405903 16 2 144 51
dog-pug 0.0053640604 60 1 222 47
cat-Russian_Blue 0.0053432584 151 0 287 30
dog-american_pit_bull_terrier 0.0053018928 87 0 243 38
cat-Bombay 0.0052404404 40 1 161 27
dog-basset_hound 0.005220115 468 247 498 324
cat-Ragdoll 0.0051797032 0 1 69 22
bella 0.0051596165 3 51 28 135
cat-Bombay 0.005099833 109 0 205 22
dog-staffordshire_bull_terrier 0.005040705 88 0 247 47
cat-Persian 0.0048674047 83 309 402 375
dog-keeshond 0.0048674047 319 324 469 375
cat-Bombay 0.00484854 60 0 198 28
dog-american_bulldog 0.0048297346 87 0 243 38
dog-pug 0.0048297346 111 0 268 46
dog-saint_bernard 0.0048297346 130 255 182 276
dog-basset_hound 0.004810989 0 17 31 104
cat-Egyptian_Mau 0.004792303 473 263 500 327
cat-Ragdoll 0.004755199 10 0 107 21
dog-pug 0.004755199 136 0 285 38
dog-havanese 0.00473395 3 39 500 349
