dog-german_shorthaired 0.91818726 160 43 297 198
dog-english_cocker_spaniel 0.31658053 160 43 297 198
dog-basset_hound 0.31237 160 43 297 198
cat-Bengal 0.14390808 161 46 293 200
dog-boxer 0.12940273 161 46 293 200
dog-miniature_pinscher 0.11757213 161 46 293 200
dog-beagle 0.11279541 161 46 293 200
dog-newfoundland 0.09041372 161 46 293 200
cat-Bombay 0.0809367 161 46 293 200
cat-British_Shorthair 0.071202725 161 46 293 200
cat-Russian_Blue 0.06233102 161 46 293 200
dog-staffordshire_bull_terrier 0.0511775 161 46 293 200
dog-english_setter 0.045862675 161 46 293 200
cat-Sphynx 0.035012633 161 46 293 200
dog-american_pit_bull_terrier 0.026708454 161 46 293 200
cat-Abyssinian 0.021864563 161 46 293 200
dog-wheaten_terrier 0.021781176 161 46 293 200
dog-saint_bernard 0.020061791 161 46 293 200
dog-american_bulldog 0.016130656 152 31 473 343
dog-scottish_terrier 0.014899641 161 46 293 200
dog-american_bulldog 0.0148124695 155 4 500 294
bella 0.012336105 3 210 77 332
dog-leonberger 0.010693759 162 47 294 200
cat-Egyptian_Mau 0.010328144 161 46 293 200
dog-english_cocker_spaniel 0.00912565 465 130 500 234
dog-yorkshire_terrier 0.009055257 35 2 216 51
cat-Ragdoll 0.008516848 139 29 500 375
cat-Persian 0.008511305 309 0 351 9
dog-american_bulldog 0.008475363 176 62 500 375
dog-great_pyrenees 0.0080932975 268 0 407 40
dog-basset_hound 0.007695645 162 121 274 196
dog-samoyed 0.007273406 139 29 500 375
cat-Egyptian_Mau 0.0070177317 139 29 500 375
cat-Persian 0.006538838 0 57 30 137
dog-yorkshire_terrier 0.006338924 373 3 500 57
dog-american_bulldog 0.0062515438 0 42 343 375
cat-Birman 0.006121278 21 0 123 21
dog-pomeranian 0.0060035884 148 0 281 43
dog-yorkshire_terrier 0.0060035884 323 0 500 97
bella 0.005797416 0 254 31 316
cat-Birman 0.005576551 325 0 372 10
dog-american_bulldog 0.0055119395 268 0 407 40
dog-yorkshire_terrier 0.0054269433 51 0 209 40
cat-Persian 0.0053432584 298 0 337 9
dog-english_cocker_spaniel 0.0053225458 465 158 500 262
dog-pug 0.0053018928 292 0 436 39
dog-pomeranian 0.0052404404 153 0 315 57
dog-english_cocker_spaniel 0.005220115 465 105 499 207
dog-english_cocker_spaniel 0.005220115 464 188 500 290
cat-Persian 0.0051797032 0 0 107 34
cat-Siamese 0.005139619 268 0 407 40
bella 0.005001664 0 140 27 193
dog-boxer 0.004962951 268 0 407 40
dog-havanese 0.0049436986 161 46 293 200
cat-Egyptian_Mau 0.004776418 0 54 316 375
dog-yorkshire_terrier 0.004773736 309 0 351 9
dog-pomeranian 0.0047139525 139 29 500 375
dog-yorkshire_terrier 0.0046818256 16 0 158 42
dog-yorkshire_terrier 0.004663646 19 0 261 114
dog-american_pit_bull_terrier 0.004658282 155 4 500 294
bella 0.0045561194 2 171 74 296
cat-Persian 0.004538417 0 74 30 159
cat-Birman 0.00450328 0 57 30 137
dog-american_pit_bull_terrier 0.0044683814 292 0 436 39
cat-Bombay 0.004433751 373 0 471 22
bella 0.004416555 162 47 294 200
cat-Persian 0.004215151 319 0 365 10
cat-Birman 0.0041662455 183 300 399 365
cat-Birman 0.004085988 337 0 383 10
cat-Persian 0.004085988 316 0 405 19
dog-havanese 0.004070133 16 0 158 42
cat-Egyptian_Mau 0.0040543377 2 296 72 375
dog-basset_hound 0.0040409863 0 9 328 239
dog-pug 0.0040239096 155 4 500 294
cat-Birman 0.00400728 3 0 145 28
cat-Siamese 0.00400728 265 4 406 58
dog-great_pyrenees 0.003976226 5 5 75 117
cat-Persian 0.0039607882 157 34 295 197
dog-yorkshire_terrier 0.0039454103 157 34 295 197
dog-great_pyrenees 0.0039367974 155 4 500 294
dog-english_setter 0.003930092 148 0 300 179
dog-havanese 0.0038844645 323 0 500 97
bella 0.0038844645 0 208 27 267
cat-Birman 0.0038096309 291 0 331 9
dog-beagle 0.0038096309 292 247 313 299
cat-Persian 0.0037362278 3 0 145 28
dog-havanese 0.0037362278 126 0 319 205
cat-Birman 0.003721714 292 0 436 39
cat-Ragdoll 0.003721714 0 57 30 137
cat-Siamese 0.00370726 293 2 442 54
dog-keeshond 0.00370726 148 0 300 179
cat-Birman 0.0036928654 118 0 263 41
dog-american_pit_bull_terrier 0.0036785007 323 0 500 97
dog-boxer 0.0036785007 250 47 288 63
dog-great_pyrenees 0.0036642253 218 0 351 44
bella 0.0036642253 2 228 33 318
dog-basset_hound 0.003635794 156 39 314 266
dog-yorkshire_terrier 0.0036216974 0 0 165 60
dog-pomeranian 0.0035796463 0 0 165 60
dog-american_bulldog 0.0035657287 161 46 293 200
