dog-german_shorthaired 0.94355595 294 166 442 305
dog-newfoundland 0.6123097 294 166 442 305
dog-english_cocker_spaniel 0.49902344 294 165 443 304
dog-miniature_pinscher 0.085709274 295 168 439 304
cat-Bombay 0.072900265 296 166 440 304
dog-staffordshire_bull_terrier 0.07081622 295 168 439 304
dog-english_setter 0.06536579 295 168 439 304
dog-american_pit_bull_terrier 0.06325051 295 168 439 304
cat-Bengal 0.05686155 295 168 439 304
dog-scottish_terrier 0.050611436 296 166 440 304
dog-beagle 0.046724975 295 168 439 304
cat-British_Shorthair 0.044018656 296 166 440 304
dog-basset_hound 0.04352814 295 168 439 304
dog-boxer 0.025419652 296 166 440 304
dog-wheaten_terrier 0.019908786 295 168 439 304
dog-havanese 0.014281929 295 168 439 304
cat-Bengal 0.012053788 0 74 30 150
dog-english_cocker_spaniel 0.011072159 179 170 242 195
dog-havanese 0.010091305 231 152 266 165
dog-newfoundland 0.009906322 73 144 455 346
dog-english_cocker_spaniel 0.00946337 0 37 470 363
dog-american_bulldog 0.009380937 0 37 470 363
dog-german_shorthaired 0.009020269 217 164 278 187
cat-Bombay 0.0087451935 240 0 334 21
dog-basset_hound 0.008711398 1 253 73 371
cat-Bombay 0.008478403 217 164 278 187
dog-yorkshire_terrier 0.008412987 66 0 264 69
dog-keeshond 0.008251607 289 48 451 284
bella 0.008251607 473 86 500 155
cat-Birman 0.008219689 223 0 406 41
dog-miniature_pinscher 0.008219689 217 164 278 187
cat-Bombay 0.00815624 228 0 358 27
dog-yorkshire_terrier 0.00815624 294 164 443 305
dog-english_cocker_spaniel 0.00812456 0 131 448 354
dog-pomeranian 0.007815897 289 48 451 284
cat-Bengal 0.0076362193 228 0 321 20
dog-english_cocker_spaniel 0.0075187087 203 168 266 196
dog-newfoundland 0.007459581 0 37 470 363
dog-english_setter 0.007359892 0 131 448 354
dog-american_pit_bull_terrier 0.0072937906 0 37 470 363
cat-Persian 0.0072327554 296 166 440 304
dog-german_shorthaired 0.0072327554 198 166 433 325
cat-Bengal 0.007204771 190 0 327 27
cat-Birman 0.0067975223 295 132 443 300
cat-Russian_Blue 0.0067975223 295 168 439 304
dog-havanese 0.0067975223 227 148 260 164
dog-leonberger 0.0067975223 296 166 440 304
bella 0.006771207 470 66 498 151
dog-havanese 0.006724924 5 0 482 345
dog-leonberger 0.0066928566 0 287 67 371
cat-Bengal 0.006513506 0 100 31 172
dog-great_pyrenees 0.006496072 264 0 500 282
cat-Egyptian_Mau 0.0064882636 0 26 66 167
cat-Abyssinian 0.0063883364 228 0 321 20
dog-english_setter 0.006292224 0 37 470 363
dog-miniature_pinscher 0.006097555 0 50 155 276
dog-leonberger 0.0060035884 421 10 499 95
dog-american_pit_bull_terrier 0.0059803426 0 32 141 283
dog-havanese 0.0059076548 264 0 500 282
dog-english_cocker_spaniel 0.0058425963 202 164 268 186
cat-Bombay 0.0056858957 190 0 327 27
dog-english_setter 0.0055479407 0 132 456 371
dog-pomeranian 0.0055119395 54 7 472 157
cat-Bengal 0.0054692626 154 0 283 28
dog-american_pit_bull_terrier 0.005448073 431 199 447 218
dog-english_cocker_spaniel 0.005384952 198 166 433 325
bella 0.005384952 468 38 498 133
cat-Birman 0.0053432584 180 0 338 41
cat-Russian_Blue 0.0053432584 326 0 486 29
dog-havanese 0.005260855 236 148 272 164
cat-Bombay 0.0052404404 431 1 500 36
dog-boxer 0.0052404404 217 318 341 367
cat-Egyptian_Mau 0.0051998794 0 100 31 172
cat-Maine_Coon 0.0051596165 190 0 327 27
dog-basset_hound 0.0051596165 0 12 66 159
cat-Siamese 0.005099833 204 0 373 41
dog-japanese_chin 0.0050816834 264 0 500 282
dog-great_pyrenees 0.0050800443 85 7 451 223
cat-Russian_Blue 0.005060345 228 0 321 20
dog-samoyed 0.005060345 171 3 499 214
cat-Bengal 0.005001664 195 0 288 20
dog-keeshond 0.004982263 75 0 257 45
dog-saint_bernard 0.0048674047 295 168 439 304
dog-yorkshire_terrier 0.0048674047 289 48 451 284
dog-yorkshire_terrier 0.004755199 48 8 440 216
dog-newfoundland 0.0047367513 449 0 500 83
cat-Egyptian_Mau 0.0045916736 228 0 321 20
cat-Persian 0.004538417 431 1 500 36
dog-wheaten_terrier 0.0044683814 432 143 462 152
dog-staffordshire_bull_terrier 0.0044510365 217 164 278 187
cat-Birman 0.004433751 119 0 282 44
cat-Maine_Coon 0.004433751 296 166 440 304
dog-miniature_pinscher 0.004433751 216 156 279 179
dog-pomeranian 0.004416555 354 11 500 184
dog-great_pyrenees 0.004365325 289 48 451 284
dog-american_pit_bull_terrier 0.004320383 276 151 500 371
dog-yorkshire_terrier 0.004314691 1 0 273 87
cat-Bombay 0.004297942 212 0 306 19
cat-Egyptian_Mau 0.004297942 0 192 31 272
cat-Birman 0.0042480826 363 0 500 42
