dog-german_shorthaired 0.93674946 103 144 276 303
dog-basset_hound 0.15278918 103 144 276 303
dog-newfoundland 0.0721122 99 144 278 288
dog-english_cocker_spaniel 0.065844715 103 142 276 304
cat-British_Shorthair 0.05997643 103 144 276 303
dog-german_shorthaired 0.03789243 107 142 289 390
dog-german_shorthaired 0.023644328 196 151 271 267
cat-Bombay 0.022499979 99 144 278 288
cat-Persian 0.021450728 292 124 336 149
dog-boxer 0.017712295 103 142 276 304
cat-Bengal 0.017442495 103 142 276 304
dog-boxer 0.016149431 0 100 278 390
cat-British_Shorthair 0.012026489 0 11 264 320
bella 0.011331767 1 210 20 305
dog-basset_hound 0.010921061 0 100 278 390
dog-basset_hound 0.010806024 77 120 301 500
dog-english_setter 0.010570496 103 142 276 304
dog-miniature_pinscher 0.010570496 99 144 278 288
cat-Egyptian_Mau 0.010489106 0 183 22 283
bella 0.010368168 360 157 375 221
dog-beagle 0.010091305 103 142 276 304
cat-Egyptian_Mau 0.009783864 350 301 375 401
cat-British_Shorthair 0.009356737 0 100 278 390
dog-saint_bernard 0.00919655 103 142 276 304
dog-boxer 0.009195685 77 120 301 500
cat-Egyptian_Mau 0.00895071 0 212 19 300
cat-Bombay 0.008847356 196 151 271 267
dog-scottish_terrier 0.0087791085 100 145 277 284
cat-Bombay 0.007815897 107 142 289 390
cat-Bombay 0.0071491003 260 231 375 500
cat-Bombay 0.0070684254 0 11 264 320
dog-basset_hound 0.0067929924 64 124 282 362
dog-newfoundland 0.006744981 196 151 271 267
cat-Bengal 0.0065887272 0 11 264 320
dog-german_shorthaired 0.0064602494 77 120 301 500
bella 0.0059340596 0 244 20 342
dog-yorkshire_terrier 0.0056858957 99 144 277 287
cat-Persian 0.0056419075 23 0 268 203
cat-Persian 0.005640596 0 0 227 291
cat-Russian_Blue 0.005545348 77 120 301 500
cat-Sphynx 0.0053990185 0 100 278 390
cat-Egyptian_Mau 0.0053640604 0 227 22 331
cat-Egyptian_Mau 0.0053432584 354 85 375 168
dog-english_cocker_spaniel 0.0051596165 196 151 271 267
cat-Bengal 0.005099833 196 151 271 267
dog-basset_hound 0.0050506294 112 104 375 422
dog-german_shorthaired 0.005034268 0 100 278 390
cat-Maine_Coon 0.004982263 0 0 90 45
cat-Russian_Blue 0.0048674047 103 142 276 304
cat-Russian_Blue 0.0046879947 0 100 278 390
cat-Persian 0.0046209097 77 0 288 345
dog-pug 0.0045686066 0 11 264 320
cat-Bombay 0.0044822693 0 100 278 390
cat-Maine_Coon 0.004399419 355 100 375 182
dog-staffordshire_bull_terrier 0.0043959916 77 120 301 500
dog-miniature_pinscher 0.004365325 196 151 271 267
cat-Bengal 0.0043415725 0 100 278 390
dog-pug 0.004263431 0 100 278 390
dog-english_cocker_spaniel 0.0042450726 0 0 262 379
cat-Bombay 0.0041987896 90 148 314 479
cat-Egyptian_Mau 0.0041662455 0 263 22 361
cat-Maine_Coon 0.0041339695 341 0 375 47
dog-german_shorthaired 0.004070133 99 149 195 282
dog-newfoundland 0.003986001 0 11 264 320
cat-Bombay 0.0039607882 106 0 171 27
cat-Persian 0.0039417148 0 11 264 320
dog-basset_hound 0.0038860142 0 102 301 500
cat-British_Shorthair 0.0038844645 16 122 44 135
cat-Bengal 0.0038394034 349 306 373 409
dog-basset_hound 0.0038244724 0 212 19 300
cat-Egyptian_Mau 0.0038096309 360 157 375 221
cat-Bombay 0.0038046539 0 0 247 252
cat-Maine_Coon 0.0036785007 221 2 373 109
cat-British_Shorthair 0.0036690831 112 104 375 422
dog-miniature_pinscher 0.003651172 0 11 264 320
cat-Bombay 0.0036499798 168 0 238 28
cat-Abyssinian 0.0036081374 0 100 278 390
dog-havanese 0.0034970045 23 0 268 203
cat-Russian_Blue 0.0034834146 27 0 129 48
bella 0.0034834146 0 267 20 357
cat-Bombay 0.0034564137 111 1 147 13
dog-american_pit_bull_terrier 0.0034564137 100 145 277 284
cat-British_Shorthair 0.0033778548 0 0 262 379
dog-basset_hound 0.003377676 0 11 264 320
bella 0.00336349 105 161 146 242
cat-Birman 0.003324449 0 440 89 498
dog-boxer 0.0033115149 107 142 289 390
dog-saint_bernard 0.0032838285 0 100 278 390
cat-Birman 0.0032730699 245 0 364 52
cat-Persian 0.0032476783 279 126 322 148
dog-wheaten_terrier 0.0031974912 103 142 276 304
dog-boxer 0.0031670034 0 113 273 500
cat-Bengal 0.003148079 87 50 125 71
dog-basset_hound 0.0030873716 0 267 20 357
dog-basset_hound 0.0030873716 196 151 271 267
dog-english_cocker_spaniel 0.0030753613 99 149 195 282
cat-Siamese 0.0030636191 77 120 301 500
dog-basset_hound 0.0030515194 0 183 22 283
cat-Maine_Coon 0.003039658 292 124 336 149
dog-scottish_terrier 0.0030278265 351 142 372 266
