dog-english_setter 0.86882675 68 65 268 279
dog-leonberger 0.45713672 63 66 268 287
dog-great_pyrenees 0.3979384 63 66 268 287
dog-wheaten_terrier 0.21337718 69 65 266 280
dog-saint_bernard 0.14560062 63 66 268 287
dog-havanese 0.09467769 63 66 268 287
dog-american_bulldog 0.08787644 63 66 268 287
dog-keeshond 0.061311543 63 66 268 287
dog-leonberger 0.056544155 0 35 272 307
dog-great_pyrenees 0.056019068 0 35 272 307
dog-newfoundland 0.053403348 63 66 268 287
dog-english_setter 0.04505375 0 35 272 307
dog-english_cocker_spaniel 0.04076928 63 66 268 287
dog-american_bulldog 0.03978941 0 35 272 307
dog-japanese_chin 0.039666325 0 35 272 307
bella 0.034100443 68 67 270 282
dog-havanese 0.033424646 0 35 272 307
dog-saint_bernard 0.03280455 0 35 272 307
dog-wheaten_terrier 0.032081664 0 35 272 307
cat-British_Shorthair 0.029613107 0 35 272 307
cat-Bengal 0.028690249 0 35 272 307
cat-Persian 0.027848452 63 66 268 287
dog-beagle 0.02771476 0 35 272 307
dog-american_pit_bull_terrier 0.027220905 63 66 268 287
cat-Ragdoll 0.025977194 0 35 272 307
cat-Persian 0.025691867 0 35 272 307
bella 0.024550289 0 35 272 307
cat-Abyssinian 0.024448305 0 35 272 307
dog-japanese_chin 0.024330199 63 66 268 287
dog-samoyed 0.024145424 63 66 268 287
dog-chihuahua 0.022933573 63 66 268 287
dog-keeshond 0.022835404 0 35 272 307
dog-newfoundland 0.021744967 0 35 272 307
dog-shiba_inu 0.02164656 0 35 272 307
cat-Sphynx 0.021181613 0 35 272 307
cat-Egyptian_Mau 0.020007879 0 35 272 307
cat-British_Shorthair 0.019643754 63 66 268 287
dog-pug 0.018895507 0 35 272 307
dog-pomeranian 0.017857522 0 35 272 307
cat-Bengal 0.017644465 63 66 268 287
cat-Maine_Coon 0.01715669 0 35 272 307
dog-basset_hound 0.01554364 63 66 268 287
cat-Russian_Blue 0.014109015 0 35 272 307
dog-basset_hound 0.013653725 0 35 272 307
dog-american_pit_bull_terrier 0.013053417 0 35 272 307
dog-staffordshire_bull_terrier 0.013017088 0 71 279 500
cat-Egyptian_Mau 0.012431651 63 66 268 287
dog-chihuahua 0.012320727 0 35 272 307
dog-miniature_pinscher 0.012285948 0 35 272 307
cat-Maine_Coon 0.011463791 68 67 270 282
dog-shiba_inu 0.010818452 63 66 268 287
dog-american_bulldog 0.010668188 0 71 279 500
dog-samoyed 0.010613918 0 35 272 307
dog-miniature_pinscher 0.010570496 68 67 270 282
cat-Egyptian_Mau 0.009973884 25 74 319 500
dog-german_shorthaired 0.009921968 0 35 272 307
dog-staffordshire_bull_terrier 0.00963366 63 66 268 287
dog-english_setter 0.009412587 175 84 267 275
cat-Ragdoll 0.00895527 25 74 319 500
dog-english_cocker_spaniel 0.008859485 0 35 272 307
dog-boxer 0.008848578 0 35 272 307
cat-British_Shorthair 0.008848548 0 71 279 500
cat-Bombay 0.008685559 0 35 272 307
dog-yorkshire_terrier 0.008511305 267 149 294 163
dog-staffordshire_bull_terrier 0.008189201 0 35 272 307
cat-Birman 0.0075785816 0 35 272 307
cat-Siamese 0.0074589252 0 35 272 307
dog-boxer 0.006850481 63 66 268 287
dog-american_pit_bull_terrier 0.0068140924 0 71 279 500
cat-Abyssinian 0.006338924 68 67 270 282
dog-yorkshire_terrier 0.0060071945 0 35 272 307
cat-Russian_Blue 0.0060041547 25 74 319 500
cat-Birman 0.0060035884 58 445 146 498
dog-scottish_terrier 0.005919546 0 35 272 307
dog-great_pyrenees 0.005911082 76 71 206 263
dog-beagle 0.0058425963 63 66 268 287
dog-pug 0.0056419075 63 66 268 287
dog-keeshond 0.0055828094 25 74 319 500
dog-keeshond 0.00555408 50 43 282 454
dog-german_shorthaired 0.0054692626 68 67 270 282
dog-scottish_terrier 0.0054692626 63 66 268 287
cat-Birman 0.005384952 99 446 177 498
cat-Ragdoll 0.0053018928 63 66 268 287
dog-havanese 0.005139619 267 149 294 163
cat-Egyptian_Mau 0.005083859 0 78 253 500
dog-basset_hound 0.0050061345 1 88 264 500
bella 0.0049586296 0 71 279 500
cat-British_Shorthair 0.0048674047 120 485 156 500
bella 0.0046818256 0 39 22 162
bella 0.004663646 345 296 384 449
dog-american_pit_bull_terrier 0.004609585 44 252 60 272
dog-great_pyrenees 0.00450328 106 175 187 263
cat-British_Shorthair 0.0044683814 130 485 163 500
dog-american_pit_bull_terrier 0.0044683814 43 267 72 282
dog-shiba_inu 0.0044642687 1 88 264 500
dog-newfoundland 0.0044510365 274 149 302 162
dog-leonberger 0.004399419 116 289 156 329
dog-american_bulldog 0.0043498576 0 0 251 253
dog-pug 0.004264623 267 153 292 168
dog-pug 0.004215151 267 149 294 163
