dog-great_pyrenees 0.94891727 333 58 452 158
dog-english_setter 0.10484338 333 59 453 157
dog-leonberger 0.10302442 332 58 453 159
dog-wheaten_terrier 0.10176784 333 59 453 157
dog-havanese 0.032774985 332 57 452 159
bella 0.028980643 332 59 452 158
dog-scottish_terrier 0.020190269 0 71 481 413
dog-japanese_chin 0.019419342 333 59 452 159
dog-keeshond 0.017671019 0 71 481 413
cat-Persian 0.016914904 334 62 449 163
dog-samoyed 0.01652956 333 59 452 159
dog-great_pyrenees 0.014728606 336 46 500 165
dog-saint_bernard 0.012771875 332 59 452 158
dog-newfoundland 0.011335552 0 71 481 413
dog-american_pit_bull_terrier 0.011201203 231 140 257 155
dog-yorkshire_terrier 0.011033744 0 71 481 413
cat-Bengal 0.010948062 0 71 481 413
cat-Bombay 0.008770615 0 71 481 413
cat-Birman 0.008511305 225 360 384 413
dog-american_bulldog 0.008251607 333 59 452 159
dog-american_pit_bull_terrier 0.008062005 237 141 262 156
dog-american_pit_bull_terrier 0.008062005 336 46 500 165
dog-american_pit_bull_terrier 0.007968813 240 146 269 160
dog-japanese_chin 0.007907301 119 77 185 103
cat-Egyptian_Mau 0.0077555478 1 61 87 206
bella 0.007725537 336 46 500 165
dog-american_pit_bull_terrier 0.0076362193 332 59 452 158
dog-shiba_inu 0.007597238 0 71 481 413
cat-Russian_Blue 0.0075480044 0 71 481 413
dog-staffordshire_bull_terrier 0.0075212717 0 71 481 413
dog-leonberger 0.0074896216 17 0 181 55
cat-Maine_Coon 0.007317394 336 46 500 165
dog-miniature_pinscher 0.006987691 0 71 481 413
dog-american_pit_bull_terrier 0.0067975223 235 146 261 160
cat-British_Shorthair 0.006744981 263 68 297 80
dog-american_bulldog 0.0066154003 336 46 500 165
dog-newfoundland 0.0064131618 32 0 196 45
dog-havanese 0.0062898993 32 0 196 45
dog-chihuahua 0.006279826 0 71 481 413
cat-Birman 0.006265521 385 355 500 412
dog-leonberger 0.0062161386 0 71 481 413
dog-yorkshire_terrier 0.0060035884 174 55 453 183
bella 0.005774915 474 125 500 186
dog-english_cocker_spaniel 0.00567466 0 71 481 413
cat-Maine_Coon 0.005448431 0 43 485 413
dog-great_pyrenees 0.0053640604 76 90 134 120
cat-Birman 0.005340278 214 61 500 413
cat-Ragdoll 0.005281329 336 46 500 165
dog-beagle 0.005260855 336 46 500 165
dog-english_setter 0.0051797032 336 46 500 165
dog-pomeranian 0.0051596165 336 46 500 165
dog-shiba_inu 0.0051596165 336 46 500 165
cat-Abyssinian 0.0051196814 336 46 500 165
dog-basset_hound 0.004982263 466 280 497 371
cat-Ragdoll 0.004962951 333 59 452 159
dog-great_pyrenees 0.0049054027 240 146 269 160
cat-British_Shorthair 0.0048426986 0 71 481 413
dog-chihuahua 0.0048297346 237 141 262 156
cat-Birman 0.004792303 191 367 348 412
dog-samoyed 0.004755199 336 46 500 165
dog-basset_hound 0.004752338 0 43 485 413
cat-Egyptian_Mau 0.0047183633 332 59 452 158
dog-american_pit_bull_terrier 0.0047183633 231 136 258 150
dog-leonberger 0.0047183633 63 191 101 232
dog-american_bulldog 0.004645556 251 150 284 163
dog-chihuahua 0.004627526 336 46 500 165
cat-Siamese 0.0046077073 0 71 481 413
dog-shiba_inu 0.004538417 59 88 128 124
dog-keeshond 0.0044510365 333 59 452 159
dog-leonberger 0.004231602 75 199 111 243
dog-chihuahua 0.004215151 332 59 452 158
dog-keeshond 0.0042133927 214 61 500 413
cat-Bombay 0.0041987896 174 55 453 183
bella 0.0041662455 473 145 500 211
bella 0.0041500926 330 69 393 139
cat-Egyptian_Mau 0.0040841997 0 43 485 413
dog-yorkshire_terrier 0.0040543377 75 51 469 217
bella 0.004038602 0 18 35 87
dog-wheaten_terrier 0.004034817 0 71 481 413
dog-american_pit_bull_terrier 0.0040318966 0 71 481 413
cat-Siamese 0.0040262938 214 61 500 413
dog-staffordshire_bull_terrier 0.003991723 336 46 500 165
dog-american_pit_bull_terrier 0.003976226 17 0 171 46
cat-Bombay 0.0039607882 37 0 135 23
dog-american_bulldog 0.0039607882 64 85 126 112
dog-pomeranian 0.0039607882 237 141 262 156
cat-Birman 0.003899634 0 341 112 413
dog-pomeranian 0.0038543642 333 59 452 159
cat-Egyptian_Mau 0.0037948191 0 95 34 175
dog-american_pit_bull_terrier 0.0037948191 237 137 263 151
dog-great_pyrenees 0.0037948191 87 84 142 113
cat-Egyptian_Mau 0.003750801 336 46 500 165
dog-pomeranian 0.003750801 308 0 463 68
cat-Egyptian_Mau 0.0036785007 470 265 500 350
dog-american_pit_bull_terrier 0.0036785007 249 147 285 160
dog-staffordshire_bull_terrier 0.0036785007 261 66 298 79
cat-Egyptian_Mau 0.0036216974 66 91 125 121
dog-havanese 0.0035797358 0 71 481 413
dog-american_bulldog 0.0035796463 66 91 125 121
cat-British_Shorthair 0.0035657287 257 66 292 78
