dog-great_pyrenees 0.99440175 91 66 215 178
dog-saint_bernard 0.03371653 90 67 215 177
dog-american_bulldog 0.025130957 90 67 215 177
bella 0.023644328 90 67 215 177
dog-japanese_chin 0.022457063 90 66 215 176
dog-samoyed 0.020645916 90 67 215 177
dog-wheaten_terrier 0.02056709 90 67 215 177
cat-Persian 0.019050896 350 356 408 371
dog-english_setter 0.016914904 90 67 215 177
dog-havanese 0.01640305 89 65 213 177
dog-great_pyrenees 0.013480097 311 144 373 181
cat-Ragdoll 0.012241274 90 67 215 177
dog-wheaten_terrier 0.011732459 425 141 496 223
dog-yorkshire_terrier 0.00985986 328 1 500 53
dog-yorkshire_terrier 0.008881688 365 4 500 166
dog-yorkshire_terrier 0.008124709 376 35 500 227
dog-yorkshire_terrier 0.007999748 320 0 500 90
dog-havanese 0.007066399 344 140 378 149
dog-saint_bernard 0.006903827 313 143 374 173
dog-japanese_chin 0.0065897703 94 68 209 137
dog-yorkshire_terrier 0.006513506 236 0 500 106
dog-wheaten_terrier 0.006192982 442 149 500 238
dog-keeshond 0.0058653355 94 68 209 137
dog-leonberger 0.005797416 94 68 209 137
dog-staffordshire_bull_terrier 0.0054905713 236 120 271 132
dog-wheaten_terrier 0.005405903 277 140 500 375
dog-leonberger 0.005260855 463 158 498 224
dog-leonberger 0.005220115 90 66 215 176
dog-great_pyrenees 0.0051196814 325 144 395 178
dog-havanese 0.005021155 376 35 500 227
dog-great_pyrenees 0.0048674047 91 0 246 161
cat-Bombay 0.0047367513 264 0 428 27
dog-havanese 0.0046818256 333 139 364 149
cat-Birman 0.004627526 0 334 112 374
cat-Persian 0.004573852 0 334 129 375
dog-havanese 0.004573852 324 138 356 150
dog-havanese 0.0045561194 24 0 235 180
dog-wheaten_terrier 0.0045561194 345 162 500 372
dog-japanese_chin 0.004538417 24 0 235 180
dog-wheaten_terrier 0.004485786 0 57 209 217
dog-wheaten_terrier 0.004416555 418 159 494 258
cat-Persian 0.004297942 92 65 216 173
dog-yorkshire_terrier 0.0041662455 225 3 500 165
dog-staffordshire_bull_terrier 0.004101932 369 337 404 358
dog-yorkshire_terrier 0.004085988 399 0 500 44
dog-staffordshire_bull_terrier 0.0040228963 131 62 172 79
cat-Maine_Coon 0.003914833 95 69 250 181
dog-havanese 0.0038394034 315 138 348 150
dog-great_pyrenees 0.0038237274 140 0 500 190
dog-scottish_terrier 0.0036928654 94 68 209 137
cat-Persian 0.003635794 436 0 499 73
dog-staffordshire_bull_terrier 0.0035796463 150 63 193 79
cat-Bengal 0.0034564137 94 68 209 137
cat-Birman 0.0033766031 106 50 388 169
dog-staffordshire_bull_terrier 0.003324449 353 338 403 368
dog-american_bulldog 0.0032986403 0 57 209 217
dog-yorkshire_terrier 0.0032476783 0 0 177 99
dog-english_cocker_spaniel 0.003235042 457 263 500 358
dog-havanese 0.0032224953 0 57 209 217
dog-samoyed 0.0031974912 94 68 209 137
dog-american_bulldog 0.0031850636 94 68 209 137
dog-staffordshire_bull_terrier 0.0031726956 382 334 416 353
cat-Bombay 0.003123641 214 0 377 26
dog-leonberger 0.0031225681 0 71 298 375
dog-leonberger 0.0031115115 470 170 500 229
dog-saint_bernard 0.0030994117 94 68 209 137
dog-great_pyrenees 0.0030873716 0 27 207 193
dog-english_cocker_spaniel 0.0030753613 1 191 46 234
dog-havanese 0.0030753613 360 143 420 168
cat-Persian 0.0030160546 24 0 235 180
dog-havanese 0.00301224 140 0 500 190
dog-yorkshire_terrier 0.0029926598 0 0 190 151
dog-english_cocker_spaniel 0.002981037 0 57 209 217
dog-miniature_pinscher 0.002981037 485 274 500 304
dog-havanese 0.0029694438 377 144 436 168
dog-wheaten_terrier 0.0029579103 433 153 496 183
cat-Bombay 0.0029464066 220 0 401 42
dog-leonberger 0.0029349625 346 142 405 168
cat-Persian 0.0029284954 0 0 218 247
dog-pomeranian 0.0029008687 94 68 209 137
dog-leonberger 0.0028895736 470 157 500 213
dog-english_cocker_spaniel 0.0028671622 0 188 33 234
dog-japanese_chin 0.0028671622 91 0 246 161
dog-basset_hound 0.0028338432 94 68 209 137
dog-havanese 0.0028118491 409 143 446 154
cat-Persian 0.0028009415 460 0 500 51
dog-staffordshire_bull_terrier 0.0028009415 0 52 18 94
dog-pomeranian 0.0027791858 92 65 216 173
cat-Egyptian_Mau 0.0027362108 485 248 500 281
dog-staffordshire_bull_terrier 0.0027362108 485 244 500 277
dog-wheaten_terrier 0.0027362108 374 85 500 280
cat-Persian 0.0027255714 0 57 209 217
dog-pomeranian 0.0027255714 376 35 500 227
dog-wheaten_terrier 0.0027255714 447 176 500 286
cat-Bombay 0.0027149916 231 0 335 21
dog-english_setter 0.0026939213 464 164 498 231
dog-havanese 0.0026939213 92 68 208 135
bella 0.0026939213 122 143 173 181
dog-staffordshire_bull_terrier 0.002683431 120 62 157 79
dog-american_bulldog 0.002673 122 269 156 309
