dog-wheaten_terrier 0.70007527 41 113 254 280
dog-havanese 0.56505877 41 107 253 277
dog-english_cocker_spaniel 0.24725968 35 109 254 280
dog-newfoundland 0.08359066 41 107 253 277
dog-great_pyrenees 0.035211146 39 103 255 282
dog-scottish_terrier 0.034880877 35 109 254 280
cat-Bengal 0.03185886 41 107 253 277
dog-english_setter 0.029090762 39 103 255 282
dog-leonberger 0.026305288 40 107 256 278
dog-keeshond 0.025565207 40 111 256 282
dog-samoyed 0.023779988 36 107 255 280
cat-British_Shorthair 0.022542953 41 107 253 277
cat-Persian 0.021287352 41 107 253 277
dog-havanese 0.01702255 0 36 248 293
dog-yorkshire_terrier 0.015784562 41 107 253 277
cat-Maine_Coon 0.014009565 41 107 253 277
cat-Bombay 0.013171941 221 1 342 75
dog-basset_hound 0.011118859 0 107 256 360
cat-Bengal 0.010971487 0 36 248 293
cat-British_Shorthair 0.010202974 0 36 248 293
dog-havanese 0.010189265 32 71 303 322
cat-Persian 0.010148078 0 36 248 293
dog-wheaten_terrier 0.0098980665 170 119 253 255
cat-British_Shorthair 0.009517461 0 107 256 360
dog-miniature_pinscher 0.009161025 35 109 254 280
dog-english_cocker_spaniel 0.008720994 0 36 248 293
cat-Bombay 0.008455485 0 36 248 293
cat-Birman 0.008283615 240 1 341 73
bella 0.007999748 39 103 255 282
dog-havanese 0.007756382 0 107 256 360
dog-yorkshire_terrier 0.007204771 221 1 342 75
cat-Egyptian_Mau 0.0070390403 0 279 16 358
cat-Egyptian_Mau 0.0066928566 0 232 19 328
cat-Bengal 0.0066274703 0 107 256 360
dog-yorkshire_terrier 0.0064575076 0 36 248 293
dog-yorkshire_terrier 0.0062898993 173 1 342 96
dog-american_pit_bull_terrier 0.006241262 210 0 342 119
dog-newfoundland 0.006050408 170 119 253 255
cat-Bombay 0.0060269535 39 96 263 281
cat-Egyptian_Mau 0.0059571564 0 141 17 218
cat-Bombay 0.0056638718 3 0 123 59
dog-wheaten_terrier 0.0053708553 0 36 248 293
dog-english_cocker_spaniel 0.00530684 25 98 314 350
dog-newfoundland 0.0051362813 0 36 248 293
dog-english_cocker_spaniel 0.005001664 119 111 252 248
dog-japanese_chin 0.004964918 0 107 256 360
dog-chihuahua 0.0049436986 39 103 255 282
cat-Birman 0.004924506 259 1 342 54
dog-staffordshire_bull_terrier 0.004924506 39 103 255 282
dog-scottish_terrier 0.0049084723 0 36 248 293
cat-Siamese 0.004886389 332 5 342 41
bella 0.00484854 324 83 342 178
dog-leonberger 0.0047760606 0 107 256 360
cat-Egyptian_Mau 0.0046818256 0 83 16 171
cat-Maine_Coon 0.0046224296 0 36 248 293
dog-miniature_pinscher 0.0044854283 0 36 248 293
dog-miniature_pinscher 0.0043314993 181 1 342 169
dog-wheaten_terrier 0.0043314993 126 114 256 269
dog-chihuahua 0.0042812526 221 1 342 75
dog-wheaten_terrier 0.0042666793 0 107 256 360
cat-Egyptian_Mau 0.004215151 0 110 16 197
cat-Persian 0.0042055547 0 107 256 360
cat-Siamese 0.0041824877 221 1 342 75
cat-Egyptian_Mau 0.0041662455 0 170 17 246
dog-miniature_pinscher 0.004070133 210 0 342 119
dog-staffordshire_bull_terrier 0.004070133 143 127 166 150
dog-yorkshire_terrier 0.004070133 210 0 342 119
dog-chihuahua 0.004038602 0 0 120 73
dog-american_bulldog 0.00400728 39 103 255 282
bella 0.00400728 325 109 342 202
dog-american_pit_bull_terrier 0.003976226 181 1 342 169
dog-staffordshire_bull_terrier 0.0039454103 332 28 342 69
cat-Birman 0.003930092 274 0 342 58
cat-Egyptian_Mau 0.0038693845 0 306 16 382
dog-english_cocker_spaniel 0.0036928654 170 119 253 255
cat-Maine_Coon 0.0036642253 325 183 342 278
cat-Abyssinian 0.0036499798 332 5 342 41
dog-yorkshire_terrier 0.003635794 0 0 130 126
cat-Egyptian_Mau 0.0035935938 3 303 77 500
cat-Abyssinian 0.0035770535 0 36 248 293
dog-wheaten_terrier 0.0035693347 32 71 303 322
cat-Abyssinian 0.0035635233 0 107 256 360
dog-yorkshire_terrier 0.0035243332 261 0 342 73
dog-miniature_pinscher 0.0034970045 331 281 342 341
cat-Maine_Coon 0.0034295917 325 211 342 303
cat-Egyptian_Mau 0.0034182966 0 107 256 360
cat-Egyptian_Mau 0.00341627 41 107 253 277
cat-Egyptian_Mau 0.003403008 0 217 17 298
dog-boxer 0.003324449 332 5 342 41
dog-staffordshire_bull_terrier 0.003324449 332 40 342 82
dog-wheaten_terrier 0.0032986403 44 114 171 263
cat-Egyptian_Mau 0.0032815337 0 36 248 293
cat-Maine_Coon 0.0032603443 221 1 342 75
dog-miniature_pinscher 0.0032476783 331 244 342 302
dog-newfoundland 0.0032476783 272 241 285 267
dog-japanese_chin 0.0032224953 39 103 255 282
cat-Maine_Coon 0.0031850636 325 235 342 329
dog-samoyed 0.003148079 210 0 342 119
cat-Siamese 0.003059268 0 107 256 360
dog-samoyed 0.003039658 324 83 342 178
