dog-newfoundland 0.9487276 177 1 313 126
dog-wheaten_terrier 0.12678516 178 1 313 125
dog-english_cocker_spaniel 0.11676401 178 1 313 125
dog-havanese 0.105763435 178 1 313 125
dog-scottish_terrier 0.08035746 181 2 310 130
cat-British_Shorthair 0.03789243 178 1 313 125
dog-german_shorthaired 0.029090762 181 2 310 130
dog-miniature_pinscher 0.028220981 181 2 310 130
dog-staffordshire_bull_terrier 0.025711596 181 2 310 130
dog-yorkshire_terrier 0.02203226 181 2 310 130
dog-keeshond 0.018404901 181 2 310 130
dog-leonberger 0.01784873 178 1 313 125
cat-Bombay 0.017442495 181 2 310 130
cat-Bombay 0.015603542 329 0 476 32
dog-american_pit_bull_terrier 0.013301849 178 0 500 273
cat-Bombay 0.010986954 347 0 496 48
dog-boxer 0.010652512 186 21 338 234
dog-boxer 0.010489106 174 4 307 175
dog-american_pit_bull_terrier 0.010169655 181 2 310 130
dog-american_pit_bull_terrier 0.010130167 196 38 500 375
cat-Siamese 0.009596467 347 0 496 48
dog-american_bulldog 0.008919835 178 0 500 273
dog-staffordshire_bull_terrier 0.008816481 196 38 500 375
dog-leonberger 0.008797914 196 38 500 375
dog-american_bulldog 0.0073150992 196 38 500 375
dog-basset_hound 0.007066399 170 149 339 246
cat-Siamese 0.006903827 303 0 478 40
dog-pug 0.0068770945 181 2 310 130
dog-american_pit_bull_terrier 0.0065639615 180 0 500 199
cat-Bengal 0.006314367 168 0 308 130
dog-shiba_inu 0.0062898993 192 2 370 124
cat-Bombay 0.00614509 15 0 176 40
cat-Russian_Blue 0.006097555 303 0 478 40
cat-Birman 0.0058653355 355 0 496 41
cat-Russian_Blue 0.0058425963 347 0 496 48
dog-yorkshire_terrier 0.0058425963 192 0 391 102
dog-chihuahua 0.0056858957 181 2 310 130
dog-pug 0.0056099594 178 0 500 273
dog-american_bulldog 0.0055119395 142 8 314 131
dog-english_setter 0.0054905713 182 4 311 131
dog-miniature_pinscher 0.005469978 0 0 323 197
dog-staffordshire_bull_terrier 0.005253345 178 0 500 273
dog-newfoundland 0.005021155 177 0 391 133
dog-shiba_inu 0.004982263 142 8 314 131
cat-Egyptian_Mau 0.0049054027 466 40 500 122
cat-Bengal 0.004810989 341 0 474 36
dog-american_bulldog 0.0047706068 180 0 500 199
dog-pug 0.004658729 180 0 500 199
dog-miniature_pinscher 0.004630983 0 0 357 256
cat-Russian_Blue 0.004627526 5 0 145 41
dog-newfoundland 0.0045710504 0 0 296 225
bella 0.004433751 469 176 497 266
cat-Siamese 0.004416555 5 0 145 41
dog-shiba_inu 0.0043483675 278 0 499 50
dog-german_shorthaired 0.004255563 0 0 357 256
dog-boxer 0.004244536 178 0 500 273
dog-english_cocker_spaniel 0.004215151 0 196 33 281
dog-wheaten_terrier 0.0042081177 0 0 323 197
cat-Persian 0.0041662455 168 0 308 130
dog-great_pyrenees 0.0041662455 192 2 370 124
dog-american_pit_bull_terrier 0.004117161 0 0 323 197
dog-newfoundland 0.004086286 0 0 357 256
dog-newfoundland 0.004070133 101 0 309 108
cat-Bombay 0.004038602 51 0 223 41
dog-boxer 0.0040315986 196 38 500 375
dog-basset_hound 0.003991723 172 186 324 243
dog-english_cocker_spaniel 0.0039301515 0 0 323 197
cat-Bengal 0.003899634 192 2 370 124
dog-newfoundland 0.0038543642 137 17 311 150
cat-Bombay 0.0038096309 277 0 464 40
dog-havanese 0.003783524 196 38 500 375
bella 0.003721714 468 76 497 167
dog-wheaten_terrier 0.0036785007 379 196 500 260
dog-pug 0.003651619 196 38 500 375
dog-newfoundland 0.0036216974 103 205 239 254
dog-english_cocker_spaniel 0.0035657287 186 43 300 122
cat-Russian_Blue 0.003510654 30 0 199 40
dog-leonberger 0.0034622252 176 0 500 355
dog-american_pit_bull_terrier 0.0034594536 0 0 357 256
dog-havanese 0.00341627 192 0 391 102
dog-staffordshire_bull_terrier 0.003404975 180 0 500 199
dog-english_setter 0.0033997595 196 38 500 375
dog-newfoundland 0.0033766031 3 95 68 186
dog-german_shorthaired 0.0033333004 0 0 323 197
dog-scottish_terrier 0.003324449 192 0 391 102
dog-staffordshire_bull_terrier 0.003324449 180 24 264 115
bella 0.0033174455 196 38 500 375
dog-english_cocker_spaniel 0.0032986403 0 133 32 215
dog-newfoundland 0.0032858253 332 207 449 262
dog-havanese 0.0032795966 0 0 323 197
cat-Siamese 0.0032730699 262 1 487 49
dog-german_shorthaired 0.0032485127 116 3 377 307
dog-boxer 0.003235042 277 0 464 40
dog-leonberger 0.003235042 303 0 478 40
dog-miniature_pinscher 0.0032110512 180 0 500 199
dog-great_pyrenees 0.0031726956 168 0 308 130
dog-german_shorthaired 0.003148079 157 158 328 246
dog-yorkshire_terrier 0.0031420887 180 0 500 199
dog-shiba_inu 0.003123641 0 0 164 55
dog-newfoundland 0.003117144 116 3 377 307
