dog-havanese 0.97796774 59 57 310 300
dog-yorkshire_terrier 0.07587439 57 33 317 307
cat-Persian 0.07055959 61 60 308 305
dog-wheaten_terrier 0.06477171 61 65 306 300
dog-newfoundland 0.048525095 53 36 313 303
dog-havanese 0.030588776 0 0 314 343
dog-great_pyrenees 0.028654754 55 30 314 307
dog-japanese_chin 0.025829822 55 30 314 307
dog-havanese 0.02306521 131 5 267 77
dog-staffordshire_bull_terrier 0.022158861 282 316 313 328
dog-staffordshire_bull_terrier 0.01652956 40 279 66 292
dog-english_cocker_spaniel 0.016024321 55 30 314 307
cat-Egyptian_Mau 0.015306354 0 146 22 232
dog-havanese 0.014785409 139 14 310 278
cat-Egyptian_Mau 0.013273895 335 92 357 202
cat-Egyptian_Mau 0.013222814 337 141 357 225
dog-leonberger 0.012195826 53 36 313 303
dog-havanese 0.011463791 145 0 259 59
dog-keeshond 0.01001358 61 60 308 305
dog-english_cocker_spaniel 0.0098749995 0 0 314 343
dog-wheaten_terrier 0.00925833 0 0 314 343
dog-staffordshire_bull_terrier 0.008813173 40 281 64 298
cat-Egyptian_Mau 0.0087451935 0 144 22 209
dog-yorkshire_terrier 0.0087451935 205 0 238 13
cat-Egyptian_Mau 0.008644164 0 1 23 19
dog-pomeranian 0.007923603 55 30 314 307
dog-newfoundland 0.007743627 0 0 314 343
dog-great_pyrenees 0.0077053905 0 0 314 343
cat-Egyptian_Mau 0.007695645 335 64 357 172
dog-yorkshire_terrier 0.007392496 0 0 314 343
dog-yorkshire_terrier 0.007374376 195 0 227 13
cat-Egyptian_Mau 0.006850481 334 22 357 136
dog-staffordshire_bull_terrier 0.006823957 287 311 319 325
dog-staffordshire_bull_terrier 0.006718874 292 315 319 327
bella 0.0066928566 284 324 313 387
cat-Russian_Blue 0.0066669285 287 316 316 327
cat-Persian 0.0066012144 0 0 314 343
dog-yorkshire_terrier 0.00614509 145 0 259 59
dog-yorkshire_terrier 0.00614509 131 5 267 77
dog-havanese 0.0060543716 0 0 297 292
cat-Egyptian_Mau 0.005888164 0 122 23 203
cat-Egyptian_Mau 0.0058653355 338 158 357 253
cat-Egyptian_Mau 0.0057302415 0 0 25 27
cat-Egyptian_Mau 0.0056858957 0 163 18 249
dog-staffordshire_bull_terrier 0.0056200325 284 320 310 336
cat-Bombay 0.005598247 149 1 210 29
dog-american_pit_bull_terrier 0.0055379868 74 7 357 310
dog-yorkshire_terrier 0.0055119395 14 1 172 90
dog-havanese 0.0054932833 86 0 343 321
cat-Russian_Blue 0.0054905713 0 146 22 232
dog-pug 0.0054522753 55 30 314 307
bella 0.005405903 1 257 20 374
dog-yorkshire_terrier 0.0053018928 214 1 246 13
dog-scottish_terrier 0.0051929057 55 30 314 307
dog-staffordshire_bull_terrier 0.0051797032 273 315 308 327
cat-Persian 0.005099833 1 0 25 86
cat-Bombay 0.005028069 55 30 314 307
cat-Maine_Coon 0.004976064 74 7 357 310
dog-havanese 0.004945874 70 0 357 307
dog-great_pyrenees 0.004916668 99 0 357 279
dog-leonberger 0.0049054027 104 295 180 361
cat-Bengal 0.0048674047 0 146 22 232
cat-Egyptian_Mau 0.004810989 332 71 356 194
cat-Persian 0.004773736 214 1 246 13
dog-havanese 0.004663646 63 78 234 259
dog-yorkshire_terrier 0.004645556 0 0 130 124
cat-Bengal 0.0046326816 0 20 322 405
cat-Abyssinian 0.0045916736 335 92 357 202
dog-american_bulldog 0.0045561194 284 323 313 384
dog-wheaten_terrier 0.004485786 0 248 22 360
dog-english_cocker_spaniel 0.0044683814 0 235 23 352
cat-Russian_Blue 0.0044510365 333 81 357 215
dog-havanese 0.004433751 105 0 240 59
dog-staffordshire_bull_terrier 0.004401505 74 7 357 310
dog-samoyed 0.004376143 55 30 314 307
cat-Bombay 0.004264623 315 4 348 17
cat-Egyptian_Mau 0.004264623 0 199 21 296
cat-Maine_Coon 0.0042536557 0 0 311 321
dog-miniature_pinscher 0.0041998625 74 7 357 310
cat-Persian 0.0041339695 133 1 175 19
dog-pomeranian 0.004101932 52 4 259 96
dog-staffordshire_bull_terrier 0.004101932 43 280 71 294
cat-Bombay 0.0040543377 31 0 92 26
cat-Persian 0.004038602 195 0 227 13
dog-staffordshire_bull_terrier 0.004038602 44 282 69 299
dog-english_cocker_spaniel 0.004017025 80 49 357 368
cat-Egyptian_Mau 0.003991723 344 219 357 264
dog-great_pyrenees 0.0039607882 9 0 37 12
bella 0.0039607882 335 136 355 233
cat-Egyptian_Mau 0.0039454103 0 216 22 327
cat-Persian 0.0039454103 186 1 222 15
cat-Bengal 0.003914833 333 12 357 127
cat-Bengal 0.003914833 0 122 23 203
cat-Persian 0.003914833 205 0 238 13
dog-havanese 0.003899634 200 0 232 13
cat-Abyssinian 0.0038844645 0 146 22 232
cat-Maine_Coon 0.0038844645 326 418 357 496
cat-Bombay 0.0038693845 210 1 242 13
dog-wheaten_terrier 0.0038693845 0 0 23 98
dog-havanese 0.0038096309 223 316 255 334
