dog-havanese 0.83920753 203 113 397 279
dog-yorkshire_terrier 0.6279512 203 113 397 279
dog-keeshond 0.13776428 203 113 397 279
dog-newfoundland 0.10302442 201 111 397 278
cat-Persian 0.05921024 203 113 397 279
dog-german_shorthaired 0.039937317 0 135 92 272
dog-wheaten_terrier 0.03204006 199 115 395 275
dog-basset_hound 0.026074946 12 122 385 361
dog-scottish_terrier 0.022629201 201 111 397 278
dog-pug 0.018299341 202 113 396 278
dog-newfoundland 0.017375678 2 137 80 251
dog-japanese_chin 0.012383789 202 113 396 278
dog-leonberger 0.010652512 387 91 431 138
dog-leonberger 0.010408312 140 309 253 374
dog-samoyed 0.0098980665 1 93 36 155
dog-samoyed 0.009559393 0 77 34 149
cat-Bombay 0.008847356 202 113 396 278
bella 0.008813173 2 67 36 135
dog-boxer 0.008283615 2 137 80 251
cat-Ragdoll 0.007846236 0 309 99 375
dog-english_cocker_spaniel 0.0074896216 200 113 397 281
dog-german_shorthaired 0.007460654 2 133 124 320
dog-newfoundland 0.006930679 0 134 100 312
cat-Bengal 0.006192982 91 129 389 313
dog-english_cocker_spaniel 0.0061028004 97 132 408 333
dog-japanese_chin 0.006050408 387 91 431 138
cat-Bengal 0.006040126 0 89 379 316
dog-havanese 0.0060035884 208 183 383 273
dog-basset_hound 0.005737871 148 126 500 375
dog-basset_hound 0.0056858957 0 134 100 312
cat-British_Shorthair 0.005415976 0 89 379 316
bella 0.005405903 4 238 34 298
dog-yorkshire_terrier 0.0053640604 0 63 119 257
dog-basset_hound 0.005281329 0 123 193 372
dog-leonberger 0.005220115 2 133 58 229
cat-Egyptian_Mau 0.0051797032 0 316 107 375
cat-Russian_Blue 0.00484854 0 316 107 375
dog-english_cocker_spaniel 0.0047495663 180 91 500 300
dog-basset_hound 0.004573852 0 138 80 269
bella 0.004538417 0 82 28 145
dog-basset_hound 0.004519254 109 121 424 290
cat-Bombay 0.004485786 255 0 408 25
dog-english_cocker_spaniel 0.004382342 3 143 89 294
dog-newfoundland 0.004365325 91 129 389 313
cat-Bombay 0.0043314993 217 0 368 26
cat-Bombay 0.004314691 0 63 119 257
dog-leonberger 0.0042812526 142 329 241 373
dog-yorkshire_terrier 0.004231602 44 0 400 131
cat-Bengal 0.004221767 0 106 417 375
cat-Bombay 0.004215151 292 0 397 21
dog-boxer 0.0040999055 0 89 379 316
dog-wheaten_terrier 0.0040543377 0 91 34 158
dog-american_pit_bull_terrier 0.004038602 201 111 397 278
dog-leonberger 0.004038602 95 155 118 169
dog-english_cocker_spaniel 0.00400728 64 244 132 279
dog-staffordshire_bull_terrier 0.003976226 344 1 496 49
dog-german_shorthaired 0.0039607882 4 132 72 239
cat-Bombay 0.0039454103 326 0 483 39
dog-samoyed 0.003930092 216 116 385 197
dog-yorkshire_terrier 0.003914833 2 321 15 352
cat-British_Shorthair 0.0038394034 403 92 439 101
dog-pomeranian 0.0038096309 203 113 397 279
dog-leonberger 0.0037800968 0 135 44 215
dog-american_pit_bull_terrier 0.003750801 329 0 500 100
cat-Bombay 0.0037362278 329 0 435 21
dog-boxer 0.0037362278 103 154 158 178
dog-newfoundland 0.00370726 197 118 388 222
dog-keeshond 0.0036928654 204 187 372 272
cat-British_Shorthair 0.0036642253 2 137 80 251
cat-Bombay 0.0035796463 367 0 470 21
dog-miniature_pinscher 0.0035657287 0 46 149 289
dog-boxer 0.0035518706 132 134 179 163
cat-Bombay 0.003538072 399 2 495 29
dog-boxer 0.003510654 117 135 168 162
dog-leonberger 0.0034970045 104 154 130 167
dog-samoyed 0.0034970045 2 73 53 154
dog-miniature_pinscher 0.0034295917 0 63 119 257
cat-British_Shorthair 0.00341627 341 0 448 21
dog-beagle 0.003388226 0 89 379 316
dog-boxer 0.0033766031 0 134 100 312
cat-Bengal 0.0032986403 212 116 378 197
cat-Bombay 0.0032730699 255 0 359 21
dog-pug 0.0032476783 387 91 431 138
cat-British_Shorthair 0.0032224953 91 129 389 313
cat-Bombay 0.0031974912 3 72 164 276
cat-British_Shorthair 0.0031974912 292 0 397 21
dog-yorkshire_terrier 0.0031726956 0 46 149 289
cat-Egyptian_Mau 0.0031603575 0 69 33 141
dog-yorkshire_terrier 0.003148079 208 183 383 273
dog-english_cocker_spaniel 0.0031406283 148 126 500 375
dog-american_pit_bull_terrier 0.0031384528 224 138 500 375
cat-Bombay 0.0031358302 179 0 348 39
cat-Bombay 0.003123641 430 2 499 33
dog-scottish_terrier 0.0031115115 0 63 119 257
cat-Persian 0.003083855 0 0 282 275
dog-miniature_pinscher 0.0030753613 2 321 15 352
dog-boxer 0.0030634105 100 136 155 162
dog-american_pit_bull_terrier 0.003063023 148 126 500 375
dog-yorkshire_terrier 0.0030515194 0 0 166 232
dog-havanese 0.0030439794 0 0 368 304
