dog-newfoundland 0.68679035 228 87 303 137
dog-english_setter 0.058668613 200 82 312 214
dog-saint_bernard 0.040087372 192 83 324 212
dog-miniature_pinscher 0.03696361 210 12 494 243
dog-english_cocker_spaniel 0.029977053 210 12 494 243
dog-wheaten_terrier 0.02966991 196 0 500 227
dog-newfoundland 0.024987787 216 91 302 173
dog-basset_hound 0.024798155 190 86 316 215
cat-Bombay 0.024283886 183 76 500 318
dog-yorkshire_terrier 0.018617809 50 0 416 93
dog-scottish_terrier 0.017377377 196 0 500 227
dog-newfoundland 0.017193943 208 20 496 253
cat-Bombay 0.016785502 127 0 288 25
dog-havanese 0.016759336 196 0 500 227
dog-yorkshire_terrier 0.015072614 5 0 363 120
dog-yorkshire_terrier 0.014009565 126 2 360 78
cat-Bombay 0.013742328 66 0 224 24
dog-miniature_pinscher 0.013385445 185 37 500 318
cat-Bombay 0.012383789 464 0 500 14
dog-miniature_pinscher 0.011915028 236 5 488 118
dog-english_cocker_spaniel 0.011732459 200 82 312 214
dog-english_cocker_spaniel 0.011508137 216 91 302 173
cat-Bombay 0.011201203 334 121 500 307
dog-german_shorthaired 0.010638058 208 20 496 253
dog-yorkshire_terrier 0.010620147 196 0 500 227
dog-saint_bernard 0.010489106 208 82 374 223
dog-yorkshire_terrier 0.009821802 0 0 276 73
cat-Bombay 0.009090394 170 0 314 22
dog-german_shorthaired 0.009055257 222 89 300 153
dog-saint_bernard 0.00891614 123 87 308 206
dog-basset_hound 0.008813173 208 82 374 223
cat-Abyssinian 0.008711398 338 0 489 29
cat-Bengal 0.008440763 210 12 494 243
dog-miniature_pinscher 0.008223206 254 69 500 318
dog-leonberger 0.00815624 134 212 173 252
dog-staffordshire_bull_terrier 0.007977426 185 37 500 318
dog-american_pit_bull_terrier 0.007818878 228 0 500 241
cat-Bombay 0.00778687 208 20 496 253
dog-scottish_terrier 0.007638514 250 0 500 217
dog-english_setter 0.007590711 185 37 500 318
cat-Egyptian_Mau 0.0073458254 474 35 500 94
dog-leonberger 0.007317394 227 85 302 136
cat-Bombay 0.007289082 23 0 174 23
dog-english_cocker_spaniel 0.0071491003 227 85 302 136
dog-wheaten_terrier 0.007121414 228 86 302 128
dog-havanese 0.006823957 223 79 300 140
cat-Abyssinian 0.0067975223 301 0 398 17
cat-Egyptian_Mau 0.0065642595 1 0 72 18
dog-american_pit_bull_terrier 0.006561786 185 37 500 318
cat-Bengal 0.0064131618 331 0 481 35
dog-yorkshire_terrier 0.0063705146 229 0 500 204
dog-yorkshire_terrier 0.0062898993 75 0 355 50
cat-Egyptian_Mau 0.006097555 0 66 31 125
dog-yorkshire_terrier 0.0060269535 111 0 449 143
cat-Persian 0.0059571564 373 190 430 208
dog-english_setter 0.0058905184 210 12 494 243
cat-Egyptian_Mau 0.0058653355 0 119 29 187
dog-scottish_terrier 0.0058589876 232 20 500 269
cat-Bombay 0.0058425963 227 88 303 140
dog-miniature_pinscher 0.0057623684 250 0 500 217
dog-wheaten_terrier 0.0057302415 203 73 346 214
cat-Abyssinian 0.0056419075 308 0 459 25
dog-american_pit_bull_terrier 0.005448669 212 45 500 318
dog-havanese 0.0053879023 250 0 500 217
dog-miniature_pinscher 0.0053432584 309 0 500 104
cat-Bengal 0.005281329 315 0 412 18
dog-yorkshire_terrier 0.005260855 206 36 325 134
dog-basset_hound 0.005220115 191 65 456 226
bella 0.0051998794 463 167 499 242
cat-Bombay 0.0050800443 80 0 186 19
dog-yorkshire_terrier 0.005060345 223 79 300 140
dog-english_cocker_spaniel 0.00504753 185 37 500 318
dog-japanese_chin 0.005001664 7 61 109 159
dog-german_shorthaired 0.0048912466 185 37 500 318
cat-Abyssinian 0.004886389 474 42 500 102
cat-Bengal 0.0048297346 0 0 113 24
dog-staffordshire_bull_terrier 0.004822433 212 45 500 318
cat-Bombay 0.004792303 14 0 110 18
dog-miniature_pinscher 0.004773736 241 0 489 80
dog-leonberger 0.0047000647 149 213 182 252
dog-chihuahua 0.0046685934 228 0 500 241
cat-Birman 0.004663646 331 0 481 35
dog-miniature_pinscher 0.004573852 351 0 500 100
cat-Abyssinian 0.0045561194 326 0 425 18
cat-Egyptian_Mau 0.0045561194 0 78 27 133
dog-english_setter 0.00453189 254 69 500 318
cat-British_Shorthair 0.0045208335 227 85 302 136
cat-Egyptian_Mau 0.0045208335 301 0 398 17
cat-Maine_Coon 0.004433751 283 2 500 57
dog-staffordshire_bull_terrier 0.004433751 485 106 500 133
dog-leonberger 0.0043534636 212 45 500 318
cat-Bombay 0.0043314993 165 0 274 20
cat-Russian_Blue 0.0043314993 485 106 500 133
dog-yorkshire_terrier 0.0043314993 184 0 457 76
cat-Abyssinian 0.004305929 212 45 500 318
dog-yorkshire_terrier 0.0043033957 149 18 500 318
cat-Bengal 0.004297942 1 0 72 18
cat-Siamese 0.0042480826 338 0 489 29
cat-Bombay 0.004231602 44 0 148 19
dog-yorkshire_terrier 0.004231602 154 11 341 104
