dog-havanese 0.9694401 65 36 253 201
dog-newfoundland 0.21403354 64 40 253 203
dog-wheaten_terrier 0.1548227 64 41 256 201
dog-boxer 0.09894657 164 33 465 236
dog-japanese_chin 0.07382971 65 36 253 201
dog-yorkshire_terrier 0.061989456 65 36 253 201
cat-Egyptian_Mau 0.052134246 460 95 500 204
cat-Persian 0.0498659 64 41 256 201
dog-great_pyrenees 0.044847906 61 35 253 202
dog-leonberger 0.040087372 340 37 429 128
dog-japanese_chin 0.036356658 340 37 429 128
dog-keeshond 0.029816538 65 36 253 201
dog-saint_bernard 0.029035628 134 255 203 294
dog-boxer 0.027066171 93 39 456 319
dog-basset_hound 0.02571866 46 39 484 341
dog-saint_bernard 0.021948248 337 40 431 133
dog-saint_bernard 0.02051878 46 39 484 341
dog-boxer 0.020332366 300 32 433 135
dog-english_cocker_spaniel 0.020023435 62 39 257 203
dog-leonberger 0.018264294 62 39 257 203
dog-american_bulldog 0.016850084 335 39 429 136
dog-boxer 0.015306354 70 32 338 228
dog-pug 0.013273895 70 32 338 228
bella 0.011687249 2 239 30 361
dog-english_setter 0.01139003 46 39 484 341
cat-Bengal 0.011084378 38 30 482 478
dog-scottish_terrier 0.010652512 64 39 255 202
cat-British_Shorthair 0.01058352 46 39 484 341
dog-newfoundland 0.010288298 342 34 427 127
bella 0.010288298 3 193 28 303
dog-havanese 0.010091305 0 24 242 226
dog-wheaten_terrier 0.010091305 342 34 427 127
cat-Egyptian_Mau 0.009322107 46 39 484 341
dog-beagle 0.009164721 46 39 484 341
cat-Bombay 0.00891614 70 32 338 228
dog-american_bulldog 0.008881688 134 255 203 294
dog-wheaten_terrier 0.008637041 46 39 484 341
dog-pug 0.008478403 329 36 433 162
bella 0.008219689 125 304 159 374
dog-yorkshire_terrier 0.007999748 4 0 145 53
cat-Egyptian_Mau 0.007909656 38 30 482 478
cat-British_Shorthair 0.007907301 342 34 427 127
bella 0.007907301 474 228 500 311
dog-boxer 0.007876694 340 37 429 128
cat-Abyssinian 0.007493049 38 30 482 478
cat-Russian_Blue 0.007447332 82 29 500 478
cat-Birman 0.007317394 340 37 429 128
dog-japanese_chin 0.0072979927 46 39 484 341
dog-samoyed 0.007011801 69 37 259 206
dog-shiba_inu 0.0068770945 460 109 500 202
cat-Egyptian_Mau 0.006850481 471 318 500 416
dog-yorkshire_terrier 0.0066669285 70 32 338 228
dog-english_cocker_spaniel 0.006652117 46 39 484 341
dog-great_pyrenees 0.0065642595 134 255 203 294
cat-Egyptian_Mau 0.0063883364 190 1 276 35
cat-Egyptian_Mau 0.006314367 0 256 30 368
dog-american_pit_bull_terrier 0.006314367 70 32 338 228
dog-pug 0.0060035884 342 34 427 127
cat-Egyptian_Mau 0.0059340596 459 65 500 175
cat-Persian 0.00574857 46 39 484 341
dog-miniature_pinscher 0.0057302415 69 37 259 206
cat-Abyssinian 0.0055199564 146 66 500 478
cat-Egyptian_Mau 0.0054905713 0 194 30 298
cat-Siamese 0.005260855 70 32 338 228
dog-leonberger 0.0048694015 46 39 484 341
cat-Bombay 0.0048674047 352 242 500 478
cat-Egyptian_Mau 0.0048297346 452 54 500 197
dog-havanese 0.004773736 342 34 427 127
dog-saint_bernard 0.0047367513 159 33 467 231
cat-Russian_Blue 0.0046818256 200 0 276 29
cat-Ragdoll 0.004663646 134 255 203 294
bella 0.0045916736 474 249 500 336
cat-Egyptian_Mau 0.0045561194 0 223 30 334
dog-staffordshire_bull_terrier 0.004433751 69 37 259 206
dog-basset_hound 0.004426658 38 30 482 478
cat-Maine_Coon 0.004365325 268 1 322 20
cat-Sphynx 0.004264623 70 32 338 228
dog-basset_hound 0.004231602 0 203 30 311
dog-basset_hound 0.004215151 0 256 30 368
cat-Abyssinian 0.004175335 171 50 500 478
dog-pomeranian 0.0041500926 69 37 259 206
dog-american_bulldog 0.0041339695 142 279 193 345
dog-great_pyrenees 0.0041339695 338 39 427 129
bella 0.0041339695 0 213 30 323
dog-american_bulldog 0.0040543377 191 28 478 235
dog-shiba_inu 0.004038602 180 3 273 36
cat-Bengal 0.004027456 46 39 484 341
dog-basset_hound 0.003991723 452 54 500 197
cat-Egyptian_Mau 0.0039607882 468 115 500 196
cat-Bengal 0.0039454103 188 0 270 28
dog-keeshond 0.0039454103 346 409 494 478
cat-Bengal 0.003914833 70 32 338 228
cat-Abyssinian 0.0039015412 46 39 484 341
cat-Egyptian_Mau 0.0038844645 134 255 203 294
dog-american_pit_bull_terrier 0.0038844645 4 0 145 53
cat-Bengal 0.0038707554 146 66 500 478
dog-shiba_inu 0.0038394034 474 239 500 322
cat-Bombay 0.0038096309 62 39 257 203
cat-Egyptian_Mau 0.0037800968 0 34 25 111
cat-British_Shorthair 0.003715247 85 24 500 478
