dog-havanese 0.9431385 104 118 305 296
dog-yorkshire_terrier 0.11616111 104 118 305 296
cat-Persian 0.076545626 104 118 305 296
dog-japanese_chin 0.074097276 104 118 305 296
dog-great_pyrenees 0.03978783 104 118 305 296
dog-wheaten_terrier 0.034618855 104 117 308 297
dog-english_cocker_spaniel 0.024053544 100 119 307 303
dog-newfoundland 0.021948248 104 118 305 296
cat-Bombay 0.015189052 125 0 234 38
dog-havanese 0.014342248 40 67 316 312
cat-Maine_Coon 0.014172375 216 0 357 108
dog-keeshond 0.013532162 105 119 304 297
cat-Russian_Blue 0.012722701 209 0 319 39
dog-yorkshire_terrier 0.012223095 81 41 357 318
dog-havanese 0.011508137 208 128 303 284
cat-Russian_Blue 0.011419624 125 0 234 38
dog-leonberger 0.010860324 104 118 305 296
cat-Bombay 0.00895071 75 0 187 39
dog-english_cocker_spaniel 0.008774281 77 96 357 357
dog-havanese 0.008577496 152 152 305 289
dog-basset_hound 0.008380443 0 42 21 160
dog-samoyed 0.007289082 104 120 304 296
dog-yorkshire_terrier 0.0071263313 40 67 316 312
cat-Russian_Blue 0.0070938766 98 0 210 41
dog-scottish_terrier 0.007066399 100 119 307 303
cat-Bombay 0.006903827 215 0 328 40
cat-Bombay 0.0066154003 154 0 266 35
cat-Bombay 0.0065642595 26 0 127 37
cat-Russian_Blue 0.006314367 154 0 266 35
cat-Siamese 0.006265521 14 0 114 50
dog-basset_hound 0.006097555 336 103 356 238
cat-Bengal 0.005774915 0 171 23 289
dog-havanese 0.0057302415 97 73 142 98
cat-Bengal 0.0056458116 0 18 321 314
cat-Bombay 0.0055549145 48 0 158 38
dog-havanese 0.00544858 81 41 357 318
cat-Egyptian_Mau 0.005448073 0 0 22 102
bella 0.0053432584 337 119 357 220
dog-basset_hound 0.005260855 335 219 355 336
dog-english_cocker_spaniel 0.005220115 0 20 21 137
cat-Egyptian_Mau 0.005099833 337 131 357 232
cat-Russian_Blue 0.005021155 26 0 127 37
cat-Bombay 0.0049436986 14 0 114 50
cat-Egyptian_Mau 0.0048674047 0 161 23 279
cat-Persian 0.004809439 40 67 316 312
dog-havanese 0.0047622025 0 6 323 344
cat-Bengal 0.0047367513 0 42 21 160
cat-British_Shorthair 0.00466457 0 91 325 395
dog-wheaten_terrier 0.004663646 208 128 303 284
cat-Bengal 0.0046144724 0 91 325 395
bella 0.004573852 338 260 357 355
cat-British_Shorthair 0.0045565963 36 115 328 350
dog-samoyed 0.004538417 79 0 312 209
cat-Birman 0.00450328 14 0 114 50
cat-Persian 0.0044683814 208 128 303 284
dog-basset_hound 0.004416555 0 11 21 126
cat-Bombay 0.0044002235 0 18 321 314
cat-Bombay 0.004399419 137 1 171 13
cat-Bombay 0.0042480826 184 0 295 36
cat-Egyptian_Mau 0.0041987896 338 271 357 369
dog-great_pyrenees 0.0041824877 102 73 150 98
dog-newfoundland 0.0041584373 0 62 349 426
dog-basset_hound 0.0041500926 338 247 357 341
dog-samoyed 0.004117906 231 0 357 121
dog-miniature_pinscher 0.004101932 2 103 45 272
cat-Bombay 0.004085988 145 1 180 13
dog-basset_hound 0.0040802956 36 115 328 350
dog-pomeranian 0.004070133 138 0 357 180
dog-yorkshire_terrier 0.00400728 208 128 303 284
dog-basset_hound 0.003930092 0 171 23 289
cat-Persian 0.0038847327 77 96 357 357
cat-British_Shorthair 0.0038693845 217 0 294 31
cat-Bombay 0.0038543642 298 1 357 44
cat-Egyptian_Mau 0.0038543642 0 54 21 174
dog-yorkshire_terrier 0.0038543642 29 0 174 73
cat-Egyptian_Mau 0.0038244724 336 150 357 263
dog-leonberger 0.0038135052 36 115 328 350
cat-Egyptian_Mau 0.0038096309 0 99 23 216
dog-yorkshire_terrier 0.0037800968 216 0 357 108
dog-pomeranian 0.003721714 79 0 312 209
cat-Persian 0.00370726 124 185 175 212
cat-Persian 0.0036939383 0 62 349 426
cat-Birman 0.0036499798 200 0 323 51
cat-Egyptian_Mau 0.0036499798 0 0 46 32
dog-leonberger 0.0036216974 347 98 357 129
dog-yorkshire_terrier 0.0036076307 62 0 176 51
cat-Egyptian_Mau 0.0035935938 335 103 357 214
cat-Siamese 0.0035935938 215 0 328 40
cat-Maine_Coon 0.0035080612 81 41 357 318
dog-pomeranian 0.0034970045 115 119 305 279
dog-newfoundland 0.0034822822 77 96 357 357
dog-english_cocker_spaniel 0.003447324 0 6 323 344
cat-Bombay 0.003442973 182 0 304 50
cat-Persian 0.003442973 79 0 312 209
cat-Bombay 0.0034295917 158 1 192 13
cat-British_Shorthair 0.0034295917 209 0 319 39
dog-havanese 0.003403008 108 72 160 99
dog-havanese 0.003403008 99 396 244 500
cat-Egyptian_Mau 0.0033897758 0 219 21 334
dog-english_cocker_spaniel 0.0033766031 0 54 21 174
