dog-havanese 0.8284019 20 31 373 339
dog-wheaten_terrier 0.4464947 22 23 375 344
cat-Persian 0.20244318 26 22 375 340
dog-scottish_terrier 0.120438814 24 22 370 341
dog-newfoundland 0.072374016 24 22 370 341
dog-yorkshire_terrier 0.06681234 24 22 370 341
dog-keeshond 0.06498453 20 31 373 339
dog-samoyed 0.049039632 26 22 375 340
dog-havanese 0.041075885 183 39 372 311
dog-english_cocker_spaniel 0.038538516 24 22 370 341
dog-great_pyrenees 0.03213355 18 27 372 336
dog-wheaten_terrier 0.029312223 183 39 372 311
dog-japanese_chin 0.026759297 26 22 375 340
dog-leonberger 0.021615326 24 22 370 341
dog-havanese 0.021536052 51 0 375 300
dog-keeshond 0.015603542 183 39 372 311
cat-Bengal 0.014559507 24 22 370 341
dog-english_setter 0.014048755 23 29 370 338
dog-basset_hound 0.013689488 351 141 375 271
cat-Maine_Coon 0.012383789 26 22 375 340
dog-yorkshire_terrier 0.012383789 79 2 114 13
dog-keeshond 0.012147158 244 43 375 299
dog-scottish_terrier 0.011642218 183 39 372 311
cat-Birman 0.011244565 152 0 194 18
dog-samoyed 0.010328144 69 3 200 69
dog-samoyed 0.01001358 90 0 180 40
dog-yorkshire_terrier 0.00985986 86 0 162 47
cat-Abyssinian 0.00898543 354 158 375 256
cat-Persian 0.0087451935 197 0 234 19
cat-Bombay 0.008610755 24 22 370 341
dog-newfoundland 0.008577496 244 43 375 299
dog-havanese 0.008251607 109 95 369 335
cat-Ragdoll 0.008030802 26 22 375 340
dog-great_pyrenees 0.007815897 69 3 200 69
dog-miniature_pinscher 0.0077555478 24 22 370 341
dog-havanese 0.0076658726 89 0 201 56
dog-basset_hound 0.0075187087 353 173 375 286
dog-havanese 0.0074896216 95 0 184 39
cat-Persian 0.007460654 90 0 180 40
dog-havanese 0.007460654 77 1 116 13
dog-staffordshire_bull_terrier 0.0072385073 41 0 375 324
dog-yorkshire_terrier 0.0072327554 183 39 372 311
bella 0.007176876 355 202 375 302
dog-english_cocker_spaniel 0.0070390403 0 301 23 408
dog-pomeranian 0.0070390403 13 63 69 99
dog-pomeranian 0.0070390403 26 22 375 340
dog-newfoundland 0.007011801 183 39 372 311
cat-Egyptian_Mau 0.0069576204 355 322 375 414
cat-Bombay 0.0068770945 354 0 375 18
dog-wheaten_terrier 0.006850481 95 0 184 39
dog-yorkshire_terrier 0.006850481 88 1 124 13
dog-samoyed 0.006744981 48 0 170 54
dog-american_pit_bull_terrier 0.006549597 41 0 375 324
cat-Persian 0.006538838 183 39 372 311
dog-pomeranian 0.006538838 0 55 62 99
dog-havanese 0.006513506 33 44 248 335
dog-leonberger 0.0064852834 7 38 372 500
cat-Egyptian_Mau 0.0063883364 354 158 375 256
dog-yorkshire_terrier 0.006265521 48 0 170 54
dog-basset_hound 0.006097555 26 22 375 340
dog-havanese 0.006073922 48 0 170 54
dog-pug 0.0059340596 103 414 125 460
dog-basset_hound 0.0058425963 352 131 375 237
bella 0.005797416 354 167 375 269
dog-havanese 0.005774915 244 43 375 299
cat-Bombay 0.0057302415 346 1 374 14
dog-keeshond 0.0057302415 87 0 175 40
dog-yorkshire_terrier 0.0056638718 73 2 104 12
bella 0.0056638718 355 228 375 327
bella 0.0056200325 26 22 375 340
cat-Abyssinian 0.0055549145 352 131 375 237
cat-Persian 0.0054905713 76 2 109 13
cat-Persian 0.0053432584 152 0 194 18
dog-boxer 0.005220115 306 0 333 12
dog-scottish_terrier 0.0051998794 246 72 375 328
dog-yorkshire_terrier 0.0051832795 51 0 375 300
dog-leonberger 0.0051797032 0 263 25 365
dog-pug 0.005099833 99 410 119 455
bella 0.005099833 355 284 375 375
dog-staffordshire_bull_terrier 0.0050800443 241 40 267 63
cat-British_Shorthair 0.005001664 24 22 370 341
dog-german_shorthaired 0.005001664 346 1 374 14
cat-Bombay 0.004982263 76 2 109 13
dog-staffordshire_bull_terrier 0.004982263 200 426 224 448
dog-american_bulldog 0.0049724877 0 0 375 350
cat-Egyptian_Mau 0.0049436986 352 329 375 438
dog-pomeranian 0.0049436986 86 0 162 47
dog-beagle 0.0049054027 330 0 353 13
dog-shiba_inu 0.0049033463 41 0 375 324
cat-Persian 0.0048674047 83 1 119 13
dog-pomeranian 0.0048297346 71 0 186 55
dog-havanese 0.0047819316 0 0 340 301
dog-yorkshire_terrier 0.0047367513 109 95 369 335
dog-english_setter 0.0047183633 353 162 375 274
dog-yorkshire_terrier 0.0047000647 13 63 69 99
dog-wheaten_terrier 0.0046663284 0 0 340 301
dog-great_pyrenees 0.004645556 48 0 170 54
bella 0.004609585 355 258 375 351
cat-Birman 0.004573852 45 0 112 27
cat-Bombay 0.0045561194 250 94 375 373
