bella 0.98922324 121 125 183 186
bella 0.26435834 308 138 383 215
dog-beagle 0.113776386 307 141 383 218
cat-Egyptian_Mau 0.049589008 122 123 184 186
dog-beagle 0.041152894 122 123 184 186
dog-english_setter 0.031143814 122 123 184 187
dog-basset_hound 0.028761595 121 125 183 187
dog-english_cocker_spaniel 0.027901381 121 124 184 186
dog-american_bulldog 0.02645576 122 123 184 186
cat-Maine_Coon 0.024656862 121 125 183 187
bella 0.022715747 448 137 478 210
dog-staffordshire_bull_terrier 0.02203226 122 123 184 187
dog-english_setter 0.0189417 308 138 383 215
dog-shiba_inu 0.01805535 122 123 184 186
dog-american_bulldog 0.01646617 307 141 383 218
dog-great_pyrenees 0.013584405 122 123 184 186
cat-Ragdoll 0.012821227 122 123 184 186
dog-scottish_terrier 0.012147158 440 9 479 110
dog-miniature_pinscher 0.011732459 427 34 480 141
dog-miniature_pinscher 0.010408312 417 14 477 136
dog-american_pit_bull_terrier 0.010368168 122 123 184 186
cat-Egyptian_Mau 0.010248601 425 0 480 19
dog-samoyed 0.009974927 122 123 184 186
dog-boxer 0.009412587 193 106 247 139
cat-Abyssinian 0.009376228 425 0 480 19
dog-yorkshire_terrier 0.009376228 0 114 31 190
cat-Abyssinian 0.00891614 453 97 480 161
dog-basset_hound 0.007695645 307 141 383 218
dog-american_pit_bull_terrier 0.0074317753 307 141 383 218
dog-miniature_pinscher 0.0073458254 318 0 480 130
cat-Bombay 0.007260859 36 0 176 27
bella 0.0070390403 306 143 360 203
dog-scottish_terrier 0.0068770945 446 19 480 99
dog-boxer 0.0062170923 189 103 250 126
cat-British_Shorthair 0.006097555 122 123 184 186
dog-newfoundland 0.005911082 0 99 30 170
cat-Maine_Coon 0.0058425963 431 1 480 29
dog-basset_hound 0.0058199465 453 85 480 148
bella 0.005797416 453 136 480 193
cat-Bombay 0.0054905713 431 1 480 29
cat-Egyptian_Mau 0.005405903 444 0 480 15
dog-miniature_pinscher 0.005384952 0 0 141 41
dog-boxer 0.0053432584 37 157 93 184
dog-pomeranian 0.0053432584 57 0 377 155
dog-beagle 0.0053018928 160 118 375 225
dog-english_cocker_spaniel 0.0053018928 443 41 480 126
cat-Ragdoll 0.005281329 425 0 480 19
dog-boxer 0.005260855 253 118 287 156
dog-american_pit_bull_terrier 0.0051998794 122 0 474 156
dog-american_pit_bull_terrier 0.0050317943 244 0 480 237
dog-boxer 0.004982263 36 167 91 193
cat-Bengal 0.004886389 453 97 480 161
dog-boxer 0.004886389 58 157 109 182
dog-basset_hound 0.0048674047 446 73 478 151
cat-Bombay 0.004755199 425 0 480 19
dog-miniature_pinscher 0.004755199 0 0 172 65
dog-english_cocker_spaniel 0.004627526 308 138 383 215
cat-Bengal 0.004609585 411 0 473 19
dog-boxer 0.004609585 176 104 235 127
dog-yorkshire_terrier 0.004538417 446 19 480 99
dog-boxer 0.0044683814 160 118 375 225
dog-staffordshire_bull_terrier 0.0044683814 444 0 480 15
cat-Egyptian_Mau 0.0044510365 454 127 480 184
dog-miniature_pinscher 0.004433751 323 0 480 94
cat-Bombay 0.004399419 426 0 465 9
dog-boxer 0.004382342 140 89 381 199
cat-Persian 0.0043314993 390 0 443 12
cat-Egyptian_Mau 0.004314691 466 150 480 181
dog-yorkshire_terrier 0.004231602 102 0 307 43
cat-Abyssinian 0.0041987896 395 0 465 18
cat-Siamese 0.0041662455 411 0 473 19
cat-Bombay 0.0041500926 0 114 31 190
cat-Bombay 0.004101932 27 0 116 20
cat-Birman 0.00400728 395 0 465 18
bella 0.00400728 453 149 480 220
cat-Bombay 0.003991723 453 97 480 161
dog-miniature_pinscher 0.003991723 425 2 480 105
cat-Abyssinian 0.0039607882 1 0 68 20
cat-Bombay 0.003930092 462 31 480 60
cat-Egyptian_Mau 0.003914833 395 0 465 18
dog-staffordshire_bull_terrier 0.0038844645 466 146 480 176
cat-Egyptian_Mau 0.0037800968 466 157 480 189
dog-yorkshire_terrier 0.0037800968 0 140 26 196
dog-boxer 0.0036499798 60 115 108 152
bella 0.003635794 466 153 480 185
cat-Maine_Coon 0.0036216974 409 0 480 32
dog-saint_bernard 0.0036216974 122 123 184 186
dog-beagle 0.0035657287 425 0 480 19
bella 0.0035657287 449 155 479 247
cat-Bengal 0.003510654 415 7 477 129
cat-Russian_Blue 0.0034834146 425 0 480 19
dog-boxer 0.0034834146 182 108 233 142
dog-miniature_pinscher 0.0034834146 2 3 31 75
dog-pug 0.0034834146 250 177 267 198
cat-Siamese 0.003403008 380 0 452 18
dog-yorkshire_terrier 0.0033897758 0 99 30 170
cat-Bombay 0.0033766031 0 99 30 170
cat-Egyptian_Mau 0.00336349 453 140 480 202
cat-Abyssinian 0.0033504367 438 0 480 25
dog-american_pit_bull_terrier 0.0033504367 323 0 480 94
