bella 0.8840393 220 190 273 237
dog-shiba_inu 0.13028541 220 190 273 237
dog-boxer 0.12984344 216 87 294 182
dog-staffordshire_bull_terrier 0.09235981 219 190 274 237
dog-beagle 0.0794957 215 84 298 152
dog-american_bulldog 0.07463503 220 190 273 237
dog-german_shorthaired 0.07133201 217 84 292 155
dog-beagle 0.06572467 384 89 416 130
dog-beagle 0.05439931 325 95 362 143
dog-beagle 0.053998828 219 190 274 237
dog-beagle 0.03435868 93 281 180 329
dog-american_pit_bull_terrier 0.03173858 219 190 274 237
cat-Egyptian_Mau 0.029367864 219 190 273 236
cat-Ragdoll 0.029312223 219 191 274 236
dog-american_bulldog 0.02396202 384 87 416 130
dog-english_setter 0.02120611 219 190 274 237
dog-american_bulldog 0.019946933 206 111 296 242
cat-Sphynx 0.018475592 36 12 315 184
dog-basset_hound 0.017176718 219 190 273 237
dog-american_pit_bull_terrier 0.016657054 214 84 296 152
cat-Sphynx 0.016593188 54 31 299 254
dog-boxer 0.016152829 286 89 394 146
dog-boxer 0.01554364 206 111 296 242
dog-boxer 0.013848603 77 175 124 200
dog-boxer 0.013795376 89 174 137 200
dog-basset_hound 0.013532162 195 189 305 311
dog-boxer 0.012194127 384 87 416 130
dog-saint_bernard 0.0119611025 206 111 296 242
dog-english_cocker_spaniel 0.010986954 219 190 274 237
dog-american_pit_bull_terrier 0.010169655 322 90 365 143
dog-basset_hound 0.009821802 162 231 329 324
dog-saint_bernard 0.0094490945 383 86 414 124
cat-Maine_Coon 0.009376228 219 191 274 236
dog-boxer 0.009340018 169 85 295 157
cat-Sphynx 0.009090394 66 57 296 189
dog-boxer 0.00898543 141 173 176 204
dog-german_shorthaired 0.008847356 260 88 295 136
cat-Bombay 0.008644164 47 0 84 13
dog-boxer 0.007968813 102 174 148 201
dog-samoyed 0.007907301 219 191 274 236
dog-german_shorthaired 0.0074896216 219 85 256 130
dog-english_setter 0.007460654 322 90 365 143
dog-pug 0.0074317753 45 0 81 13
dog-basset_hound 0.007289082 0 169 68 353
dog-keeshond 0.0072327554 222 190 267 227
dog-pug 0.0072327554 345 2 479 54
dog-great_pyrenees 0.007066399 219 191 274 236
cat-Bombay 0.007011801 358 0 435 19
cat-Sphynx 0.007011801 0 0 301 134
bella 0.006930679 325 92 362 144
cat-Bombay 0.006771207 43 1 79 10
cat-Siamese 0.006538838 322 0 389 18
dog-american_bulldog 0.006538838 305 91 405 144
dog-miniature_pinscher 0.006265521 217 84 292 155
dog-boxer 0.0061689913 251 67 434 196
cat-Birman 0.0059571564 351 1 386 9
dog-american_pit_bull_terrier 0.005911082 431 31 480 125
dog-miniature_pinscher 0.005911082 0 169 62 325
dog-boxer 0.0058653355 219 68 370 212
dog-boxer 0.0058425963 220 191 276 237
dog-american_bulldog 0.005797416 215 167 280 238
cat-Birman 0.0057525337 45 0 81 13
cat-Birman 0.0057525337 322 0 389 18
dog-beagle 0.0056419075 0 175 137 339
dog-boxer 0.0056419075 203 68 326 233
dog-boxer 0.005260855 242 44 439 160
dog-american_bulldog 0.005060345 322 90 365 143
cat-Siamese 0.005021155 45 0 81 13
dog-american_bulldog 0.004982263 136 174 172 201
dog-boxer 0.004982263 121 174 160 201
dog-boxer 0.004886389 66 174 109 199
dog-boxer 0.0048674047 347 187 376 205
dog-beagle 0.0047367513 216 92 292 208
dog-boxer 0.0047367513 110 174 139 183
cat-Egyptian_Mau 0.004663646 453 20 480 78
cat-Egyptian_Mau 0.004645556 50 0 115 19
cat-Egyptian_Mau 0.004627526 449 65 480 144
cat-Birman 0.0045916736 362 0 396 8
dog-boxer 0.0045916736 157 173 212 201
dog-boxer 0.004573852 307 79 404 139
dog-basset_hound 0.004538417 325 92 362 144
dog-boxer 0.004538417 72 122 126 144
dog-basset_hound 0.004485786 448 51 480 137
cat-Egyptian_Mau 0.004477918 0 5 388 336
cat-Egyptian_Mau 0.0044683814 0 180 61 337
dog-boxer 0.0044510365 169 82 280 134
dog-basset_hound 0.004365325 85 192 290 331
dog-boxer 0.004365325 286 201 319 224
cat-Egyptian_Mau 0.0041987896 223 190 262 212
dog-american_pit_bull_terrier 0.0041987896 348 0 478 42
dog-beagle 0.0041824877 305 91 405 144
dog-boxer 0.003930092 54 31 299 254
dog-saint_bernard 0.0038543642 216 92 292 208
cat-Siamese 0.0038244724 42 0 98 18
dog-basset_hound 0.0038244724 205 139 310 289
cat-Birman 0.0037800968 419 1 478 28
dog-beagle 0.0037654042 260 88 295 136
cat-Bombay 0.003750801 409 0 437 9
dog-boxer 0.0037362278 358 187 378 205
dog-boxer 0.003721714 74 169 122 192
