dog-keeshond 0.9854964 206 9 444 245
dog-newfoundland 0.07978201 0 130 62 270
dog-samoyed 0.07640767 205 5 444 245
cat-Persian 0.05379966 205 5 444 245
dog-scottish_terrier 0.04689926 206 8 445 245
dog-yorkshire_terrier 0.046291888 206 6 442 245
cat-Russian_Blue 0.04248321 206 6 442 245
dog-leonberger 0.041773885 206 8 445 245
dog-pomeranian 0.03978783 206 8 445 245
cat-British_Shorthair 0.037328273 209 6 443 263
dog-havanese 0.03333682 205 5 444 245
dog-english_setter 0.0322223 0 217 38 302
dog-english_setter 0.031202823 0 169 51 279
bella 0.029145986 0 219 36 300
dog-staffordshire_bull_terrier 0.028706968 209 6 443 263
cat-Birman 0.028436035 205 5 444 245
dog-wheaten_terrier 0.027795613 205 5 444 245
dog-american_pit_bull_terrier 0.024516344 0 130 62 270
cat-Ragdoll 0.021781176 205 5 444 245
dog-english_cocker_spaniel 0.021781176 0 142 61 281
dog-newfoundland 0.02140978 0 169 51 279
cat-Maine_Coon 0.018284053 209 6 443 263
dog-german_shorthaired 0.017110884 1 139 58 281
dog-shiba_inu 0.01704532 206 6 442 245
dog-american_bulldog 0.016465008 198 4 444 264
cat-Bombay 0.015072614 207 27 239 91
dog-chihuahua 0.014785409 206 6 442 245
dog-leonberger 0.0140636265 0 169 51 279
dog-great_pyrenees 0.013902068 205 5 444 245
dog-english_setter 0.013742328 0 234 33 308
cat-Bengal 0.013020486 17 1 125 29
dog-newfoundland 0.012988329 209 6 443 263
dog-english_setter 0.012673736 0 130 62 270
dog-wheaten_terrier 0.012431651 0 169 51 279
dog-staffordshire_bull_terrier 0.011419624 0 142 61 281
dog-wheaten_terrier 0.011158019 0 142 61 281
dog-scottish_terrier 0.010169655 0 142 61 281
dog-miniature_pinscher 0.010130405 0 130 62 270
dog-japanese_chin 0.009783864 205 5 444 245
dog-pomeranian 0.009485722 249 149 434 243
dog-english_cocker_spaniel 0.009303957 0 234 33 308
dog-wheaten_terrier 0.009090394 0 234 33 308
cat-Egyptian_Mau 0.00897786 207 0 456 258
dog-leonberger 0.00895071 2 130 59 271
cat-Ragdoll 0.008644164 161 0 229 26
cat-Ragdoll 0.008610755 160 0 228 18
cat-Abyssinian 0.008577496 160 0 228 18
dog-yorkshire_terrier 0.008577496 0 130 62 270
cat-Bengal 0.008348048 43 0 127 21
dog-american_bulldog 0.00833869 0 0 446 302
cat-British_Shorthair 0.008265406 0 0 433 269
dog-german_shorthaired 0.007907301 0 119 64 258
cat-Siamese 0.007815897 160 0 228 18
cat-Birman 0.0077555478 207 28 239 83
dog-german_shorthaired 0.007695645 17 1 125 29
bella 0.0075772405 205 5 444 245
dog-keeshond 0.007547915 242 94 441 246
cat-Siamese 0.0075187087 161 0 229 26
dog-english_setter 0.0073565245 207 0 456 258
dog-american_pit_bull_terrier 0.007289082 0 165 53 289
dog-german_shorthaired 0.007122159 207 0 456 258
dog-english_cocker_spaniel 0.007066399 0 172 45 281
dog-shiba_inu 0.006930679 1 4 104 128
cat-Siamese 0.006771207 60 5 234 55
dog-english_cocker_spaniel 0.006718874 0 217 38 302
dog-scottish_terrier 0.0065642595 17 1 125 29
cat-Bombay 0.006513506 60 5 234 55
dog-pug 0.006396532 207 0 456 258
dog-yorkshire_terrier 0.0063883364 9 2 299 121
dog-shiba_inu 0.0063635707 249 149 434 243
cat-Siamese 0.006314367 134 0 219 24
dog-yorkshire_terrier 0.0063018203 0 0 433 269
dog-miniature_pinscher 0.006241262 17 1 125 29
cat-Bengal 0.006192982 0 234 33 308
dog-english_cocker_spaniel 0.006097555 205 5 444 245
cat-Sphynx 0.006073922 60 5 234 55
cat-Persian 0.0060269535 207 28 239 83
cat-Egyptian_Mau 0.005888164 26 1 127 27
dog-havanese 0.0057302415 0 130 62 270
dog-american_pit_bull_terrier 0.0056419075 0 34 78 192
cat-Abyssinian 0.005598247 2 0 269 87
bella 0.0055119395 470 104 500 142
dog-american_pit_bull_terrier 0.005343348 207 0 456 258
cat-Siamese 0.0053432584 126 3 222 42
dog-great_pyrenees 0.0053225458 189 0 251 19
dog-shiba_inu 0.0053018928 9 2 299 121
dog-american_pit_bull_terrier 0.005260855 0 92 65 224
dog-wheaten_terrier 0.005260855 17 1 125 29
cat-Bombay 0.005220115 17 1 125 29
dog-english_cocker_spaniel 0.005139619 0 181 52 304
cat-Abyssinian 0.005060345 161 0 229 26
dog-american_bulldog 0.005060345 178 0 239 18
dog-english_cocker_spaniel 0.005060345 460 41 500 133
cat-Egyptian_Mau 0.005021155 474 169 500 233
cat-Persian 0.005021155 310 7 348 16
bella 0.005021155 0 238 30 306
dog-basset_hound 0.0049897134 207 0 456 258
bella 0.004982263 473 208 500 279
dog-yorkshire_terrier 0.004962951 209 22 279 135
cat-Bengal 0.0049436986 8 0 95 23
