dog-keeshond 0.8872046 146 30 353 230
dog-pomeranian 0.37754068 146 30 353 230
dog-samoyed 0.109705776 146 30 353 230
dog-leonberger 0.048948616 1 172 38 264
dog-great_pyrenees 0.04352814 146 30 352 231
dog-japanese_chin 0.03825006 1 171 43 263
dog-american_bulldog 0.03448853 146 30 352 231
dog-leonberger 0.03126192 146 30 352 231
dog-havanese 0.025957376 145 31 352 230
cat-Birman 0.023241937 146 31 352 230
bella 0.022542953 1 232 34 307
cat-Ragdoll 0.02140978 146 30 352 231
dog-japanese_chin 0.020884216 145 31 352 230
cat-Bombay 0.019456565 285 0 393 27
cat-Persian 0.018264294 145 31 352 230
dog-pomeranian 0.018264294 158 136 340 233
dog-staffordshire_bull_terrier 0.01805535 208 37 236 70
dog-yorkshire_terrier 0.017176718 145 31 351 230
cat-Persian 0.017110884 1 179 36 276
cat-Bombay 0.016914904 0 188 33 266
dog-newfoundland 0.015663654 0 188 33 266
dog-yorkshire_terrier 0.013222814 0 188 33 266
dog-leonberger 0.012241274 1 160 46 244
cat-Egyptian_Mau 0.012100399 469 159 500 233
dog-shiba_inu 0.012100399 145 31 351 230
dog-japanese_chin 0.012053788 0 179 34 257
dog-boxer 0.011823386 210 34 237 67
cat-British_Shorthair 0.011288077 0 188 33 266
cat-Birman 0.010489106 1 179 36 276
cat-Ragdoll 0.010439038 0 9 356 229
dog-wheaten_terrier 0.010248601 146 30 352 231
cat-Bombay 0.010209054 199 0 232 7
cat-Bengal 0.010169655 403 0 498 41
dog-english_cocker_spaniel 0.010052383 0 188 33 266
cat-British_Shorthair 0.009683281 0 9 356 229
dog-english_setter 0.009485722 0 179 34 257
dog-staffordshire_bull_terrier 0.009412587 0 188 33 266
dog-wheaten_terrier 0.009340018 0 188 33 266
dog-leonberger 0.00891614 0 197 32 276
dog-boxer 0.008711398 331 108 375 139
cat-Bombay 0.008445621 187 0 219 7
cat-Ragdoll 0.008445621 0 188 33 266
dog-keeshond 0.008445621 0 179 34 257
dog-american_pit_bull_terrier 0.008412987 0 188 33 266
dog-boxer 0.008412987 330 100 378 130
dog-great_pyrenees 0.008283615 1 171 43 263
dog-english_cocker_spaniel 0.00815624 0 206 32 284
dog-boxer 0.0080932975 1 179 36 276
cat-Egyptian_Mau 0.008062005 468 166 495 253
cat-Bombay 0.007999748 213 0 246 7
dog-leonberger 0.007876694 0 166 35 239
cat-Siamese 0.007725537 208 37 236 70
dog-english_setter 0.0076658726 1 111 66 267
dog-basset_hound 0.0075772405 0 188 33 266
dog-newfoundland 0.007547915 0 172 35 247
cat-Bengal 0.0074896216 0 188 33 266
cat-Bengal 0.007403016 463 0 497 46
dog-shiba_inu 0.006850481 158 136 340 233
cat-Bombay 0.0067975223 154 1 190 8
bella 0.0066928566 468 159 495 245
dog-yorkshire_terrier 0.0066411197 142 35 239 86
cat-Maine_Coon 0.0064882636 361 283 482 331
cat-Persian 0.006480038 0 9 356 229
dog-english_setter 0.0064657032 112 0 367 233
cat-Siamese 0.00644207 154 6 500 227
cat-Bombay 0.0064131618 357 0 498 38
dog-havanese 0.0063883364 1 179 36 276
dog-american_bulldog 0.0063630044 0 9 356 229
dog-japanese_chin 0.006355554 0 9 356 229
cat-Egyptian_Mau 0.006338924 0 188 33 266
cat-Egyptian_Mau 0.006241262 469 182 500 257
cat-Bombay 0.00614509 173 0 207 7
dog-pug 0.00614509 0 188 33 266
cat-Egyptian_Mau 0.006121278 467 137 498 225
dog-american_bulldog 0.006097555 1 179 36 276
dog-english_setter 0.006073922 1 171 43 263
dog-chihuahua 0.005937308 158 44 500 266
bella 0.005774915 3 203 32 289
dog-german_shorthaired 0.005708039 0 188 33 266
bella 0.005708039 2 95 32 170
dog-leonberger 0.0056814253 0 43 353 270
cat-Ragdoll 0.0056689084 154 6 500 227
bella 0.005576551 3 133 33 206
cat-Bombay 0.0055119395 317 0 409 24
dog-newfoundland 0.0054269433 0 206 32 284
dog-basset_hound 0.0053225458 0 206 32 284
cat-Birman 0.0052818656 154 6 500 227
cat-Egyptian_Mau 0.005220115 472 148 500 212
dog-chihuahua 0.0051596165 448 59 500 147
dog-pug 0.0051196814 145 31 352 230
cat-Egyptian_Mau 0.005099833 469 129 500 199
dog-chihuahua 0.0050800443 145 31 351 230
cat-Sphynx 0.0050340295 0 9 356 229
dog-basset_hound 0.005001664 467 151 498 240
cat-Bengal 0.0049848557 0 9 356 229
dog-american_pit_bull_terrier 0.004886389 0 134 62 280
cat-Bombay 0.0048674047 227 0 258 7
dog-staffordshire_bull_terrier 0.0048674047 0 206 32 284
dog-wheaten_terrier 0.004810989 1 169 37 249
dog-american_pit_bull_terrier 0.004792303 146 30 352 231
