dog-leonberger 0.5679366 225 25 354 119
dog-english_setter 0.2982869 225 25 353 119
dog-great_pyrenees 0.12549347 225 25 353 119
dog-saint_bernard 0.11838511 224 26 353 119
dog-havanese 0.09825224 113 171 276 226
dog-havanese 0.01495707 196 29 360 129
dog-keeshond 0.013902068 196 29 360 129
dog-american_bulldog 0.0136368275 196 29 360 129
dog-japanese_chin 0.012722701 196 29 360 129
dog-wheaten_terrier 0.012722701 224 26 353 119
dog-japanese_chin 0.012576342 0 191 101 330
dog-basset_hound 0.011463791 196 29 360 129
dog-american_pit_bull_terrier 0.011244565 0 123 68 251
dog-pomeranian 0.010652512 205 0 354 118
dog-japanese_chin 0.010570496 113 171 276 226
dog-havanese 0.008511305 120 189 264 232
dog-american_pit_bull_terrier 0.008412987 0 98 68 228
dog-leonberger 0.008412987 403 197 436 232
dog-havanese 0.008065999 0 0 337 169
dog-leonberger 0.007785648 113 171 276 226
dog-samoyed 0.007725537 205 0 354 118
dog-leonberger 0.007460654 403 206 437 242
cat-Bengal 0.007289082 474 253 500 310
dog-newfoundland 0.007011801 196 29 360 129
dog-scottish_terrier 0.007011801 475 247 500 301
dog-beagle 0.0069576204 213 27 358 119
dog-american_pit_bull_terrier 0.0068770945 213 27 358 119
dog-chihuahua 0.006850481 475 247 500 301
cat-Abyssinian 0.006744981 475 247 500 301
cat-Bombay 0.006718874 349 147 378 156
dog-american_bulldog 0.0066669285 340 229 379 278
dog-wheaten_terrier 0.006587416 0 0 337 169
dog-havanese 0.006121278 165 169 317 226
cat-Persian 0.0060035884 226 28 352 122
dog-japanese_chin 0.0059571564 49 140 77 151
cat-Ragdoll 0.0059340596 228 26 353 117
dog-yorkshire_terrier 0.0058653355 0 0 304 91
dog-newfoundland 0.0057302415 0 177 41 243
cat-Persian 0.005708039 113 171 276 226
bella 0.0056419075 213 27 358 119
cat-Siamese 0.005576551 2 0 140 38
dog-pomeranian 0.0055477023 184 0 500 146
dog-miniature_pinscher 0.0054692626 475 247 500 301
cat-Bombay 0.0053018928 475 247 500 301
dog-havanese 0.0052168965 184 0 500 146
cat-Egyptian_Mau 0.005099833 475 247 500 301
dog-great_pyrenees 0.0050683916 184 0 500 146
bella 0.004962951 474 194 500 257
dog-pug 0.004924506 196 29 360 129
dog-wheaten_terrier 0.0049054027 113 171 276 226
dog-american_bulldog 0.0048674047 391 150 437 172
cat-Bombay 0.0046818256 20 0 164 23
cat-British_Shorthair 0.004663646 196 29 360 129
dog-american_pit_bull_terrier 0.004663646 223 27 425 129
cat-Persian 0.004632443 0 0 337 169
dog-yorkshire_terrier 0.004609585 475 247 500 301
cat-Bombay 0.0045561194 426 254 500 333
dog-american_bulldog 0.0045208335 34 129 92 149
dog-great_pyrenees 0.00450328 113 171 276 226
dog-shiba_inu 0.004433751 475 247 500 301
dog-chihuahua 0.004399419 213 27 358 119
cat-Birman 0.0043483675 2 0 140 38
dog-staffordshire_bull_terrier 0.0043314993 205 0 354 118
dog-leonberger 0.004314691 0 176 80 320
cat-Siamese 0.004297942 355 0 440 20
dog-japanese_chin 0.0042618215 184 0 500 146
cat-Bengal 0.0041987896 196 29 360 129
dog-keeshond 0.0041824877 113 171 276 226
dog-leonberger 0.0041339695 391 150 437 172
cat-Maine_Coon 0.003914833 475 247 500 301
dog-yorkshire_terrier 0.003914833 351 141 388 152
dog-wheaten_terrier 0.0038917065 0 0 387 226
cat-Russian_Blue 0.0038693845 475 247 500 301
dog-yorkshire_terrier 0.0038543642 139 0 288 36
dog-pomeranian 0.0038244724 246 63 354 122
dog-havanese 0.0038096309 155 123 341 225
dog-pug 0.0038096309 95 14 348 125
dog-wheaten_terrier 0.0037362278 474 253 500 310
dog-yorkshire_terrier 0.0036499798 205 0 354 118
cat-Bombay 0.0035935938 355 171 500 333
dog-chihuahua 0.0035935938 486 251 500 278
dog-german_shorthaired 0.0035935938 0 181 42 247
dog-american_pit_bull_terrier 0.0035657287 446 114 500 198
dog-chihuahua 0.0035657287 475 228 500 284
dog-basset_hound 0.003538072 467 173 498 247
dog-leonberger 0.0035243332 190 168 347 227
dog-scottish_terrier 0.0035243332 463 248 500 328
dog-english_cocker_spaniel 0.0034834146 196 29 360 129
cat-Bengal 0.003442973 463 248 500 328
dog-boxer 0.003442973 228 26 353 117
dog-japanese_chin 0.0034295917 114 56 354 260
dog-newfoundland 0.0034295917 64 139 96 151
bella 0.0034295917 472 180 500 242
dog-english_cocker_spaniel 0.00341779 0 0 337 169
dog-miniature_pinscher 0.0033766031 349 147 378 156
dog-great_pyrenees 0.00336349 195 0 362 112
cat-Bengal 0.003337413 475 240 500 292
dog-american_bulldog 0.003324449 38 137 92 157
dog-staffordshire_bull_terrier 0.003324449 391 150 437 172
dog-shiba_inu 0.0032858253 61 17 103 30
