dog-keeshond 0.9875684 143 74 397 385
dog-pomeranian 0.15153119 145 77 396 381
dog-samoyed 0.12765265 143 78 396 384
dog-leonberger 0.073765695 142 79 396 390
dog-yorkshire_terrier 0.062232226 145 77 396 381
cat-Persian 0.045437217 141 74 398 387
cat-Birman 0.02790308 145 77 396 381
dog-wheaten_terrier 0.02262023 142 79 396 390
dog-staffordshire_bull_terrier 0.022116601 144 74 398 383
cat-British_Shorthair 0.02116561 141 74 398 387
dog-american_bulldog 0.02111879 142 79 396 390
dog-chihuahua 0.015654027 142 79 396 390
dog-great_pyrenees 0.015170693 142 79 396 390
cat-Ragdoll 0.014744937 119 89 401 401
dog-havanese 0.0145615935 145 77 396 381
dog-english_setter 0.01370278 142 79 396 390
dog-japanese_chin 0.013488561 142 79 396 390
cat-Bengal 0.012053788 24 0 149 30
dog-yorkshire_terrier 0.011317521 163 61 500 358
dog-scottish_terrier 0.01074478 145 77 396 381
dog-newfoundland 0.010194987 142 79 396 390
dog-pug 0.009623885 142 79 396 390
cat-Ragdoll 0.009519517 0 67 395 366
cat-Egyptian_Mau 0.009308487 142 79 396 390
cat-Maine_Coon 0.009043068 142 79 396 390
dog-shiba_inu 0.0075338185 142 79 396 390
dog-american_pit_bull_terrier 0.0073862374 142 79 396 390
cat-Bengal 0.007260859 44 0 137 23
dog-wheaten_terrier 0.006903827 384 106 491 236
cat-Ragdoll 0.006744981 0 0 104 37
dog-keeshond 0.0066826344 163 111 500 395
cat-Bengal 0.006662965 142 79 396 390
cat-Birman 0.005942583 163 61 500 358
dog-yorkshire_terrier 0.005899906 0 67 395 366
cat-Birman 0.0056419075 346 0 481 42
cat-Birman 0.005448073 18 0 159 45
cat-Siamese 0.0054269433 4 0 128 44
cat-Maine_Coon 0.0054213405 0 67 395 366
cat-Bengal 0.0051797032 71 0 159 22
bella 0.005001664 453 0 495 87
dog-boxer 0.0049436986 293 126 361 150
cat-Russian_Blue 0.004912317 142 79 396 390
dog-keeshond 0.004886389 137 247 352 387
dog-leonberger 0.004627526 137 247 352 387
dog-samoyed 0.0045208335 143 82 290 287
cat-Abyssinian 0.00450328 134 134 187 235
dog-chihuahua 0.0043517947 163 111 500 395
dog-havanese 0.0042413473 72 0 439 401
dog-pomeranian 0.0041289628 163 61 500 358
dog-great_pyrenees 0.0041212738 0 30 401 395
cat-Abyssinian 0.004112661 142 79 396 390
cat-Bombay 0.004101932 162 0 256 21
bella 0.003991723 475 86 500 162
dog-great_pyrenees 0.0039767325 72 0 439 401
cat-British_Shorthair 0.003974557 0 67 395 366
cat-Birman 0.0038543642 318 350 473 401
cat-Persian 0.0038340688 0 67 395 366
bella 0.0037654042 473 258 500 336
cat-Bengal 0.003750801 98 0 183 22
cat-Egyptian_Mau 0.00370726 32 1 142 28
cat-Siamese 0.00370726 346 0 481 42
dog-wheaten_terrier 0.00370726 386 24 496 153
dog-samoyed 0.0036681294 0 30 401 395
dog-pomeranian 0.0036076307 22 0 337 139
dog-staffordshire_bull_terrier 0.0036010742 163 61 500 358
cat-Birman 0.0035935938 2 0 123 33
dog-american_bulldog 0.0035083294 72 0 439 401
dog-pomeranian 0.0034767687 0 67 395 366
dog-wheaten_terrier 0.0034299493 0 30 401 395
cat-Maine_Coon 0.00341627 24 0 149 30
dog-american_bulldog 0.003337413 378 0 497 46
cat-Birman 0.0032877028 0 67 395 366
cat-Egyptian_Mau 0.003235042 475 230 500 306
bella 0.003235042 474 239 500 316
dog-havanese 0.0032303333 0 184 364 401
cat-Bombay 0.0032224953 32 0 127 23
dog-shiba_inu 0.0032224953 332 0 492 62
cat-Egyptian_Mau 0.0031974912 0 9 30 98
cat-Birman 0.003123641 13 0 107 24
bella 0.003123641 475 107 500 182
cat-Bombay 0.0030753613 235 0 387 41
cat-Bengal 0.0030634105 364 0 454 26
cat-Sphynx 0.0030631423 0 67 395 366
dog-keeshond 0.003061086 0 30 401 395
cat-Maine_Coon 0.0030336082 163 61 500 358
dog-havanese 0.0030192435 0 30 401 395
bella 0.0030043423 5 141 71 269
cat-Siamese 0.0029797256 142 79 396 390
cat-Egyptian_Mau 0.0029694438 0 0 83 46
cat-Bengal 0.0029613972 0 79 406 401
dog-samoyed 0.0029579103 182 0 449 114
cat-Bombay 0.0029464066 136 0 224 20
cat-Bengal 0.0029349625 352 0 476 34
dog-boxer 0.0029349625 294 134 357 163
cat-Bombay 0.0029235482 186 0 284 23
dog-yorkshire_terrier 0.0028927326 160 105 500 401
dog-wheaten_terrier 0.002883941 0 97 368 401
cat-Egyptian_Mau 0.0028671622 0 277 30 350
dog-miniature_pinscher 0.0028118491 147 0 184 18
dog-keeshond 0.0028010905 160 105 500 401
