dog-leonberger 0.9636433 113 11 260 147
dog-newfoundland 0.48145384 113 10 259 147
dog-japanese_chin 0.19345194 112 12 258 147
dog-great_pyrenees 0.123577 112 12 258 147
dog-keeshond 0.11676401 112 12 258 147
dog-saint_bernard 0.103930384 112 12 258 147
dog-pug 0.092687786 110 12 257 148
dog-havanese 0.08819005 112 12 258 147
dog-english_setter 0.072374016 112 12 258 147
dog-wheaten_terrier 0.059646964 113 10 259 147
cat-British_Shorthair 0.041773885 113 11 260 147
dog-american_bulldog 0.027901381 112 12 258 147
dog-boxer 0.02711767 110 12 257 148
dog-german_shorthaired 0.025371313 173 2 500 104
dog-pug 0.023672014 87 9 469 199
dog-basset_hound 0.022846192 113 10 259 147
dog-american_pit_bull_terrier 0.022414207 112 12 258 147
cat-Birman 0.020215958 110 12 257 148
dog-american_pit_bull_terrier 0.018725157 262 4 500 106
cat-Bengal 0.01784873 112 12 258 147
cat-Bombay 0.017375678 327 0 478 27
dog-pomeranian 0.015784562 110 12 257 148
dog-chihuahua 0.014503568 112 12 258 147
cat-Persian 0.013376594 113 11 260 147
dog-american_pit_bull_terrier 0.012527943 301 0 500 81
dog-staffordshire_bull_terrier 0.011642218 110 12 257 148
bella 0.010288298 0 223 33 284
dog-boxer 0.009671003 173 2 500 104
cat-Russian_Blue 0.009559393 0 86 29 154
dog-english_cocker_spaniel 0.009090394 113 10 259 147
dog-american_pit_bull_terrier 0.009055257 311 101 335 110
dog-american_pit_bull_terrier 0.009050876 140 0 500 157
cat-Abyssinian 0.00891614 110 12 257 148
dog-pug 0.008577496 400 121 438 162
cat-Egyptian_Mau 0.00815624 0 0 33 10
cat-Egyptian_Mau 0.008062005 110 12 257 148
cat-Egyptian_Mau 0.007968813 0 131 29 200
dog-staffordshire_bull_terrier 0.007937998 0 108 29 180
dog-yorkshire_terrier 0.007937998 111 11 258 146
dog-american_pit_bull_terrier 0.0077555478 316 99 341 109
dog-american_pit_bull_terrier 0.0077502728 98 3 500 211
dog-pug 0.007258892 140 0 500 157
cat-Bombay 0.0072327554 112 12 258 147
cat-Russian_Blue 0.007121414 317 103 368 128
cat-Ragdoll 0.006903827 110 12 257 148
dog-beagle 0.006823957 0 20 33 84
dog-chihuahua 0.0067975223 371 62 500 235
dog-newfoundland 0.0065624416 87 9 469 199
cat-Egyptian_Mau 0.006513506 348 111 405 132
cat-British_Shorthair 0.0063883364 237 1 282 8
cat-Egyptian_Mau 0.0062898993 346 103 405 125
dog-miniature_pinscher 0.0062898993 270 0 500 100
dog-miniature_pinscher 0.00614509 276 191 457 254
cat-Siamese 0.006097555 203 1 316 22
dog-pug 0.0060935915 112 11 500 334
dog-miniature_pinscher 0.006050408 327 0 478 27
cat-Bombay 0.0060269535 0 87 26 142
dog-miniature_pinscher 0.0060035884 485 60 500 90
cat-Sphynx 0.0059803426 203 1 316 22
cat-Egyptian_Mau 0.005911082 0 151 29 222
cat-Egyptian_Mau 0.005911082 2 268 76 334
dog-miniature_pinscher 0.005888164 301 0 500 81
cat-Sphynx 0.005797416 95 1 120 15
dog-havanese 0.005787641 87 9 469 199
cat-Egyptian_Mau 0.0057525337 473 237 500 294
dog-english_setter 0.0057302415 473 156 500 206
cat-Egyptian_Mau 0.0056858957 317 103 368 128
dog-basset_hound 0.0056419075 0 127 26 190
dog-yorkshire_terrier 0.0056117177 95 0 491 153
dog-scottish_terrier 0.005598247 0 100 29 172
cat-Egyptian_Mau 0.005533397 0 104 25 169
dog-yorkshire_terrier 0.005384952 371 62 500 235
cat-British_Shorthair 0.005382657 0 0 298 145
dog-american_pit_bull_terrier 0.005340606 95 0 491 153
cat-Egyptian_Mau 0.005260855 0 90 25 151
dog-yorkshire_terrier 0.0052045584 140 0 500 157
cat-Bengal 0.005139619 277 1 365 19
dog-german_shorthaired 0.005001664 275 194 457 254
dog-german_shorthaired 0.005001664 112 12 258 147
dog-scottish_terrier 0.004962951 0 90 25 151
cat-British_Shorthair 0.0049373507 0 3 327 186
dog-chihuahua 0.004886389 441 47 500 126
bella 0.004886389 473 147 500 200
cat-Bengal 0.0048674047 418 0 490 20
dog-beagle 0.0048674047 112 12 258 147
cat-Russian_Blue 0.00484854 348 111 405 132
dog-miniature_pinscher 0.00484854 316 99 341 109
dog-german_shorthaired 0.0048297346 128 15 466 145
cat-Bengal 0.004810989 0 86 29 154
dog-leonberger 0.004810989 125 21 324 138
dog-newfoundland 0.004810989 0 108 29 180
cat-Bengal 0.004663646 0 108 29 180
bella 0.004627526 320 103 366 130
dog-basset_hound 0.004538417 0 108 29 180
cat-Russian_Blue 0.004485786 0 108 29 180
dog-miniature_pinscher 0.004483819 140 0 500 157
cat-Bombay 0.0044510365 0 92 29 163
cat-Bombay 0.0043979287 95 15 430 326
dog-wheaten_terrier 0.0043608844 0 0 298 145
dog-havanese 0.004302025 140 0 500 157
