dog-leonberger 0.9056566 115 18 374 323
dog-keeshond 0.30569732 113 18 380 326
dog-newfoundland 0.28219616 115 18 374 323
dog-japanese_chin 0.26246357 115 18 374 323
dog-saint_bernard 0.19688293 119 21 368 329
dog-havanese 0.16532344 115 18 374 323
dog-wheaten_terrier 0.0921962 117 23 373 323
dog-english_setter 0.054903865 115 21 370 315
dog-pug 0.047691286 112 19 383 327
dog-basset_hound 0.046414077 119 21 368 329
dog-yorkshire_terrier 0.035012633 113 18 380 326
dog-great_pyrenees 0.02901429 119 21 368 329
cat-British_Shorthair 0.023890346 119 21 368 329
cat-Bengal 0.019676566 119 21 368 329
dog-boxer 0.019271135 179 1 216 8
dog-boxer 0.016305745 119 21 368 329
dog-shiba_inu 0.014615655 466 22 496 96
dog-leonberger 0.013601512 0 14 396 333
cat-Birman 0.013181567 119 21 368 329
dog-basset_hound 0.011331767 430 225 498 343
cat-Persian 0.010776728 115 18 374 323
dog-pomeranian 0.010489106 113 18 380 326
cat-Abyssinian 0.010279894 119 21 368 329
cat-Bombay 0.009881407 119 21 368 329
cat-Bombay 0.009522498 342 1 384 8
dog-keeshond 0.009522498 105 155 366 329
dog-saint_bernard 0.009412587 115 228 335 333
cat-Bombay 0.00912565 31 3 195 49
dog-newfoundland 0.008711398 126 28 317 138
cat-Bombay 0.008251607 191 1 228 8
cat-British_Shorthair 0.00818792 179 1 216 8
dog-miniature_pinscher 0.007815897 368 0 498 46
dog-chihuahua 0.0077555478 108 39 382 330
cat-Bombay 0.0075772405 343 0 477 26
cat-Russian_Blue 0.007547915 179 1 216 8
dog-saint_bernard 0.0075234175 0 0 377 312
dog-boxer 0.007289082 228 1 270 8
dog-american_pit_bull_terrier 0.006887883 119 21 368 329
dog-boxer 0.0066928566 191 1 228 8
dog-english_cocker_spaniel 0.0064400434 119 21 368 329
cat-Bombay 0.0064381063 35 1 98 13
cat-Bombay 0.0063883364 205 0 240 8
cat-British_Shorthair 0.006192982 228 1 270 8
dog-newfoundland 0.0061126053 0 14 396 333
dog-havanese 0.006097555 126 28 317 138
dog-american_bulldog 0.005934 119 21 368 329
cat-British_Shorthair 0.0058653355 191 1 228 8
cat-Bombay 0.0057525337 228 1 270 8
cat-Siamese 0.0057172775 119 21 368 329
dog-german_shorthaired 0.005612999 119 21 368 329
cat-Bombay 0.005598247 282 0 334 12
dog-shiba_inu 0.005598247 467 40 500 108
cat-Bombay 0.0054692626 220 1 254 8
cat-Abyssinian 0.0053018928 484 217 498 249
cat-Bombay 0.0053018928 179 1 216 8
dog-german_shorthaired 0.005281329 179 1 216 8
cat-Bombay 0.0051998794 269 0 315 9
cat-Bombay 0.0049436986 332 0 421 18
cat-Egyptian_Mau 0.004936129 119 21 368 329
cat-Bombay 0.0048674047 367 0 496 34
dog-yorkshire_terrier 0.00484854 74 3 226 54
cat-Bengal 0.0048297346 386 0 500 29
cat-Ragdoll 0.0048153102 119 21 368 329
cat-Bombay 0.004810989 35 0 119 27
cat-Bengal 0.004792303 0 152 29 226
cat-Bombay 0.0047183633 238 1 281 8
cat-Bombay 0.004538417 24 1 78 12
cat-Bombay 0.004538417 70 0 127 12
dog-pug 0.004536301 0 0 324 286
dog-yorkshire_terrier 0.0045208335 126 28 317 138
dog-japanese_chin 0.004443854 0 1 380 343
dog-yorkshire_terrier 0.004399419 0 0 181 87
cat-Egyptian_Mau 0.0043483675 179 1 216 8
dog-great_pyrenees 0.004264623 136 30 312 115
dog-samoyed 0.004231602 467 40 500 108
cat-Bombay 0.0041987896 167 1 206 8
cat-Bombay 0.0041824877 351 1 396 9
cat-Bombay 0.0041824877 36 0 185 36
cat-British_Shorthair 0.0041824877 347 1 391 9
dog-boxer 0.0041662455 167 1 206 8
dog-german_shorthaired 0.0041500926 233 1 275 8
cat-Abyssinian 0.0041339695 179 1 216 8
dog-boxer 0.004117906 220 1 254 8
cat-Bombay 0.004101932 399 0 457 12
cat-Egyptian_Mau 0.004085988 0 137 31 212
cat-Bombay 0.0040228963 328 0 369 8
cat-Bombay 0.003991723 74 3 226 54
cat-Bengal 0.0038693845 136 30 312 115
dog-samoyed 0.0038693845 136 30 312 115
cat-Russian_Blue 0.0038543642 228 1 270 8
dog-german_shorthaired 0.0038244724 367 0 496 34
dog-basset_hound 0.0038096309 448 217 500 330
dog-miniature_pinscher 0.0038096309 342 0 485 33
dog-saint_bernard 0.0038096309 121 264 313 334
dog-yorkshire_terrier 0.0037948191 68 0 214 37
cat-Siamese 0.0037362278 278 20 344 43
dog-english_cocker_spaniel 0.0037221909 0 14 396 333
dog-miniature_pinscher 0.0036928654 0 0 181 87
cat-Birman 0.0036785007 228 1 270 8
cat-British_Shorthair 0.0036785007 238 1 281 8
