dog-leonberger 0.9791158 109 17 410 326
dog-saint_bernard 0.3494547 110 18 401 329
dog-english_setter 0.21111691 110 18 401 329
dog-newfoundland 0.20402455 110 20 407 326
cat-Maine_Coon 0.15687835 459 272 500 375
cat-Egyptian_Mau 0.1305069 457 268 500 367
cat-Bengal 0.120438814 457 268 500 367
dog-great_pyrenees 0.07709968 106 15 410 325
dog-japanese_chin 0.06489012 106 15 410 325
dog-havanese 0.05749327 106 15 410 325
dog-wheaten_terrier 0.055208683 106 15 410 325
dog-keeshond 0.052037835 106 15 410 325
dog-pug 0.042087734 106 15 410 325
cat-Abyssinian 0.040540725 457 268 500 367
dog-basset_hound 0.03879258 110 18 401 329
dog-basset_hound 0.033780217 458 270 500 374
dog-leonberger 0.029159367 0 13 415 345
dog-boxer 0.027931362 109 18 404 330
dog-english_setter 0.021113038 0 13 415 345
cat-Bengal 0.020881057 109 18 404 330
dog-saint_bernard 0.019374967 0 13 415 345
cat-British_Shorthair 0.018275589 109 18 404 330
dog-german_shorthaired 0.017524928 109 18 404 330
dog-german_shorthaired 0.016657054 0 231 32 312
cat-Egyptian_Mau 0.01640305 459 294 500 374
dog-english_cocker_spaniel 0.016315222 0 13 415 345
dog-american_pit_bull_terrier 0.016277462 106 15 410 325
dog-newfoundland 0.015972316 0 13 415 345
dog-basset_hound 0.015784562 0 231 32 312
dog-american_bulldog 0.015072614 106 15 410 325
dog-beagle 0.014958829 109 18 404 330
cat-Egyptian_Mau 0.013532162 466 276 500 345
dog-english_cocker_spaniel 0.012968063 109 18 404 330
dog-wheaten_terrier 0.011730969 0 13 415 345
bella 0.011345297 109 18 404 330
dog-beagle 0.011244565 0 231 32 312
cat-Abyssinian 0.011187017 109 18 404 330
dog-english_setter 0.010776728 0 231 32 312
dog-great_pyrenees 0.010639161 0 13 415 345
bella 0.010611415 2 236 30 322
cat-Bengal 0.010408312 466 276 500 345
dog-yorkshire_terrier 0.010368168 106 15 410 325
dog-chihuahua 0.009821802 106 15 410 325
dog-wheaten_terrier 0.0097461045 451 229 500 341
cat-Ragdoll 0.009603977 109 18 404 330
dog-american_bulldog 0.009522498 0 231 32 312
dog-staffordshire_bull_terrier 0.009522498 0 231 32 312
cat-Egyptian_Mau 0.009485722 483 34 500 75
cat-Persian 0.00929141 78 21 428 375
dog-staffordshire_bull_terrier 0.0092611015 109 18 404 330
cat-Egyptian_Mau 0.00919655 470 0 500 63
dog-leonberger 0.00912565 157 195 370 320
bella 0.008881688 474 220 500 291
cat-Abyssinian 0.008813173 473 66 500 128
dog-pomeranian 0.008577496 106 15 410 325
cat-Egyptian_Mau 0.00818792 0 231 32 312
dog-staffordshire_bull_terrier 0.008124709 214 25 247 41
cat-Siamese 0.0080932975 305 0 388 20
cat-Bengal 0.007988334 0 13 415 345
dog-leonberger 0.007695645 0 231 32 312
dog-newfoundland 0.0074317753 0 231 32 312
dog-miniature_pinscher 0.007289082 0 231 32 312
cat-Egyptian_Mau 0.007232487 0 13 415 345
cat-Birman 0.007176876 114 51 173 73
cat-British_Shorthair 0.007148236 0 13 415 345
dog-samoyed 0.006984651 459 272 500 375
cat-Bengal 0.0067975223 0 231 32 312
cat-Maine_Coon 0.006744981 433 282 500 375
dog-havanese 0.0066969097 0 13 415 345
dog-boxer 0.0065897703 1 224 30 306
dog-american_bulldog 0.0065802336 0 13 415 345
bella 0.0064882636 459 272 500 375
dog-boxer 0.0064760745 0 13 415 345
cat-Siamese 0.006192982 310 1 411 24
dog-samoyed 0.006121278 451 229 500 341
cat-Bombay 0.005774915 438 0 480 9
dog-staffordshire_bull_terrier 0.0057302415 246 25 281 40
dog-american_pit_bull_terrier 0.0056638718 0 231 32 312
cat-Maine_Coon 0.0056445897 0 13 415 345
dog-english_cocker_spaniel 0.0055119395 0 231 32 312
cat-Maine_Coon 0.005400479 109 18 404 330
dog-german_shorthaired 0.0053913295 0 13 415 345
dog-miniature_pinscher 0.005332291 109 18 404 330
cat-Birman 0.0052324235 78 21 428 375
cat-Egyptian_Mau 0.0051797032 466 266 500 323
cat-Maine_Coon 0.0050800443 308 275 500 375
cat-Siamese 0.004792303 327 0 416 20
dog-basset_hound 0.004783362 0 13 415 345
dog-shiba_inu 0.004755199 472 7 500 78
cat-Maine_Coon 0.0047367513 452 254 500 354
dog-staffordshire_bull_terrier 0.0047000647 252 22 285 35
dog-samoyed 0.004609585 123 19 390 184
cat-Ragdoll 0.0045963824 0 13 415 345
cat-Bombay 0.0045666397 0 13 415 345
dog-keeshond 0.0045561194 157 195 370 320
dog-newfoundland 0.004538417 115 26 359 147
dog-staffordshire_bull_terrier 0.0045208335 262 22 299 34
bella 0.0045208335 451 229 500 341
cat-Abyssinian 0.004382342 473 82 500 146
dog-beagle 0.004361391 0 13 415 345
