dog-leonberger 0.97134733 130 88 229 192
dog-saint_bernard 0.17582092 129 88 228 191
dog-newfoundland 0.08834723 129 88 228 191
dog-english_setter 0.08709681 129 88 228 191
dog-japanese_chin 0.048226327 130 84 229 190
dog-great_pyrenees 0.031026185 129 88 228 191
dog-basset_hound 0.02887091 129 85 229 193
dog-havanese 0.023599297 130 84 229 190
dog-wheaten_terrier 0.023599297 130 84 229 190
bella 0.016215026 129 85 229 193
cat-Persian 0.01542455 129 85 229 193
cat-Russian_Blue 0.009559393 342 0 449 28
cat-British_Shorthair 0.009522498 130 84 229 190
dog-pug 0.009268016 130 84 229 190
cat-Egyptian_Mau 0.007695645 0 182 28 235
dog-keeshond 0.007460654 129 88 228 191
dog-boxer 0.007403016 130 84 229 190
cat-Birman 0.007204771 130 84 229 190
cat-Egyptian_Mau 0.007176876 0 166 31 227
dog-boxer 0.0070938766 358 218 383 239
cat-Siamese 0.007011801 281 0 405 29
cat-Egyptian_Mau 0.006930679 0 188 31 250
dog-boxer 0.006097555 319 0 436 28
cat-Egyptian_Mau 0.006073922 0 204 31 269
cat-Siamese 0.0060035884 314 0 417 26
cat-Egyptian_Mau 0.0059803426 0 143 31 215
dog-american_bulldog 0.005708039 130 84 229 190
cat-Siamese 0.005448073 287 0 422 40
cat-Egyptian_Mau 0.005281329 484 0 500 29
cat-Egyptian_Mau 0.005099833 465 229 499 307
cat-Egyptian_Mau 0.004886389 470 250 500 308
dog-scottish_terrier 0.0048297346 456 0 500 81
dog-english_cocker_spaniel 0.004755199 129 85 229 193
bella 0.0047367513 126 96 192 168
dog-yorkshire_terrier 0.004645556 0 272 189 375
dog-basset_hound 0.004573852 467 213 500 304
dog-boxer 0.0045561194 298 2 405 35
dog-great_pyrenees 0.004538417 109 10 250 192
dog-saint_bernard 0.004416555 126 96 192 168
dog-german_shorthaired 0.0043483675 129 85 229 193
dog-american_pit_bull_terrier 0.0042812526 130 84 229 190
dog-keeshond 0.0042812526 126 96 192 168
cat-Egyptian_Mau 0.004264623 73 68 105 80
cat-Egyptian_Mau 0.004231602 342 0 449 28
cat-Ragdoll 0.0041339695 129 85 229 193
dog-boxer 0.004085988 344 0 474 40
dog-japanese_chin 0.00400728 164 194 204 247
bella 0.00400728 0 224 33 281
dog-havanese 0.003991723 96 0 256 168
dog-japanese_chin 0.003930092 72 0 280 192
cat-Russian_Blue 0.0038844645 482 70 500 110
cat-Bengal 0.0038693845 129 88 228 191
cat-Persian 0.0037552714 0 0 264 214
dog-english_cocker_spaniel 0.003750801 287 217 338 249
cat-Egyptian_Mau 0.0037362278 0 233 32 299
dog-japanese_chin 0.0037362278 109 10 250 192
cat-Bombay 0.00370726 129 85 229 193
cat-Siamese 0.0036642253 298 0 393 21
dog-japanese_chin 0.0036216974 226 37 279 67
cat-Siamese 0.003538072 313 6 444 56
dog-english_cocker_spaniel 0.003538072 297 217 355 249
dog-scottish_terrier 0.003538072 0 272 32 355
cat-Russian_Blue 0.0034970045 368 1 456 35
dog-english_cocker_spaniel 0.0034834146 0 37 30 120
dog-basset_hound 0.003442973 288 246 383 305
dog-wheaten_terrier 0.003403008 0 272 32 355
dog-pomeranian 0.0033897758 96 0 256 168
cat-Abyssinian 0.0033766031 484 0 500 29
dog-japanese_chin 0.0033504367 240 37 290 66
cat-Persian 0.003337413 0 0 30 70
dog-keeshond 0.0032730699 127 91 220 158
cat-Egyptian_Mau 0.0032603443 0 226 28 283
dog-chihuahua 0.0032099485 484 0 500 29
dog-yorkshire_terrier 0.0032099485 379 0 500 138
dog-basset_hound 0.0031726956 312 202 384 311
dog-keeshond 0.003148079 0 308 100 375
dog-pomeranian 0.003148079 3 293 66 375
cat-Bengal 0.0030753613 427 0 489 24
dog-english_cocker_spaniel 0.0030753613 315 218 376 249
dog-yorkshire_terrier 0.0030753613 0 280 35 364
cat-Egyptian_Mau 0.0030515194 129 85 229 193
dog-shiba_inu 0.0030043423 338 11 478 93
cat-Bombay 0.002981037 381 0 460 22
dog-chihuahua 0.0029591918 247 101 500 375
dog-japanese_chin 0.0029579103 151 195 192 248
cat-Bombay 0.0029121637 342 0 449 28
dog-beagle 0.0029121637 0 157 27 218
cat-Birman 0.0028895736 4 0 134 41
cat-British_Shorthair 0.0028895736 126 96 192 168
cat-Egyptian_Mau 0.002878338 427 0 489 24
cat-Siamese 0.0028671622 344 0 474 40
dog-japanese_chin 0.0028338432 174 193 216 247
cat-Bengal 0.0028118491 133 93 214 139
cat-Egyptian_Mau 0.0028009415 328 2 427 35
cat-Siamese 0.0028009415 4 0 134 41
cat-Siamese 0.0028009415 253 7 401 54
dog-beagle 0.0028009415 129 85 229 193
dog-japanese_chin 0.0028009415 483 0 500 20
cat-Egyptian_Mau 0.002757609 314 126 349 145
dog-american_bulldog 0.0027469099 0 224 33 281
