cat-Maine_Coon 0.9863105 31 3 236 245
cat-Maine_Coon 0.18952107 104 13 233 243
cat-Egyptian_Mau 0.1185891 29 3 235 247
cat-Bengal 0.07835981 33 2 235 245
dog-basset_hound 0.07668382 29 3 235 247
cat-Persian 0.060086668 29 3 235 247
cat-Ragdoll 0.04304284 29 3 235 247
cat-British_Shorthair 0.032360792 0 1 247 268
dog-japanese_chin 0.031618774 56 270 119 297
bella 0.031143814 29 3 235 247
dog-english_cocker_spaniel 0.030157417 29 3 235 247
dog-wheaten_terrier 0.030100346 29 3 235 247
dog-samoyed 0.028007507 29 9 233 246
cat-Maine_Coon 0.023599297 104 115 227 240
cat-Abyssinian 0.019271135 29 3 235 247
dog-great_pyrenees 0.014559507 29 9 233 246
dog-samoyed 0.013955712 109 7 234 235
dog-keeshond 0.012241274 29 9 233 246
cat-Persian 0.011552662 109 7 234 235
dog-english_setter 0.011288077 29 9 233 246
cat-Russian_Blue 0.010104805 0 1 247 268
dog-havanese 0.009974927 49 271 112 298
cat-Maine_Coon 0.009876847 0 0 234 224
dog-havanese 0.009559393 20 290 50 302
dog-basset_hound 0.009522498 252 368 375 497
cat-Bombay 0.009268016 241 0 351 37
cat-Maine_Coon 0.008968651 55 0 344 234
dog-shiba_inu 0.008881688 33 1 235 241
cat-Egyptian_Mau 0.008459926 0 0 234 224
cat-Persian 0.00817433 0 0 234 224
dog-japanese_chin 0.008030802 71 268 136 296
cat-British_Shorthair 0.007879078 0 0 234 224
cat-Egyptian_Mau 0.007846236 0 198 20 264
cat-Persian 0.007785648 95 268 148 291
dog-samoyed 0.007711798 55 0 344 234
cat-Ragdoll 0.0073458254 119 3 235 238
cat-British_Shorthair 0.0069576204 130 418 156 431
dog-havanese 0.006850481 29 9 233 246
dog-havanese 0.006513506 15 267 133 334
dog-basset_hound 0.0064131618 198 382 233 416
dog-pomeranian 0.0062170923 29 9 233 246
cat-Persian 0.006073922 134 276 177 298
dog-basset_hound 0.006050408 173 416 198 432
cat-Persian 0.0060035884 344 0 374 65
cat-Egyptian_Mau 0.0059571564 0 222 20 289
dog-great_pyrenees 0.005911082 56 270 119 297
cat-Bengal 0.005867839 0 0 234 224
dog-scottish_terrier 0.0058145225 0 1 247 268
cat-Egyptian_Mau 0.0056638718 1 173 43 207
dog-staffordshire_bull_terrier 0.0053225458 130 418 156 431
dog-japanese_chin 0.0053018928 39 2 226 240
dog-scottish_terrier 0.0053018928 1 266 23 363
bella 0.005260855 1 278 22 387
cat-Bombay 0.0052404404 233 0 307 28
dog-wheaten_terrier 0.0051300526 0 0 234 224
cat-British_Shorthair 0.005060345 124 172 147 185
dog-japanese_chin 0.005060345 52 256 113 293
cat-Maine_Coon 0.004982263 149 171 227 236
cat-Egyptian_Mau 0.004924506 0 173 23 245
dog-havanese 0.0049054027 63 269 128 296
dog-staffordshire_bull_terrier 0.004755199 185 407 241 444
dog-samoyed 0.004502028 94 0 375 241
cat-Persian 0.0044683814 53 271 99 294
dog-pomeranian 0.0044358075 94 0 375 241
dog-great_pyrenees 0.004399419 71 268 136 296
cat-Egyptian_Mau 0.004365325 0 168 21 224
cat-Persian 0.0043314993 145 0 176 14
cat-Bengal 0.0041987896 0 288 23 401
dog-yorkshire_terrier 0.0041987896 39 2 226 240
dog-yorkshire_terrier 0.0041939914 94 0 375 241
cat-Bengal 0.0041500926 201 0 263 28
cat-Egyptian_Mau 0.0041339695 0 270 24 372
dog-great_pyrenees 0.004127264 55 0 344 234
cat-Birman 0.004117906 244 0 368 56
dog-staffordshire_bull_terrier 0.004117906 203 388 245 423
cat-Birman 0.0041145384 0 1 247 268
dog-beagle 0.004085988 205 378 243 414
dog-american_bulldog 0.004038602 29 9 233 246
cat-Bombay 0.0039607882 27 0 85 29
cat-Russian_Blue 0.0039577484 0 0 234 224
cat-Egyptian_Mau 0.003914833 0 235 23 313
dog-beagle 0.003914833 29 9 233 246
cat-Persian 0.0038844645 56 270 119 297
cat-Egyptian_Mau 0.0038693845 201 0 263 28
dog-basset_hound 0.0038096309 0 299 23 412
dog-japanese_chin 0.0037948191 42 272 102 300
dog-havanese 0.0037153661 94 0 375 241
cat-Bombay 0.0036923885 0 1 247 268
dog-boxer 0.0036785007 130 418 156 431
dog-havanese 0.0036642253 27 285 58 299
cat-Persian 0.003635794 67 299 121 322
dog-japanese_chin 0.0036216974 53 271 99 294
cat-Ragdoll 0.0035935938 190 1 216 19
cat-Persian 0.003588736 55 0 344 234
cat-Ragdoll 0.003576994 0 0 234 224
cat-Ragdoll 0.0035589933 55 0 344 234
cat-Bombay 0.003538072 214 0 288 28
dog-miniature_pinscher 0.0034957826 94 0 375 241
dog-wheaten_terrier 0.0034834146 0 288 23 401
cat-Siamese 0.0034773052 0 1 247 268
