cat-Maine_Coon 0.97719735 127 55 225 159
cat-Persian 0.072900265 127 55 225 159
cat-Bengal 0.05738753 127 55 225 159
dog-wheaten_terrier 0.0470742 127 55 225 159
bella 0.035678536 474 244 500 300
dog-samoyed 0.033023566 127 56 225 158
dog-leonberger 0.02220124 253 141 290 151
cat-Ragdoll 0.020685464 127 55 225 159
dog-chihuahua 0.018689305 347 0 500 239
dog-miniature_pinscher 0.017917335 215 8 416 86
dog-great_pyrenees 0.014009565 286 136 335 152
cat-Maine_Coon 0.012194127 126 104 209 158
dog-keeshond 0.011508137 127 55 225 159
cat-Bombay 0.010489106 236 0 308 24
dog-miniature_pinscher 0.008863717 135 17 500 247
dog-havanese 0.00818792 289 136 335 151
dog-yorkshire_terrier 0.00815624 127 55 225 159
dog-miniature_pinscher 0.007785648 347 0 500 239
dog-american_pit_bull_terrier 0.007733643 135 17 500 247
dog-boxer 0.007403016 386 324 500 374
cat-Egyptian_Mau 0.0073458254 126 54 225 158
bella 0.007317394 479 246 500 289
dog-scottish_terrier 0.0072327554 126 55 224 159
cat-Egyptian_Mau 0.0066928566 473 205 500 277
dog-leonberger 0.0064381063 263 141 307 151
cat-Bombay 0.006097555 252 1 349 26
dog-english_cocker_spaniel 0.005708039 127 56 225 158
cat-Bombay 0.0056419075 283 0 407 29
dog-english_setter 0.005598247 127 55 225 159
cat-Siamese 0.005533397 180 331 288 371
cat-Bengal 0.0055119395 131 56 212 102
cat-Birman 0.0054692626 165 335 284 371
cat-Egyptian_Mau 0.0054692626 478 249 500 293
cat-Egyptian_Mau 0.005405903 474 190 500 258
cat-Bombay 0.0053640604 219 0 294 20
dog-boxer 0.005220115 219 228 270 251
dog-basset_hound 0.005139619 474 244 500 300
dog-chihuahua 0.005099833 345 0 500 166
cat-Maine_Coon 0.005060345 128 45 332 160
dog-miniature_pinscher 0.005060345 361 47 500 303
dog-basset_hound 0.005021155 127 55 225 158
dog-havanese 0.005021155 253 141 290 151
cat-Abyssinian 0.004962951 77 46 115 85
cat-Bengal 0.0049436986 375 0 500 43
dog-american_pit_bull_terrier 0.0049436986 355 20 500 268
cat-Egyptian_Mau 0.0049054027 0 0 28 12
dog-american_pit_bull_terrier 0.004755199 0 0 133 44
dog-american_pit_bull_terrier 0.0047052503 157 0 500 189
dog-boxer 0.0046818256 254 278 415 372
dog-basset_hound 0.00450328 251 284 436 373
dog-boxer 0.0044510365 206 226 254 250
cat-Bombay 0.004416555 247 0 320 20
dog-shiba_inu 0.004399419 126 57 222 133
dog-newfoundland 0.004314691 0 136 36 208
bella 0.004117906 473 215 500 287
dog-miniature_pinscher 0.0039787292 157 0 500 189
dog-boxer 0.003976226 250 282 280 295
bella 0.0038543642 127 56 225 158
dog-miniature_pinscher 0.0038394034 353 109 500 366
cat-Egyptian_Mau 0.003750801 474 224 500 296
bella 0.00370726 480 255 500 300
dog-miniature_pinscher 0.0036110282 10 37 249 375
dog-yorkshire_terrier 0.0036076307 95 48 150 81
dog-havanese 0.0035935938 127 56 225 158
dog-miniature_pinscher 0.0035657287 228 1 428 65
dog-samoyed 0.003538072 288 137 336 152
cat-Bombay 0.0034811795 0 16 223 368
cat-Persian 0.003403008 456 0 500 70
dog-leonberger 0.0033504367 247 141 280 152
dog-shiba_inu 0.0032730699 474 241 500 310
cat-Egyptian_Mau 0.0032476783 0 0 22 11
dog-american_bulldog 0.0032224953 283 95 346 118
bella 0.0032224953 473 146 500 220
dog-japanese_chin 0.0031726956 290 138 335 152
dog-staffordshire_bull_terrier 0.0031358302 0 136 36 208
dog-miniature_pinscher 0.0030873716 283 0 407 29
cat-Maine_Coon 0.0030753613 125 67 192 148
dog-japanese_chin 0.0030634105 182 160 199 184
cat-British_Shorthair 0.0030515194 126 55 224 159
cat-Egyptian_Mau 0.0030515194 131 56 212 102
cat-Maine_Coon 0.0030278265 474 197 500 267
cat-Sphynx 0.0030043423 167 60 224 130
dog-american_bulldog 0.0030043423 264 86 342 108
bella 0.0030043423 474 197 500 267
cat-Egyptian_Mau 0.0029926598 0 285 42 361
dog-miniature_pinscher 0.002981037 231 0 399 45
cat-Abyssinian 0.0029694438 126 55 224 159
dog-saint_bernard 0.0029694438 164 220 220 237
cat-Persian 0.0029464066 286 136 335 152
bella 0.0029464066 475 248 500 320
cat-Maine_Coon 0.0029349625 115 60 229 212
cat-British_Shorthair 0.0029235482 172 219 210 227
dog-american_bulldog 0.0028895736 381 192 427 238
dog-basset_hound 0.0028895736 250 229 286 240
dog-beagle 0.0028671622 370 1 497 58
dog-shiba_inu 0.0028449 474 197 500 267
cat-Russian_Blue 0.0028338432 0 291 70 375
dog-staffordshire_bull_terrier 0.0028118491 262 285 320 315
dog-staffordshire_bull_terrier 0.002757609 0 195 129 375
cat-Siamese 0.0027469099 77 46 115 85
