cat-Maine_Coon 0.9898696 20 5 273 299
cat-Bengal 0.24798745 20 5 273 299
cat-Egyptian_Mau 0.18197799 21 9 270 297
dog-scottish_terrier 0.13706976 19 5 275 301
cat-Persian 0.1257995 20 5 268 297
dog-keeshond 0.10602912 20 5 268 297
dog-samoyed 0.099984884 20 5 268 297
dog-wheaten_terrier 0.08975893 20 5 268 297
cat-British_Shorthair 0.08754158 21 9 270 297
cat-Abyssinian 0.080023766 21 9 270 297
cat-Ragdoll 0.076381505 20 5 268 297
dog-shiba_inu 0.06323671 20 5 268 297
dog-basset_hound 0.06153673 19 5 275 301
bella 0.056878656 20 5 268 297
dog-great_pyrenees 0.043167323 20 5 268 297
cat-Russian_Blue 0.032284975 20 5 268 297
dog-english_cocker_spaniel 0.031202823 20 5 273 299
cat-Bombay 0.030559868 22 3 271 301
dog-english_setter 0.027027458 20 5 268 297
dog-havanese 0.022582382 20 5 268 297
dog-leonberger 0.020082384 20 5 268 297
dog-yorkshire_terrier 0.019748896 20 5 268 297
dog-miniature_pinscher 0.01883313 19 5 275 301
dog-japanese_chin 0.01784873 74 272 117 306
cat-Birman 0.01609087 248 1 271 18
cat-Birman 0.015603542 246 3 269 13
dog-leonberger 0.012431651 285 336 312 361
dog-pomeranian 0.011818558 20 5 268 297
bella 0.011687249 2 120 23 236
dog-american_bulldog 0.009876251 20 5 268 297
dog-havanese 0.00924927 52 0 334 300
cat-Maine_Coon 0.008813173 22 45 143 278
cat-Birman 0.0087451935 245 0 269 25
dog-havanese 0.008511305 129 204 274 291
bella 0.008511305 313 25 332 140
dog-basset_hound 0.008348048 0 323 22 439
dog-pomeranian 0.008300245 52 0 334 300
dog-yorkshire_terrier 0.008134484 52 0 334 300
dog-japanese_chin 0.007815897 80 262 131 304
cat-Birman 0.0077729523 20 5 268 297
cat-Egyptian_Mau 0.007725537 0 323 22 439
dog-samoyed 0.0073823035 80 0 334 275
dog-japanese_chin 0.006903827 95 270 136 306
cat-Egyptian_Mau 0.006823957 316 90 334 177
dog-beagle 0.0065960586 20 5 268 297
cat-Maine_Coon 0.0065628886 52 0 334 300
dog-staffordshire_bull_terrier 0.0064027905 20 5 268 297
cat-Persian 0.006390929 52 0 334 300
cat-Persian 0.0062170923 188 193 229 212
cat-Maine_Coon 0.006204605 0 0 242 246
dog-chihuahua 0.006201297 20 5 268 297
cat-Ragdoll 0.006192982 246 3 269 13
bella 0.006192982 316 64 334 152
cat-Birman 0.0061689913 251 2 275 14
bella 0.006050408 1 321 22 439
dog-miniature_pinscher 0.005669534 52 0 334 300
cat-Birman 0.005533397 238 2 263 13
cat-Ragdoll 0.005397022 52 0 334 300
dog-leonberger 0.005260855 0 287 28 398
cat-Egyptian_Mau 0.0052404404 22 45 143 278
dog-saint_bernard 0.005221188 20 5 268 297
cat-Persian 0.0050800443 243 2 266 13
dog-japanese_chin 0.0049563646 52 0 334 300
dog-saint_bernard 0.0049436986 0 288 33 394
bella 0.004810989 0 0 24 69
dog-german_shorthaired 0.004721999 20 5 268 297
cat-Bombay 0.0047000647 197 1 220 13
cat-Egyptian_Mau 0.004663646 316 110 334 201
cat-Egyptian_Mau 0.004663646 316 160 334 256
dog-japanese_chin 0.004661441 20 5 268 297
dog-keeshond 0.0045821667 79 0 334 326
cat-Persian 0.004538417 207 190 258 210
cat-Egyptian_Mau 0.0045087934 0 0 242 246
dog-american_pit_bull_terrier 0.004440874 52 0 334 300
cat-Birman 0.004272729 52 0 334 300
cat-Bengal 0.0042717755 0 0 242 246
cat-Maine_Coon 0.004264623 24 57 94 242
dog-wheaten_terrier 0.004117906 62 1 83 12
cat-Egyptian_Mau 0.004101932 316 194 334 291
cat-Maine_Coon 0.004038602 88 186 243 290
cat-Maine_Coon 0.00400728 209 1 225 16
cat-Birman 0.003976226 182 440 210 453
dog-great_pyrenees 0.0039325356 80 0 334 275
cat-Persian 0.003914833 239 195 285 215
cat-Egyptian_Mau 0.0038844645 2 392 49 500
cat-Sphynx 0.003861457 0 0 266 294
cat-Bengal 0.0038543642 136 6 263 107
cat-Persian 0.0038543642 248 3 272 14
dog-leonberger 0.0038096309 2 0 23 12
cat-Maine_Coon 0.0037948191 27 47 139 167
cat-Bengal 0.0037813187 0 45 248 344
cat-Egyptian_Mau 0.0037800968 0 145 22 262
dog-leonberger 0.0037800968 288 341 314 365
cat-Egyptian_Mau 0.00370726 316 134 334 229
cat-Persian 0.00370726 182 440 210 453
dog-pomeranian 0.0036928654 247 0 271 25
cat-Egyptian_Mau 0.0035935938 315 345 334 437
dog-newfoundland 0.0035796463 201 146 229 160
cat-Siamese 0.0035788715 20 5 268 297
cat-Maine_Coon 0.0034834146 316 160 334 256
