cat-Maine_Coon 0.9852714 223 6 385 207
cat-Persian 0.29502678 223 6 385 207
cat-Ragdoll 0.15739572 223 6 385 207
dog-samoyed 0.07892591 223 6 385 207
dog-wheaten_terrier 0.029312223 223 5 385 206
dog-keeshond 0.020725071 223 5 385 206
cat-Bengal 0.02025351 0 0 396 216
dog-yorkshire_terrier 0.015967667 223 5 385 206
cat-Maine_Coon 0.015158415 209 0 500 212
cat-Abyssinian 0.014503568 467 85 497 152
cat-Bengal 0.012147158 223 5 385 206
dog-staffordshire_bull_terrier 0.011115015 253 310 290 320
dog-american_pit_bull_terrier 0.010408312 102 139 155 158
dog-yorkshire_terrier 0.010368168 105 4 260 53
dog-pomeranian 0.010091305 220 3 389 184
cat-Abyssinian 0.00963366 220 24 265 95
dog-havanese 0.009485722 222 4 388 206
dog-staffordshire_bull_terrier 0.009268016 248 305 282 317
cat-Ragdoll 0.009232223 2 265 78 333
dog-boxer 0.00919655 364 0 500 39
cat-Egyptian_Mau 0.0087451935 381 0 482 25
dog-english_setter 0.008677721 225 2 386 205
dog-english_cocker_spaniel 0.008332849 0 0 415 246
cat-British_Shorthair 0.007805079 0 0 396 216
cat-Russian_Blue 0.007695645 364 0 500 39
dog-yorkshire_terrier 0.00768587 209 0 500 212
dog-yorkshire_terrier 0.007547915 108 0 253 38
cat-Bengal 0.00721851 0 0 354 170
cat-Abyssinian 0.007176876 382 0 470 20
dog-basset_hound 0.0071491003 178 199 238 299
dog-basset_hound 0.007066399 221 5 383 208
dog-samoyed 0.0070390403 230 6 378 73
cat-Abyssinian 0.006984651 472 84 500 136
cat-Bengal 0.006984651 424 1 500 34
cat-Egyptian_Mau 0.0069576204 471 88 500 145
dog-great_pyrenees 0.006903827 223 6 385 207
dog-yorkshire_terrier 0.0068770945 53 2 240 48
dog-american_bulldog 0.006823957 109 139 169 158
dog-miniature_pinscher 0.006718874 1 265 15 300
cat-Egyptian_Mau 0.0064882636 0 269 92 333
dog-samoyed 0.006428361 209 0 500 212
cat-British_Shorthair 0.0063635707 202 301 244 311
dog-japanese_chin 0.0062898993 219 0 404 196
dog-scottish_terrier 0.006192982 230 6 378 73
cat-Abyssinian 0.0060035884 206 23 249 91
dog-scottish_terrier 0.0059942305 0 0 396 216
cat-Bengal 0.0058653355 466 85 496 160
dog-shiba_inu 0.005774915 230 6 378 73
dog-beagle 0.0056858957 46 242 122 263
cat-Maine_Coon 0.0056638718 221 96 379 207
cat-Egyptian_Mau 0.005576551 364 0 500 39
dog-wheaten_terrier 0.0055549145 84 139 134 158
cat-Ragdoll 0.005554676 209 0 500 212
cat-Egyptian_Mau 0.005533397 466 85 496 160
cat-Persian 0.005443543 209 0 500 212
dog-leonberger 0.005384952 109 139 169 158
dog-wheaten_terrier 0.0053018928 71 138 120 158
cat-Siamese 0.005220115 486 222 500 248
cat-Ragdoll 0.0051998794 220 24 265 95
dog-miniature_pinscher 0.0051797032 0 256 14 286
cat-Bombay 0.0051596165 0 3 332 119
dog-wheaten_terrier 0.005139619 214 0 241 7
cat-Egyptian_Mau 0.005001664 374 0 449 18
cat-Abyssinian 0.004982263 473 205 500 270
cat-Egyptian_Mau 0.004962951 396 1 500 29
dog-beagle 0.004924506 90 234 168 257
dog-pomeranian 0.0048598647 209 0 500 212
dog-boxer 0.004755199 329 3 468 52
cat-Egyptian_Mau 0.0047087073 0 0 396 216
dog-wheaten_terrier 0.004606962 0 0 396 216
dog-keeshond 0.0045919716 209 0 500 212
cat-Maine_Coon 0.0045561194 220 24 265 95
dog-japanese_chin 0.004538417 103 148 126 158
cat-Siamese 0.0044510365 486 200 500 224
cat-Egyptian_Mau 0.004433751 429 2 497 29
dog-wheaten_terrier 0.004416555 195 0 222 7
cat-Bombay 0.004399419 90 1 128 8
cat-Bombay 0.004399419 0 0 295 89
dog-wheaten_terrier 0.004399419 201 0 228 7
dog-american_bulldog 0.0043483675 219 0 404 196
dog-beagle 0.0043314993 382 0 407 8
dog-keeshond 0.0043314993 214 7 382 124
dog-staffordshire_bull_terrier 0.004314691 109 139 169 158
dog-miniature_pinscher 0.004297942 0 150 15 185
dog-miniature_pinscher 0.0042812526 2 274 15 309
dog-beagle 0.004264623 74 234 141 259
cat-British_Shorthair 0.0042480826 216 301 249 312
dog-leonberger 0.004231602 466 181 497 255
cat-British_Shorthair 0.0041339695 84 1 122 8
dog-scottish_terrier 0.004101932 220 3 389 184
cat-British_Shorthair 0.004070133 260 311 295 320
dog-scottish_terrier 0.004070133 467 91 496 177
cat-Maine_Coon 0.0040543377 466 85 496 160
cat-Egyptian_Mau 0.004038602 473 223 500 286
cat-Birman 0.00400728 78 0 180 19
dog-wheaten_terrier 0.00400728 72 147 121 165
cat-Birman 0.003991008 209 0 500 212
dog-basset_hound 0.003976226 123 199 162 222
cat-Abyssinian 0.0039607882 223 26 278 111
cat-Ragdoll 0.0039454103 223 26 278 111
