cat-Bengal 0.67832696 99 89 436 460
cat-Egyptian_Mau 0.5841526 101 82 438 463
cat-Maine_Coon 0.40827677 101 82 438 463
cat-Abyssinian 0.29178742 99 83 437 463
cat-Bengal 0.046958506 0 33 457 508
cat-British_Shorthair 0.043175876 0 33 457 508
dog-basset_hound 0.04161781 101 82 438 463
cat-British_Shorthair 0.041152894 101 82 438 463
dog-wheaten_terrier 0.028167486 101 82 438 463
dog-english_cocker_spaniel 0.023419946 101 82 438 463
dog-shiba_inu 0.023153424 101 82 438 463
dog-samoyed 0.022116601 101 82 438 463
cat-Egyptian_Mau 0.021394819 0 33 457 508
cat-Abyssinian 0.019975096 0 33 457 508
cat-Russian_Blue 0.019312799 0 33 457 508
bella 0.018475592 101 82 438 463
cat-Russian_Blue 0.01724279 95 87 439 457
cat-Bombay 0.017172098 0 33 457 508
cat-Persian 0.014184743 0 33 457 508
cat-Maine_Coon 0.012153149 0 33 457 508
cat-Persian 0.010248601 116 213 179 244
dog-basset_hound 0.01024735 0 33 457 508
cat-Bombay 0.010209054 100 87 432 463
dog-miniature_pinscher 0.00956884 0 33 457 508
cat-British_Shorthair 0.009356052 0 0 410 413
dog-leonberger 0.009090394 119 484 167 586
dog-miniature_pinscher 0.009090394 101 82 438 463
dog-beagle 0.00891614 100 79 433 450
dog-english_cocker_spaniel 0.008797795 0 33 457 508
dog-wheaten_terrier 0.0087451935 411 623 479 694
dog-wheaten_terrier 0.008284271 0 33 457 508
cat-Bengal 0.008275956 0 0 410 413
cat-Sphynx 0.0077555478 100 87 432 463
dog-great_pyrenees 0.007725537 365 633 432 703
dog-havanese 0.007464379 0 33 457 508
dog-english_setter 0.007317394 101 82 438 463
cat-Bombay 0.007204771 414 445 600 900
cat-Maine_Coon 0.007106632 122 5 600 511
dog-german_shorthaired 0.0068997145 0 33 457 508
cat-Birman 0.006850481 290 799 475 899
cat-Sphynx 0.0068383217 0 33 457 508
cat-Birman 0.0066154003 64 791 259 900
cat-Siamese 0.0064631402 583 398 600 461
dog-havanese 0.0064631402 111 207 173 241
dog-havanese 0.0064631402 377 630 453 698
cat-Birman 0.0063883364 164 771 348 900
cat-Ragdoll 0.0062170923 101 82 438 463
cat-Birman 0.0060035884 365 797 562 898
dog-wheaten_terrier 0.0059803426 415 540 467 618
dog-scottish_terrier 0.0059577823 0 33 457 508
cat-Egyptian_Mau 0.005944371 0 0 410 413
cat-Persian 0.0058653355 128 205 185 242
cat-Abyssinian 0.0057302415 566 604 600 755
cat-Ragdoll 0.0056723654 0 33 457 508
cat-Persian 0.0056638718 100 221 161 257
cat-Birman 0.0055549145 237 790 433 899
cat-Siamese 0.0055390894 0 33 457 508
cat-British_Shorthair 0.005384952 503 581 547 604
dog-staffordshire_bull_terrier 0.005260855 389 66 439 96
dog-pug 0.0050102174 0 33 457 508
dog-havanese 0.004982263 81 222 137 246
cat-Bombay 0.0049054027 25 0 209 71
dog-newfoundland 0.004867673 0 33 457 508
dog-boxer 0.0048550963 0 33 457 508
dog-yorkshire_terrier 0.0047025084 0 33 457 508
dog-wheaten_terrier 0.004645556 423 568 491 626
dog-wheaten_terrier 0.004609585 422 544 488 612
dog-great_pyrenees 0.0045561194 465 212 526 270
dog-great_pyrenees 0.004538417 456 210 507 270
dog-keeshond 0.004538417 95 82 448 452
cat-Persian 0.004537046 60 70 474 443
dog-beagle 0.004439801 0 33 457 508
dog-shiba_inu 0.004393041 0 33 457 508
dog-japanese_chin 0.0043314993 365 633 432 703
dog-yorkshire_terrier 0.004297942 291 74 340 102
dog-chihuahua 0.004215151 100 79 433 450
dog-german_shorthaired 0.0041987896 287 640 326 732
bella 0.004191071 0 33 457 508
dog-english_setter 0.0040903986 0 33 457 508
cat-Birman 0.004038602 551 752 600 892
cat-Maine_Coon 0.0040228963 566 695 600 839
dog-havanese 0.00400728 102 218 164 247
cat-Russian_Blue 0.0039852858 0 0 410 413
cat-Abyssinian 0.003976226 566 570 600 708
dog-staffordshire_bull_terrier 0.003976226 90 788 138 832
cat-Abyssinian 0.00397563 0 0 410 413
cat-Bombay 0.0039607882 567 670 600 814
dog-scottish_terrier 0.0038693845 100 87 432 463
cat-Bombay 0.003822714 0 0 410 413
dog-keeshond 0.0037981868 0 33 457 508
dog-miniature_pinscher 0.00377661 122 5 600 511
cat-Persian 0.0037608445 0 0 410 413
cat-Abyssinian 0.0037362278 108 124 323 452
dog-great_pyrenees 0.0037362278 95 82 448 452
dog-wheaten_terrier 0.003721714 414 561 472 631
dog-great_pyrenees 0.00370726 377 630 453 698
dog-japanese_chin 0.0036828816 0 33 457 508
dog-staffordshire_bull_terrier 0.0035935938 391 76 434 109
dog-great_pyrenees 0.003510654 352 635 412 707
dog-staffordshire_bull_terrier 0.0034834146 176 793 221 830
