dog-miniature_pinscher 0.82893884 107 44 197 151
cat-Bengal 0.090253234 107 45 198 151
dog-basset_hound 0.06325051 120 116 190 148
dog-chihuahua 0.04733771 112 43 196 152
dog-german_shorthaired 0.045183778 113 42 196 152
cat-Sphynx 0.03825006 107 43 199 151
cat-Bombay 0.024283886 32 0 121 20
dog-miniature_pinscher 0.02128759 102 0 300 155
cat-Abyssinian 0.019271135 92 30 199 151
cat-Bengal 0.018761098 120 116 190 148
cat-Bengal 0.016911268 93 0 222 157
cat-Bengal 0.015596032 0 0 211 144
dog-beagle 0.015483975 92 30 199 151
dog-chihuahua 0.013171941 75 3 210 147
dog-shiba_inu 0.012970388 113 42 195 152
dog-basset_hound 0.011803865 76 0 229 154
dog-scottish_terrier 0.011508137 112 44 196 152
cat-Siamese 0.010052383 197 0 243 11
dog-basset_hound 0.009821802 107 43 199 151
bella 0.009783864 279 96 298 154
dog-miniature_pinscher 0.009575844 93 0 222 157
cat-Persian 0.009485722 247 0 278 8
dog-leonberger 0.0094490945 77 36 97 56
dog-american_pit_bull_terrier 0.009232223 112 43 196 152
cat-Bombay 0.0087451935 48 0 133 22
cat-Abyssinian 0.008610755 291 45 299 70
dog-chihuahua 0.008563459 102 0 300 155
cat-Bengal 0.008560628 102 0 300 155
cat-Bengal 0.008535266 0 0 198 114
cat-Sphynx 0.008511305 75 3 210 147
dog-saint_bernard 0.008412987 271 0 299 50
cat-Bombay 0.008251607 92 30 199 151
dog-basset_hound 0.008174121 102 0 300 155
cat-Bombay 0.007785648 7 0 104 23
cat-Abyssinian 0.0075772405 291 51 299 76
cat-Siamese 0.007289082 48 0 133 22
dog-japanese_chin 0.0069576204 15 26 28 45
cat-Siamese 0.0066669285 183 0 231 12
cat-Birman 0.0064882636 32 0 126 23
dog-staffordshire_bull_terrier 0.0064882636 159 95 180 109
dog-leonberger 0.0064381063 271 0 299 50
dog-staffordshire_bull_terrier 0.0064381063 112 41 197 152
dog-miniature_pinscher 0.0061689913 291 59 300 79
cat-Abyssinian 0.006121278 291 42 299 62
cat-Siamese 0.006121278 184 36 220 49
cat-Birman 0.0060035884 197 0 243 11
dog-basset_hound 0.005991757 0 0 211 144
dog-miniature_pinscher 0.0059773326 102 0 300 167
dog-shiba_inu 0.005911082 174 35 200 49
cat-Siamese 0.0058653355 18 0 118 23
cat-Siamese 0.0057302415 292 76 300 95
cat-Sphynx 0.005728513 106 21 300 179
cat-Siamese 0.0056638718 1 0 86 24
dog-german_shorthaired 0.005405903 120 116 190 148
cat-Siamese 0.0053432584 209 0 292 24
cat-Birman 0.0053225458 245 0 292 13
cat-Abyssinian 0.005281329 178 36 210 48
cat-Abyssinian 0.0051998794 291 59 300 79
cat-Bengal 0.004931748 105 0 300 126
cat-Egyptian_Mau 0.004886389 239 135 300 225
dog-boxer 0.00484854 291 50 300 71
cat-Bombay 0.0047813356 0 0 211 144
dog-beagle 0.004708767 76 0 229 154
dog-miniature_pinscher 0.0046818256 292 53 300 74
dog-miniature_pinscher 0.004671335 0 0 211 144
cat-Egyptian_Mau 0.004627526 285 49 300 92
cat-Siamese 0.004609585 109 0 222 37
cat-Egyptian_Mau 0.0045115054 76 0 229 154
cat-Persian 0.00450328 44 199 70 208
cat-Egyptian_Mau 0.0044510365 284 70 300 108
dog-miniature_pinscher 0.0044510365 63 19 192 151
cat-Siamese 0.004416555 183 30 220 45
dog-basset_hound 0.004416555 115 121 169 146
dog-english_setter 0.004399419 113 42 195 152
cat-Siamese 0.004382342 212 1 296 34
dog-leonberger 0.0043314993 218 42 236 66
dog-japanese_chin 0.004297942 275 0 299 39
cat-Siamese 0.0041824877 213 0 262 12
cat-Siamese 0.0041339695 199 0 256 15
bella 0.0041339695 282 104 300 148
cat-Bombay 0.004117906 19 0 99 18
dog-american_pit_bull_terrier 0.004117906 198 0 300 57
dog-pug 0.00400728 43 0 132 27
dog-basset_hound 0.003934711 0 0 198 114
cat-Abyssinian 0.003914833 183 0 231 12
cat-Siamese 0.0038844645 292 82 300 101
cat-Siamese 0.0038543642 159 0 278 37
cat-Abyssinian 0.003810227 102 0 300 167
dog-shiba_inu 0.0037654042 178 36 210 48
dog-basset_hound 0.003757596 102 0 300 167
dog-american_pit_bull_terrier 0.00370726 125 0 142 5
dog-beagle 0.003694266 105 0 300 126
bella 0.003635794 280 114 298 172
dog-shiba_inu 0.0036296546 102 0 300 155
cat-Bombay 0.0036295652 106 21 300 179
cat-Abyssinian 0.003614366 76 0 229 154
cat-Bombay 0.0036016703 0 0 198 114
dog-miniature_pinscher 0.003595084 0 0 198 114
cat-Birman 0.0035518706 227 0 277 12
dog-basset_hound 0.0035243332 291 56 300 77
