dog-miniature_pinscher 0.8610716 136 45 234 178
dog-german_shorthaired 0.300335 136 45 234 178
cat-Bombay 0.18068421 137 46 233 177
dog-staffordshire_bull_terrier 0.10650459 140 37 233 179
cat-Sphynx 0.06267437 136 46 232 177
dog-english_cocker_spaniel 0.03147146 0 12 240 349
dog-basset_hound 0.030271858 153 311 201 387
dog-basset_hound 0.028007507 149 76 228 402
dog-miniature_pinscher 0.01704532 92 38 233 204
dog-basset_hound 0.016152829 131 306 194 389
dog-miniature_pinscher 0.015901506 0 12 240 349
dog-american_pit_bull_terrier 0.014618158 103 7 294 330
cat-Bengal 0.014470756 0 3 240 343
cat-Bombay 0.013795376 198 0 280 38
dog-boxer 0.013273895 143 36 231 204
cat-Bengal 0.013121277 136 46 232 177
dog-scottish_terrier 0.013070792 0 17 223 233
dog-basset_hound 0.012907952 0 12 240 349
cat-Russian_Blue 0.012053788 140 39 235 184
dog-american_pit_bull_terrier 0.012053788 139 38 233 184
cat-Bombay 0.011375606 32 0 118 39
dog-scottish_terrier 0.011007488 0 3 240 343
dog-basset_hound 0.010902375 130 76 208 390
dog-yorkshire_terrier 0.010611415 0 0 175 133
cat-Bombay 0.009783864 241 2 290 39
dog-yorkshire_terrier 0.009783864 24 11 227 169
dog-scottish_terrier 0.008644164 0 6 201 169
dog-basset_hound 0.008348048 150 291 217 389
cat-Birman 0.00818792 10 423 89 500
dog-english_cocker_spaniel 0.007813662 0 0 208 251
dog-leonberger 0.0077555478 198 219 217 277
dog-basset_hound 0.007547915 198 222 218 288
dog-staffordshire_bull_terrier 0.0071491003 104 46 228 195
cat-Siamese 0.006850481 285 1 294 33
cat-Bengal 0.006786138 0 0 208 251
dog-german_shorthaired 0.006767571 0 12 240 349
dog-basset_hound 0.0065897703 120 31 222 330
dog-miniature_pinscher 0.006543964 0 0 208 251
dog-german_shorthaired 0.0064381063 146 48 231 313
dog-english_setter 0.0064131618 197 220 218 280
cat-Bombay 0.00614509 102 29 227 169
dog-miniature_pinscher 0.005888164 147 17 274 172
dog-scottish_terrier 0.0054645836 0 0 208 251
cat-Bombay 0.005448073 258 1 292 46
cat-Egyptian_Mau 0.0054269433 286 39 294 81
cat-Sphynx 0.005405903 102 29 227 169
cat-Bengal 0.005281329 92 38 233 204
cat-Bombay 0.0052404404 262 1 284 18
dog-yorkshire_terrier 0.004924506 0 0 155 192
cat-Egyptian_Mau 0.0048674047 279 352 294 440
dog-staffordshire_bull_terrier 0.0048674047 180 36 206 52
cat-Bombay 0.004792303 20 0 115 54
cat-Russian_Blue 0.004792303 180 36 206 52
dog-wheaten_terrier 0.004768342 0 3 240 343
cat-Egyptian_Mau 0.004755199 279 301 294 389
dog-scottish_terrier 0.0047183633 0 0 175 133
cat-Bengal 0.0046818256 5 25 238 224
cat-Bombay 0.004627526 139 1 166 13
cat-Egyptian_Mau 0.004627526 0 164 15 251
cat-British_Shorthair 0.004573852 148 1 173 14
dog-scottish_terrier 0.004538417 0 0 155 192
cat-Bombay 0.00450328 133 1 158 13
cat-Egyptian_Mau 0.0044683814 0 197 14 281
dog-scottish_terrier 0.0044683814 136 46 232 177
cat-Egyptian_Mau 0.0044510365 0 263 17 371
cat-Siamese 0.004433751 286 30 294 68
dog-miniature_pinscher 0.004382342 24 11 227 169
cat-Bombay 0.004365325 148 1 173 14
dog-yorkshire_terrier 0.004365325 79 0 162 58
dog-miniature_pinscher 0.004314691 5 25 238 224
cat-Siamese 0.0042812526 285 290 294 330
dog-american_pit_bull_terrier 0.0042720735 145 111 294 500
cat-Birman 0.004264623 20 0 115 54
cat-Bombay 0.0042480826 24 11 227 169
cat-British_Shorthair 0.0042480826 133 1 158 13
dog-american_pit_bull_terrier 0.0042060018 112 0 294 233
cat-Egyptian_Mau 0.0041662455 280 327 294 416
dog-miniature_pinscher 0.004155487 103 7 294 330
cat-Siamese 0.004101932 12 0 99 53
dog-american_bulldog 0.004076153 103 7 294 330
dog-yorkshire_terrier 0.0040543377 0 0 116 124
dog-shiba_inu 0.004038602 24 11 227 169
dog-english_cocker_spaniel 0.003937304 0 40 260 500
cat-Bombay 0.003914833 58 0 129 34
dog-wheaten_terrier 0.003913343 0 0 208 251
cat-Bombay 0.0038844645 250 1 280 17
cat-Siamese 0.0038844645 286 10 294 46
cat-Egyptian_Mau 0.0038543642 285 181 294 227
dog-basset_hound 0.0037948191 143 36 231 204
dog-basset_hound 0.0037800968 157 121 271 458
cat-British_Shorthair 0.0037362278 139 1 166 13
dog-shiba_inu 0.0036642253 5 25 238 224
cat-Egyptian_Mau 0.0036499798 278 254 294 340
cat-Bombay 0.003635794 273 1 291 20
cat-Egyptian_Mau 0.003635794 278 158 294 253
dog-german_shorthaired 0.003635794 197 220 218 280
dog-wheaten_terrier 0.003635794 0 1 46 170
dog-boxer 0.0036076307 236 256 268 291
cat-Bengal 0.0035935938 24 11 227 169
cat-Bombay 0.0035796463 23 0 203 134
