dog-miniature_pinscher 0.9871788 155 1 300 153
cat-Bombay 0.084191084 254 5 298 75
dog-scottish_terrier 0.047602654 156 3 300 153
dog-miniature_pinscher 0.046083868 149 0 300 135
cat-Bengal 0.041152894 254 5 298 75
dog-american_pit_bull_terrier 0.040540725 155 0 300 152
cat-Abyssinian 0.037750274 254 5 298 75
dog-chihuahua 0.035495818 154 0 300 156
dog-german_shorthaired 0.02645576 156 3 300 153
dog-miniature_pinscher 0.020215958 254 5 298 75
dog-german_shorthaired 0.018653512 255 4 297 64
dog-shiba_inu 0.018194377 6 0 107 33
dog-miniature_pinscher 0.017217994 164 16 300 211
dog-miniature_pinscher 0.015663654 153 0 208 117
cat-Persian 0.015189052 40 0 78 9
cat-Bombay 0.013848603 154 0 173 8
cat-Russian_Blue 0.013795376 254 5 298 75
dog-miniature_pinscher 0.012840033 106 4 288 177
dog-miniature_pinscher 0.012722701 153 0 206 40
dog-staffordshire_bull_terrier 0.012431651 156 3 300 153
dog-wheaten_terrier 0.012100399 255 4 297 64
cat-Bombay 0.012053788 156 2 300 153
cat-Egyptian_Mau 0.011777848 284 146 300 187
cat-Bombay 0.011288077 281 16 300 53
cat-Bengal 0.010889441 154 0 300 156
dog-yorkshire_terrier 0.010395944 160 0 300 144
dog-newfoundland 0.010328144 156 3 300 153
dog-english_setter 0.010091305 253 0 298 51
cat-Egyptian_Mau 0.0098980665 0 1 17 47
dog-shiba_inu 0.00963366 24 0 143 32
cat-Sphynx 0.00912565 254 5 298 75
cat-Bengal 0.009055257 153 0 180 8
cat-Abyssinian 0.008283615 153 2 200 70
cat-Egyptian_Mau 0.00818792 255 4 294 20
dog-miniature_pinscher 0.00815624 155 1 203 24
dog-american_pit_bull_terrier 0.008124709 258 0 300 50
cat-Bengal 0.0075772405 156 1 205 25
cat-Bengal 0.0075187087 153 0 173 7
dog-beagle 0.007460654 255 4 297 64
dog-american_pit_bull_terrier 0.0074317753 253 0 298 51
dog-english_cocker_spaniel 0.0074317753 167 75 290 153
cat-Bengal 0.007260859 200 0 227 6
dog-shiba_inu 0.007011801 284 75 300 118
cat-Siamese 0.006984651 6 0 107 33
cat-Bengal 0.006955296 164 16 300 211
dog-yorkshire_terrier 0.006903827 254 5 298 75
dog-miniature_pinscher 0.0068770945 253 0 298 51
cat-Egyptian_Mau 0.006850481 284 158 300 199
cat-Sphynx 0.006771207 156 2 300 153
dog-american_pit_bull_terrier 0.00659737 149 0 300 135
cat-Bengal 0.006513506 135 1 195 36
dog-miniature_pinscher 0.0064381063 167 75 290 153
dog-yorkshire_terrier 0.0063635707 253 0 298 51
cat-Egyptian_Mau 0.00614509 0 18 17 63
dog-havanese 0.005911082 253 0 298 51
dog-basset_hound 0.0058653355 255 4 297 64
dog-havanese 0.005797416 258 0 300 50
cat-Bengal 0.005774915 255 4 294 20
cat-Abyssinian 0.0057302415 153 0 180 8
cat-Siamese 0.0057302415 24 0 143 32
cat-Bombay 0.005708039 153 0 185 8
dog-chihuahua 0.0056858957 153 0 208 117
dog-staffordshire_bull_terrier 0.0056638718 253 0 298 51
cat-Bombay 0.0056419075 282 10 300 43
cat-Abyssinian 0.0056200325 152 0 207 102
cat-Siamese 0.0056200325 29 0 83 12
dog-boxer 0.005576551 52 0 121 20
cat-Egyptian_Mau 0.0055549145 284 60 300 104
cat-Maine_Coon 0.005533397 153 0 180 8
cat-Bengal 0.0055119395 159 1 204 16
cat-Siamese 0.0055119395 45 0 98 12
cat-Bombay 0.0054692626 135 1 195 36
dog-boxer 0.0054269433 73 0 156 22
dog-pomeranian 0.0053640604 263 0 300 44
cat-Persian 0.0053432584 107 208 151 218
cat-Egyptian_Mau 0.0053225458 254 7 297 27
cat-Bengal 0.0053018928 254 7 297 27
dog-english_cocker_spaniel 0.005281329 254 5 298 75
cat-Bombay 0.005260855 114 0 164 19
dog-chihuahua 0.005220115 254 5 298 75
dog-yorkshire_terrier 0.005220115 263 0 300 44
cat-Ragdoll 0.0051998794 258 4 299 21
dog-boxer 0.0051998794 254 5 298 75
cat-British_Shorthair 0.0051596165 254 5 298 75
cat-Bengal 0.005139619 198 0 234 9
dog-shiba_inu 0.005099833 8 2 95 48
dog-wheaten_terrier 0.0050800443 255 4 294 20
cat-Bombay 0.005021155 153 2 200 70
dog-shiba_inu 0.005021155 258 4 299 21
dog-scottish_terrier 0.0049436986 254 5 298 75
cat-Bombay 0.0049054027 152 0 207 102
dog-german_shorthaired 0.004851252 149 0 300 135
dog-pug 0.00484854 30 164 45 181
dog-pug 0.0048297346 27 164 41 182
cat-Bombay 0.004810989 261 14 300 86
dog-yorkshire_terrier 0.004755199 37 0 192 54
dog-miniature_pinscher 0.0047367513 153 0 173 7
cat-Bombay 0.004663646 197 1 241 18
dog-german_shorthaired 0.004663646 219 0 300 90
dog-havanese 0.00465253 160 0 300 144
