dog-shiba_inu 0.70089483 221 5 368 166
dog-staffordshire_bull_terrier 0.3970029 220 5 366 165
dog-chihuahua 0.38398772 221 5 368 166
cat-Sphynx 0.33025518 219 5 368 163
dog-miniature_pinscher 0.23440665 220 5 366 165
dog-scottish_terrier 0.18535662 223 5 368 166
cat-Russian_Blue 0.16184944 219 5 368 163
cat-Bengal 0.050144255 224 6 369 165
dog-american_pit_bull_terrier 0.0434469 221 6 370 166
dog-keeshond 0.036083937 221 5 368 166
cat-Siamese 0.025035411 361 3 434 24
cat-Abyssinian 0.021084845 219 5 368 163
cat-Maine_Coon 0.020964235 224 6 369 165
dog-english_setter 0.019946933 221 6 369 165
cat-Egyptian_Mau 0.01784873 219 5 368 163
dog-leonberger 0.017576873 221 6 370 166
dog-beagle 0.01750955 219 5 368 163
dog-german_shorthaired 0.017176718 220 4 367 166
dog-basset_hound 0.015724003 219 5 368 163
cat-Siamese 0.014227033 219 5 368 163
dog-american_bulldog 0.011597365 197 0 372 165
bella 0.011463791 219 5 368 163
dog-boxer 0.011331767 219 5 368 163
dog-chihuahua 0.010214984 201 0 500 203
bella 0.009559393 2 130 33 197
cat-Siamese 0.00898543 381 1 449 23
cat-Siamese 0.008847356 3 0 142 37
dog-miniature_pinscher 0.008672744 201 0 500 203
cat-Siamese 0.008062005 372 0 439 19
bella 0.0075772405 1 36 32 112
dog-miniature_pinscher 0.0075295866 0 0 401 205
dog-american_pit_bull_terrier 0.007097423 201 0 500 203
dog-miniature_pinscher 0.006859839 0 0 345 153
dog-basset_hound 0.0067975223 0 209 84 333
cat-Bombay 0.00614509 73 0 234 27
dog-yorkshire_terrier 0.006073922 232 0 263 8
cat-Abyssinian 0.0060269535 361 3 434 24
dog-staffordshire_bull_terrier 0.005888164 58 14 354 176
dog-american_pit_bull_terrier 0.005695045 199 0 500 154
dog-beagle 0.0056945384 201 0 500 203
dog-boxer 0.005598247 361 0 431 19
dog-boxer 0.0055119395 348 4 424 25
cat-Siamese 0.0054905713 159 2 255 24
cat-Birman 0.005448073 13 0 177 38
cat-Bombay 0.0054269433 224 6 369 165
dog-american_pit_bull_terrier 0.0053018928 58 14 354 176
dog-leonberger 0.0053018928 180 173 231 198
cat-Bombay 0.0050800443 66 0 247 39
cat-Bengal 0.0050569773 0 0 345 153
cat-Siamese 0.005021155 188 2 265 25
dog-chihuahua 0.0050169826 199 0 500 154
dog-yorkshire_terrier 0.0049436986 221 6 369 165
cat-Sphynx 0.0049235523 201 0 500 203
dog-shiba_inu 0.0048674047 58 14 354 176
cat-Russian_Blue 0.00484854 97 0 248 32
cat-Sphynx 0.004755199 188 2 265 25
dog-yorkshire_terrier 0.0047183633 245 4 263 23
cat-Bengal 0.0047107935 0 0 401 205
dog-pomeranian 0.004670769 199 0 500 154
dog-basset_hound 0.0046549737 201 0 500 203
bella 0.004645556 0 211 32 272
cat-British_Shorthair 0.004621893 0 0 345 153
dog-yorkshire_terrier 0.004573852 223 0 255 8
cat-Siamese 0.00450328 348 0 420 20
dog-pug 0.004485786 197 0 372 165
bella 0.0044510365 2 112 29 182
cat-Bombay 0.004399419 188 2 265 25
dog-english_cocker_spaniel 0.004399419 3 255 33 306
dog-yorkshire_terrier 0.004369229 199 0 500 154
cat-Sphynx 0.0043483675 254 10 371 134
dog-english_cocker_spaniel 0.0043314993 0 229 33 284
dog-scottish_terrier 0.0042999685 0 0 345 153
dog-samoyed 0.0042815506 199 0 500 154
dog-boxer 0.004264623 188 2 265 25
dog-german_shorthaired 0.004264623 119 265 172 312
cat-Persian 0.0041987896 382 0 424 9
dog-shiba_inu 0.0041987896 254 10 371 134
dog-english_cocker_spaniel 0.0041882396 0 0 345 153
bella 0.0041824877 473 205 500 264
cat-Sphynx 0.0041662455 361 3 434 24
cat-Persian 0.0041500926 186 319 254 332
dog-american_pit_bull_terrier 0.004142642 0 0 345 153
cat-Abyssinian 0.004038602 348 0 420 20
cat-Bombay 0.004038602 159 2 255 24
dog-samoyed 0.00400728 221 6 369 165
dog-german_shorthaired 0.00397712 0 0 401 205
dog-english_setter 0.003976226 0 251 29 295
dog-newfoundland 0.0038394034 0 3 275 182
dog-yorkshire_terrier 0.0038244724 240 0 269 8
dog-yorkshire_terrier 0.0038083196 0 0 345 153
dog-american_pit_bull_terrier 0.0038056374 0 0 401 205
dog-boxer 0.0037800968 331 5 477 61
dog-leonberger 0.0037800968 167 174 221 200
dog-newfoundland 0.0037800968 47 98 198 161
dog-shiba_inu 0.0037468374 201 0 500 203
dog-newfoundland 0.0037362278 197 0 372 165
dog-scottish_terrier 0.0037362278 58 14 354 176
cat-Bombay 0.00370726 13 0 177 38
dog-boxer 0.00370726 159 2 255 24
dog-english_cocker_spaniel 0.0036993027 0 0 401 205
