dog-miniature_pinscher 0.825305 113 51 467 308
dog-chihuahua 0.72095805 107 54 465 310
cat-Sphynx 0.49759448 113 51 467 308
dog-american_pit_bull_terrier 0.11489797 113 51 467 308
cat-Bombay 0.051053345 113 51 467 308
dog-miniature_pinscher 0.049402803 0 29 471 332
dog-staffordshire_bull_terrier 0.039809167 113 51 467 308
dog-pug 0.019219667 68 0 471 320
cat-Bombay 0.01883313 439 1 500 33
dog-shiba_inu 0.01724279 105 49 468 311
cat-Bombay 0.015224129 0 29 471 332
cat-Bengal 0.0148563385 0 29 471 332
dog-american_pit_bull_terrier 0.013667434 0 29 471 332
dog-chihuahua 0.013436586 0 29 471 332
dog-miniature_pinscher 0.012970388 110 54 339 285
dog-yorkshire_terrier 0.010964185 0 29 471 332
dog-scottish_terrier 0.010944575 105 49 468 311
cat-Sphynx 0.010020763 0 29 471 332
dog-german_shorthaired 0.0099746585 0 29 471 332
dog-shiba_inu 0.009128898 0 29 471 332
cat-Egyptian_Mau 0.008813173 285 269 500 375
cat-Bombay 0.0087791085 303 0 439 29
cat-Bombay 0.008511305 177 0 326 27
cat-Bengal 0.008124709 107 56 462 314
dog-yorkshire_terrier 0.007826239 137 54 490 307
cat-Russian_Blue 0.0069954395 137 54 490 307
cat-Abyssinian 0.0068716407 58 46 464 375
dog-english_cocker_spaniel 0.0067442358 0 29 471 332
dog-american_pit_bull_terrier 0.00670889 164 0 500 291
cat-Siamese 0.0065897703 16 0 167 41
dog-chihuahua 0.0064631402 110 54 339 285
cat-Siamese 0.006418705 137 54 490 307
cat-Bombay 0.006073922 38 0 162 28
dog-beagle 0.005953908 0 29 471 332
dog-chihuahua 0.005911082 114 55 236 255
cat-Bombay 0.0056858957 41 0 133 22
dog-chihuahua 0.0056785345 164 0 500 291
dog-scottish_terrier 0.0052210093 0 29 471 332
dog-german_shorthaired 0.00517112 117 51 463 305
dog-staffordshire_bull_terrier 0.0051134527 0 29 471 332
cat-Bombay 0.005099833 125 0 286 29
dog-leonberger 0.005047947 68 0 471 320
cat-Abyssinian 0.005021155 112 54 200 221
dog-english_cocker_spaniel 0.004962951 461 156 500 264
cat-Siamese 0.004773736 475 74 500 142
cat-Abyssinian 0.0046818256 475 74 500 142
cat-Maine_Coon 0.004609585 426 271 500 372
cat-Bengal 0.0045561194 0 289 120 375
dog-chihuahua 0.0045208335 474 102 500 174
cat-Siamese 0.004469961 0 29 471 332
dog-boxer 0.0043714046 0 29 471 332
cat-Egyptian_Mau 0.0043483675 426 271 500 372
dog-pug 0.0042812526 85 326 124 337
dog-newfoundland 0.004280746 68 0 471 320
dog-english_setter 0.0041662455 102 61 376 303
cat-Bombay 0.004101932 271 0 404 31
dog-english_setter 0.004101634 0 29 471 332
cat-Abyssinian 0.004070133 419 293 500 375
dog-english_setter 0.0040121377 97 73 443 375
dog-staffordshire_bull_terrier 0.00400728 314 132 356 152
cat-Abyssinian 0.003991723 475 92 500 164
cat-Abyssinian 0.003991127 137 54 490 307
dog-pug 0.003983289 164 0 500 291
cat-Bengal 0.0039607882 0 282 189 375
dog-chihuahua 0.003930092 14 1 181 53
dog-keeshond 0.0039036274 137 54 490 307
dog-leonberger 0.003899634 43 0 76 9
dog-miniature_pinscher 0.0038933754 164 0 500 291
cat-Bombay 0.0038244724 344 0 441 22
cat-Siamese 0.0038244724 475 92 500 164
dog-miniature_pinscher 0.0038244724 115 72 150 156
dog-japanese_chin 0.003635794 388 80 451 109
dog-boxer 0.0035657287 96 326 135 336
dog-american_pit_bull_terrier 0.0035518706 355 0 500 119
dog-boxer 0.0035482347 164 0 500 291
cat-Bombay 0.003538072 408 0 440 9
cat-Egyptian_Mau 0.0035243332 0 0 30 13
dog-chihuahua 0.003510654 112 59 151 144
dog-american_pit_bull_terrier 0.0034834146 405 0 500 57
cat-Siamese 0.0034698844 355 208 427 233
dog-chihuahua 0.0034295917 1 4 82 94
cat-Bombay 0.0033897758 226 0 355 26
dog-havanese 0.0033780038 68 0 471 320
dog-chihuahua 0.0033766031 475 82 500 153
dog-basset_hound 0.003358364 0 29 471 332
cat-Bombay 0.0033504367 105 0 282 43
dog-yorkshire_terrier 0.003337413 0 66 213 203
bella 0.003337413 2 226 33 290
dog-basset_hound 0.003325671 137 54 490 307
cat-Bombay 0.003324449 96 326 135 336
cat-Egyptian_Mau 0.0033227503 0 29 471 332
dog-boxer 0.0033115149 435 82 455 108
cat-Bombay 0.0032986403 0 0 35 58
dog-scottish_terrier 0.0032730699 0 3 32 71
dog-english_cocker_spaniel 0.003230542 137 54 490 307
cat-Bombay 0.0032224953 311 0 407 23
cat-Maine_Coon 0.0031974912 419 293 500 375
cat-Siamese 0.0031974912 6 0 138 54
dog-chihuahua 0.0031726956 471 115 500 199
dog-boxer 0.0031507611 137 54 490 307
