dog-miniature_pinscher 0.9722044 69 0 224 205
dog-german_shorthaired 0.24367529 72 0 225 213
dog-chihuahua 0.1943678 68 0 222 205
cat-Sphynx 0.11790538 71 0 223 210
dog-american_pit_bull_terrier 0.068662286 68 0 222 205
dog-scottish_terrier 0.067301065 68 0 222 205
dog-staffordshire_bull_terrier 0.058309406 72 0 225 213
dog-english_setter 0.04922211 56 2 117 114
dog-shiba_inu 0.044431448 66 0 222 204
dog-american_pit_bull_terrier 0.044183314 0 76 49 178
cat-Bengal 0.036060333 72 0 225 213
cat-Bombay 0.030778289 72 0 225 213
dog-wheaten_terrier 0.0283283 59 2 120 108
dog-basset_hound 0.021864563 68 0 119 137
dog-miniature_pinscher 0.01808685 0 0 224 225
dog-newfoundland 0.01585421 72 0 225 213
cat-Birman 0.01542455 62 0 86 5
dog-beagle 0.015299708 72 0 225 213
cat-Bombay 0.015189052 160 3 219 118
cat-Bombay 0.0136368275 243 0 279 15
dog-miniature_pinscher 0.013047785 83 0 300 225
cat-Egyptian_Mau 0.011419624 202 1 254 15
dog-basset_hound 0.011216193 72 0 225 213
dog-yorkshire_terrier 0.010983467 72 0 225 213
dog-english_setter 0.010542065 68 0 229 204
dog-basset_hound 0.010328144 0 122 54 216
dog-newfoundland 0.009974927 0 77 45 167
dog-saint_bernard 0.00895071 56 2 117 114
cat-Abyssinian 0.008677721 66 0 222 204
dog-american_pit_bull_terrier 0.008544326 0 64 46 155
cat-Abyssinian 0.0077555478 202 1 254 15
dog-english_cocker_spaniel 0.0077443123 72 0 225 213
dog-miniature_pinscher 0.0075187087 1 121 41 190
cat-Bengal 0.007260859 160 3 219 118
dog-miniature_pinscher 0.007260859 75 13 117 137
cat-Birman 0.007204771 54 0 79 5
cat-Abyssinian 0.0066669285 0 178 31 223
bella 0.0064131618 282 111 298 161
dog-newfoundland 0.006338924 50 1 119 92
dog-english_cocker_spaniel 0.006314367 63 2 119 121
dog-leonberger 0.0062898993 0 76 49 178
cat-Bengal 0.006241262 64 2 214 107
cat-Bombay 0.006121278 170 4 218 78
dog-boxer 0.0059803426 205 0 253 12
dog-newfoundland 0.005911082 48 3 91 44
cat-Bombay 0.0058653355 228 0 275 12
dog-miniature_pinscher 0.0056419075 77 38 125 159
dog-boxer 0.005610019 72 0 225 213
dog-beagle 0.005598247 207 0 224 6
dog-miniature_pinscher 0.0055549145 0 77 45 167
dog-yorkshire_terrier 0.0055549145 168 5 218 92
dog-basset_hound 0.0053018928 284 37 300 79
cat-Birman 0.0051797032 68 0 88 7
cat-Egyptian_Mau 0.0051797032 0 87 19 125
dog-boxer 0.0051797032 218 0 269 11
cat-Russian_Blue 0.0051774085 70 0 225 211
cat-Bengal 0.0051196814 63 2 119 121
cat-Abyssinian 0.005060345 228 0 275 12
cat-Abyssinian 0.005060345 160 3 219 118
cat-Maine_Coon 0.005021155 64 2 214 107
cat-Siamese 0.005021155 205 0 253 12
cat-Abyssinian 0.0049436986 204 0 221 5
cat-Sphynx 0.004908353 0 0 224 225
cat-Siamese 0.0048297346 90 1 114 8
dog-scottish_terrier 0.0045916736 64 2 214 107
cat-Abyssinian 0.004573852 243 0 279 15
cat-Bengal 0.0045416355 0 0 224 225
cat-Abyssinian 0.004538417 71 4 117 122
dog-miniature_pinscher 0.004538417 64 2 214 107
cat-Siamese 0.0045208335 195 0 215 6
cat-Abyssinian 0.00450328 0 84 20 113
cat-Egyptian_Mau 0.00450328 0 84 16 115
dog-havanese 0.0044959188 72 0 225 213
dog-yorkshire_terrier 0.004485786 0 77 45 167
cat-Egyptian_Mau 0.004433751 200 0 243 12
cat-Russian_Blue 0.004399419 198 0 287 27
cat-Abyssinian 0.0043314993 210 0 261 12
cat-Maine_Coon 0.004297942 158 0 182 8
dog-leonberger 0.004264623 56 2 117 114
cat-Birman 0.0041824877 195 0 215 6
cat-Ragdoll 0.0041662455 67 1 88 5
cat-Siamese 0.0041662455 243 0 279 15
dog-boxer 0.0041662455 210 0 274 16
cat-Egyptian_Mau 0.0041500926 240 0 279 12
dog-american_bulldog 0.0041500926 71 1 90 6
cat-Abyssinian 0.004101932 200 0 243 12
cat-Egyptian_Mau 0.004101932 191 2 229 15
dog-american_pit_bull_terrier 0.004085988 0 83 38 161
dog-basset_hound 0.004085988 282 24 300 72
cat-Ragdoll 0.0040543377 195 0 215 6
dog-miniature_pinscher 0.004038602 168 5 218 92
dog-beagle 0.0040240586 0 0 205 124
dog-shiba_inu 0.003991723 64 2 214 107
dog-german_shorthaired 0.003976226 269 40 298 93
dog-english_cocker_spaniel 0.0039454103 284 37 300 79
cat-Siamese 0.003930092 228 0 275 12
bella 0.0038543642 284 121 300 162
cat-Egyptian_Mau 0.0038394034 284 15 300 57
cat-Persian 0.0038096309 58 0 83 5
dog-basset_hound 0.0038096309 0 163 23 209
