dog-miniature_pinscher 0.9353465 76 14 342 280
dog-chihuahua 0.70578504 78 9 343 281
cat-Sphynx 0.32295293 78 9 343 281
dog-staffordshire_bull_terrier 0.186243 77 14 344 279
dog-scottish_terrier 0.14438999 77 16 341 279
dog-shiba_inu 0.08601588 78 17 341 284
dog-american_pit_bull_terrier 0.08525121 77 16 341 279
dog-german_shorthaired 0.07557854 87 13 344 282
cat-Bengal 0.0721122 78 13 344 285
cat-Bombay 0.07063329 87 13 344 282
cat-Russian_Blue 0.041384727 78 13 344 285
cat-Bombay 0.032589734 136 0 263 27
dog-newfoundland 0.031026185 77 14 344 279
cat-Abyssinian 0.028980643 77 14 344 279
dog-yorkshire_terrier 0.018369645 77 16 341 279
dog-basset_hound 0.018159509 78 13 344 285
dog-boxer 0.017986208 278 259 303 273
dog-miniature_pinscher 0.016125917 88 50 379 333
dog-english_setter 0.014615655 78 13 344 285
dog-boxer 0.012241274 78 13 344 285
dog-beagle 0.0118691325 78 13 344 285
dog-yorkshire_terrier 0.009974927 79 23 190 190
dog-beagle 0.009746164 0 0 291 277
dog-pug 0.008663744 35 0 351 288
cat-Maine_Coon 0.008380443 78 13 344 285
cat-Egyptian_Mau 0.00818792 78 13 344 285
dog-german_shorthaired 0.00805074 0 0 291 277
cat-Bombay 0.007968813 142 0 181 8
dog-yorkshire_terrier 0.007876694 356 4 500 96
dog-keeshond 0.00767678 97 13 344 276
cat-Siamese 0.0076658726 78 13 344 285
cat-Bombay 0.0074896216 135 0 220 20
dog-leonberger 0.00733909 87 13 344 282
cat-Bombay 0.007289082 0 0 33 66
dog-american_bulldog 0.0072657764 35 0 351 288
dog-pug 0.00717631 0 0 291 277
dog-chihuahua 0.006744981 486 83 500 109
dog-english_cocker_spaniel 0.0058199465 78 13 344 285
cat-Bombay 0.005797416 42 1 72 11
dog-chihuahua 0.005797416 487 93 500 117
cat-Egyptian_Mau 0.005787194 0 0 291 277
cat-Bombay 0.0057525337 357 0 447 20
cat-Bombay 0.0054692626 348 0 387 8
cat-Bombay 0.005384952 131 0 168 8
dog-leonberger 0.005384952 374 111 412 149
cat-Bombay 0.0053432584 0 16 30 88
dog-miniature_pinscher 0.0052404404 0 111 16 141
cat-Bengal 0.005235225 0 0 291 277
dog-staffordshire_bull_terrier 0.0051894486 88 50 379 333
dog-miniature_pinscher 0.005167097 0 7 341 333
dog-miniature_pinscher 0.005040705 487 190 500 213
dog-newfoundland 0.0050206184 0 0 291 277
dog-american_pit_bull_terrier 0.0050199926 88 50 379 333
dog-staffordshire_bull_terrier 0.004924506 181 13 334 58
dog-american_bulldog 0.00469926 0 0 291 277
cat-Bombay 0.0046818256 36 0 67 8
dog-miniature_pinscher 0.0046028793 0 0 291 277
dog-miniature_pinscher 0.004573852 485 179 500 203
cat-Bombay 0.0044288337 0 0 340 315
dog-shiba_inu 0.0043750107 0 0 291 277
cat-Siamese 0.0043483675 316 1 343 14
dog-staffordshire_bull_terrier 0.0043051243 0 0 340 315
dog-miniature_pinscher 0.0042812526 0 119 15 148
cat-Bombay 0.004198462 0 0 291 277
cat-Bombay 0.0041824877 355 1 477 26
dog-english_cocker_spaniel 0.0041468143 0 0 291 277
cat-Bombay 0.004101932 118 0 154 8
cat-Bombay 0.004038602 152 0 195 8
dog-chihuahua 0.003991723 487 32 500 55
dog-saint_bernard 0.003989488 0 0 291 277
dog-chihuahua 0.0039815605 88 50 379 333
cat-Bombay 0.0039607882 0 37 30 105
dog-newfoundland 0.0038844645 0 54 30 121
cat-Bombay 0.0038394034 414 0 500 28
dog-chihuahua 0.0038394034 92 115 153 191
cat-Russian_Blue 0.0038118362 88 50 379 333
dog-yorkshire_terrier 0.0038096309 68 20 159 158
cat-Bombay 0.0037362278 361 0 401 8
cat-Sphynx 0.0037109852 0 0 291 277
dog-miniature_pinscher 0.0036642253 486 78 500 105
dog-staffordshire_bull_terrier 0.0036239922 0 0 291 277
dog-chihuahua 0.0035935938 488 103 500 128
dog-english_setter 0.0035574436 0 0 291 277
dog-miniature_pinscher 0.003538072 0 102 16 134
cat-Siamese 0.003510654 126 0 207 19
dog-pomeranian 0.003510654 79 23 190 190
dog-chihuahua 0.0034834146 349 3 500 51
dog-english_setter 0.0034705102 88 50 379 333
cat-Bombay 0.0034698844 0 0 37 11
dog-shiba_inu 0.0033897758 181 13 334 58
dog-havanese 0.0033708215 87 13 344 282
dog-samoyed 0.00336349 172 17 335 85
cat-Bombay 0.0033115149 30 0 60 10
dog-yorkshire_terrier 0.0033096373 88 50 379 333
dog-chihuahua 0.0032986403 485 74 500 102
cat-Russian_Blue 0.003268212 0 0 291 277
dog-english_setter 0.0032603443 335 232 376 274
dog-leonberger 0.0032224953 438 42 500 127
dog-american_bulldog 0.003178805 0 0 317 187
dog-wheaten_terrier 0.003155142 3 10 339 244
