dog-newfoundland 0.9513234 212 95 330 226
cat-British_Shorthair 0.19559407 213 94 329 225
dog-leonberger 0.13006425 213 94 329 225
dog-havanese 0.117774904 209 92 330 226
dog-staffordshire_bull_terrier 0.08181271 209 92 330 226
dog-keeshond 0.077378094 213 94 329 225
dog-pug 0.07450026 209 92 330 226
dog-english_cocker_spaniel 0.056756914 209 92 330 226
dog-german_shorthaired 0.048226327 209 92 330 226
dog-american_pit_bull_terrier 0.04689926 209 92 330 226
dog-yorkshire_terrier 0.045015544 209 92 330 226
cat-Bombay 0.044183314 209 92 330 226
dog-scottish_terrier 0.040313423 209 92 330 226
dog-wheaten_terrier 0.039342523 213 94 329 225
cat-Egyptian_Mau 0.02116561 463 69 499 168
cat-Persian 0.018546551 213 93 327 222
dog-great_pyrenees 0.017917335 209 92 330 226
dog-american_bulldog 0.01652956 209 92 330 226
dog-japanese_chin 0.014337033 213 93 327 222
dog-boxer 0.013376594 209 92 330 226
dog-miniature_pinscher 0.0119611025 209 92 330 226
cat-Birman 0.0118691325 213 93 327 222
cat-Persian 0.011732459 27 0 349 132
cat-Bengal 0.011597365 209 92 330 226
cat-Maine_Coon 0.011463791 252 0 495 65
dog-english_setter 0.011288077 209 92 330 226
dog-american_pit_bull_terrier 0.011201203 12 0 170 38
dog-chihuahua 0.010328144 209 92 330 226
cat-Persian 0.01001358 54 0 317 98
cat-Egyptian_Mau 0.009485722 468 97 500 195
cat-Siamese 0.009412587 486 155 500 187
cat-Egyptian_Mau 0.009376228 469 79 500 159
cat-Abyssinian 0.009268016 486 200 500 233
cat-Abyssinian 0.00898543 486 210 500 244
dog-wheaten_terrier 0.00898543 3 49 162 120
dog-boxer 0.008847356 486 210 500 244
dog-boxer 0.0087451935 486 159 500 192
cat-Egyptian_Mau 0.008251607 120 0 270 33
dog-chihuahua 0.008124709 486 220 500 254
dog-staffordshire_bull_terrier 0.007999748 486 200 500 233
dog-chihuahua 0.007907301 486 195 500 229
dog-staffordshire_bull_terrier 0.007876694 486 215 500 249
cat-Abyssinian 0.0073458254 486 159 500 192
dog-havanese 0.0073458254 5 0 282 92
dog-boxer 0.007289082 164 86 233 116
bella 0.007289082 475 217 500 286
cat-Persian 0.007011801 106 0 263 37
dog-boxer 0.007011801 486 200 500 233
dog-american_bulldog 0.006903827 12 0 170 38
cat-Siamese 0.0066928566 486 164 500 197
bella 0.0066928566 2 306 55 370
dog-pomeranian 0.0066411197 202 63 336 224
dog-beagle 0.0065642595 0 0 146 39
bella 0.0065642595 0 304 83 374
cat-Bombay 0.006538838 486 200 500 233
cat-Egyptian_Mau 0.006538838 202 63 336 224
dog-boxer 0.006538838 184 27 243 42
dog-havanese 0.006265521 27 0 349 132
cat-Siamese 0.006121278 486 200 500 233
cat-Abyssinian 0.006073922 486 169 500 202
cat-British_Shorthair 0.0060317516 0 16 343 260
dog-chihuahua 0.0058425963 486 210 500 244
dog-boxer 0.005797416 486 151 500 183
dog-staffordshire_bull_terrier 0.005708039 486 190 500 225
dog-chihuahua 0.005576551 486 230 500 263
dog-samoyed 0.005576551 126 0 427 149
bella 0.005576551 476 234 500 303
cat-Maine_Coon 0.0055119395 54 0 317 98
dog-staffordshire_bull_terrier 0.0055119395 486 164 500 197
cat-Russian_Blue 0.005448073 486 200 500 233
cat-Egyptian_Mau 0.0054269433 486 195 500 229
cat-Maine_Coon 0.0053640604 202 63 336 224
dog-chihuahua 0.0053225458 486 164 500 197
dog-staffordshire_bull_terrier 0.0052906275 0 74 369 375
dog-miniature_pinscher 0.0052404404 486 200 500 233
cat-Siamese 0.0051998794 486 215 500 249
bella 0.005021155 119 40 162 74
cat-Persian 0.004982263 191 0 365 161
cat-Siamese 0.004962951 486 148 499 179
cat-Bombay 0.004924506 486 210 500 244
dog-great_pyrenees 0.004924506 191 0 365 161
dog-boxer 0.004878074 0 75 356 322
cat-Abyssinian 0.0048674047 486 190 500 225
dog-boxer 0.00484854 155 86 212 115
dog-miniature_pinscher 0.004810989 486 215 500 249
cat-British_Shorthair 0.0047994554 0 75 356 322
cat-Egyptian_Mau 0.004792303 485 186 500 221
cat-Maine_Coon 0.0047183633 405 37 455 58
dog-shiba_inu 0.004663646 0 0 164 43
cat-Abyssinian 0.004609585 486 220 500 254
dog-yorkshire_terrier 0.004538417 486 215 500 249
cat-Egyptian_Mau 0.0044683814 0 151 27 205
dog-samoyed 0.0044683814 202 63 336 224
cat-Egyptian_Mau 0.004416555 486 205 500 238
cat-Egyptian_Mau 0.004399419 0 127 32 193
dog-yorkshire_terrier 0.004297942 486 200 500 233
dog-staffordshire_bull_terrier 0.0042812526 486 225 500 259
dog-saint_bernard 0.0042480826 209 92 330 226
dog-great_pyrenees 0.0042433143 192 0 500 195
cat-Egyptian_Mau 0.0041987896 475 112 500 181
