cat-Persian 0.9871292 137 40 280 151
dog-pomeranian 0.05728197 307 0 500 51
dog-havanese 0.054198742 138 39 280 151
cat-Birman 0.038321972 0 247 71 334
cat-British_Shorthair 0.035813183 137 40 279 152
cat-Persian 0.027169228 147 99 268 153
dog-basset_hound 0.025760561 317 78 500 334
cat-Maine_Coon 0.024845421 22 0 84 13
dog-pomeranian 0.021532863 348 0 500 69
dog-basset_hound 0.0189417 409 186 499 334
dog-japanese_chin 0.018440217 138 38 283 149
dog-keeshond 0.016979992 137 40 279 152
dog-wheaten_terrier 0.01602915 137 40 279 152
cat-Maine_Coon 0.015603542 137 39 279 152
cat-Siamese 0.014672041 16 227 97 253
dog-basset_hound 0.014172375 361 114 500 334
dog-american_pit_bull_terrier 0.012972832 99 29 500 334
cat-Siamese 0.012821227 46 227 104 253
dog-pomeranian 0.011244565 336 0 500 77
cat-Ragdoll 0.010986954 138 38 283 149
cat-Persian 0.010408312 0 243 64 334
cat-Siamese 0.010328144 21 234 97 258
cat-Russian_Blue 0.010169655 277 0 420 28
dog-chihuahua 0.009090394 285 0 500 50
dog-keeshond 0.00898543 1 247 61 334
dog-japanese_chin 0.008283615 5 231 99 334
cat-Birman 0.0080932975 5 235 99 334
dog-chihuahua 0.007999748 284 0 457 35
dog-miniature_pinscher 0.007547915 0 0 59 14
dog-shiba_inu 0.007547915 418 25 473 38
dog-shiba_inu 0.007547915 285 0 500 50
cat-Bombay 0.007460654 292 0 446 28
dog-great_pyrenees 0.007460654 301 3 500 66
dog-pomeranian 0.007317394 307 0 479 37
dog-pomeranian 0.007289082 269 5 477 68
dog-leonberger 0.0072327554 0 2 31 67
cat-Siamese 0.0071491003 42 219 106 244
dog-american_pit_bull_terrier 0.007011801 5 1 112 47
dog-pomeranian 0.0069576204 1 247 61 334
dog-chihuahua 0.006930679 269 5 477 68
cat-Maine_Coon 0.0067975223 61 0 127 13
dog-newfoundland 0.006771207 0 0 32 61
dog-pomeranian 0.006771207 300 0 500 98
dog-english_setter 0.0066928566 0 2 31 67
dog-miniature_pinscher 0.006314367 5 1 112 47
dog-great_pyrenees 0.006192982 21 234 97 258
dog-pug 0.006121278 15 1 150 44
dog-american_pit_bull_terrier 0.006073922 18 0 149 35
dog-shiba_inu 0.0060035884 46 227 104 253
cat-Siamese 0.005888164 68 219 111 246
dog-chihuahua 0.005797416 48 227 102 254
dog-english_setter 0.0057665706 99 29 500 334
dog-samoyed 0.0057302415 324 2 500 66
dog-german_shorthaired 0.0056419075 0 2 31 67
cat-Bengal 0.005598247 251 0 297 8
cat-Bombay 0.005598247 30 2 198 46
cat-British_Shorthair 0.0055048466 0 18 330 210
dog-leonberger 0.0054269433 383 54 492 210
dog-chihuahua 0.005384952 16 227 97 253
dog-great_pyrenees 0.0053432584 46 227 104 253
dog-leonberger 0.0053018928 0 125 32 178
dog-shiba_inu 0.0053018928 284 0 457 35
cat-Bombay 0.005281329 251 0 297 8
dog-great_pyrenees 0.0052404404 48 234 103 258
dog-english_setter 0.005220115 358 185 500 334
cat-Siamese 0.005139619 69 227 109 254
dog-english_cocker_spaniel 0.0050800443 317 78 500 334
dog-basset_hound 0.004982263 428 224 500 333
dog-yorkshire_terrier 0.0049436986 138 39 280 152
cat-Abyssinian 0.0049054027 358 185 500 334
cat-Siamese 0.0048674047 260 0 431 34
dog-leonberger 0.0048674047 0 22 29 90
dog-shiba_inu 0.0048674047 428 27 479 41
dog-basset_hound 0.00484854 0 11 27 71
dog-basset_hound 0.0048297346 358 185 500 334
dog-chihuahua 0.0048297346 21 234 97 258
dog-yorkshire_terrier 0.0048297346 22 0 84 13
dog-boxer 0.004792303 1 6 30 71
cat-Birman 0.004755199 0 274 90 334
cat-Bengal 0.004627526 22 0 84 13
cat-Egyptian_Mau 0.004609585 0 22 29 90
dog-yorkshire_terrier 0.004609585 0 243 64 334
dog-american_bulldog 0.0045575798 123 7 500 240
cat-Maine_Coon 0.004538417 387 0 500 49
dog-wheaten_terrier 0.0045208335 212 190 262 200
dog-staffordshire_bull_terrier 0.0044510365 197 38 273 68
dog-beagle 0.004433751 0 11 27 71
dog-shiba_inu 0.004433751 69 227 109 254
dog-pomeranian 0.004365325 351 0 500 42
dog-english_setter 0.0043483675 317 78 500 334
cat-Persian 0.0043397844 0 0 300 154
dog-yorkshire_terrier 0.0043314993 301 3 500 66
dog-english_cocker_spaniel 0.004297942 96 112 500 334
cat-Ragdoll 0.004264623 340 0 500 50
cat-Abyssinian 0.004231602 22 0 84 13
dog-leonberger 0.004231602 22 0 84 13
dog-american_pit_bull_terrier 0.0042295456 123 7 500 240
cat-Maine_Coon 0.004215151 40 0 95 14
dog-havanese 0.0041987896 20 202 286 334
cat-Birman 0.0041662455 340 0 500 50
