cat-Persian 0.9513234 24 92 327 373
cat-Ragdoll 0.2407746 25 96 323 374
cat-Maine_Coon 0.1338675 25 96 323 374
cat-Birman 0.08359066 25 96 323 374
dog-havanese 0.06722993 25 86 323 368
dog-japanese_chin 0.048461676 25 86 323 368
dog-samoyed 0.041773885 24 92 326 371
dog-keeshond 0.040903807 25 86 323 368
cat-British_Shorthair 0.033178926 25 86 323 368
dog-pomeranian 0.020964235 24 92 326 371
dog-yorkshire_terrier 0.020902336 25 86 323 368
dog-wheaten_terrier 0.01897803 24 92 326 371
dog-basset_hound 0.012336105 25 96 323 374
cat-Persian 0.011915028 42 263 171 368
dog-pomeranian 0.010902375 58 224 125 269
dog-keeshond 0.010818452 165 93 327 338
cat-Bombay 0.010652512 278 2 333 42
dog-great_pyrenees 0.009936422 24 92 326 371
dog-keeshond 0.009303957 190 76 333 286
bella 0.009232223 24 92 326 371
cat-Egyptian_Mau 0.00875169 7 83 325 500
dog-havanese 0.007907301 241 389 274 401
dog-wheaten_terrier 0.007785648 193 80 242 107
cat-Persian 0.007011801 89 249 261 365
cat-Maine_Coon 0.006850481 42 263 171 368
dog-american_bulldog 0.006792158 25 86 323 368
cat-Persian 0.0064381063 55 287 154 369
cat-Egyptian_Mau 0.0063883364 312 175 333 290
dog-wheaten_terrier 0.0063883364 209 78 258 105
cat-Persian 0.0063635707 272 376 311 393
dog-chihuahua 0.0063635707 1 0 97 73
dog-wheaten_terrier 0.0062170923 241 389 274 401
bella 0.0059803426 315 280 333 378
cat-Maine_Coon 0.0058653355 84 236 263 363
dog-great_pyrenees 0.005533397 186 82 234 109
cat-Bengal 0.005478829 0 57 305 414
dog-english_cocker_spaniel 0.0054692626 304 371 333 500
dog-keeshond 0.0054269433 230 96 333 327
dog-leonberger 0.0052404404 241 389 274 401
dog-havanese 0.005220115 254 82 301 110
dog-leonberger 0.005099833 31 224 51 239
cat-Bombay 0.005040705 158 0 268 38
cat-Siamese 0.0049054027 221 428 243 442
dog-yorkshire_terrier 0.004886389 252 0 333 181
dog-japanese_chin 0.004810989 56 232 115 271
dog-keeshond 0.004810989 241 389 274 401
dog-american_pit_bull_terrier 0.004773736 252 0 333 181
bella 0.0047183633 0 200 23 315
dog-english_cocker_spaniel 0.0047000647 268 346 331 494
dog-yorkshire_terrier 0.0047000647 190 76 333 286
cat-Persian 0.004663646 266 377 306 397
cat-Bombay 0.004645556 215 0 323 39
dog-great_pyrenees 0.004627526 209 78 258 105
dog-yorkshire_terrier 0.004609585 288 11 333 125
cat-Bombay 0.004538417 125 0 233 39
dog-keeshond 0.0044683814 101 234 260 363
dog-great_pyrenees 0.004433751 252 0 333 181
cat-Bombay 0.004365325 84 0 188 38
cat-Persian 0.004264623 72 307 161 371
dog-american_pit_bull_terrier 0.004264623 190 76 333 286
bella 0.0042480826 313 253 331 376
dog-great_pyrenees 0.0041662455 70 94 116 118
dog-wheaten_terrier 0.0041339695 79 94 122 118
cat-Ragdoll 0.004117906 56 232 115 271
dog-havanese 0.004085988 252 0 333 181
cat-Bombay 0.004038602 69 0 178 52
dog-pomeranian 0.0040272176 59 0 333 337
cat-Birman 0.0040228963 93 243 123 265
dog-great_pyrenees 0.00400728 96 95 139 119
dog-wheaten_terrier 0.0038543642 244 234 279 296
dog-staffordshire_bull_terrier 0.0038394034 79 94 122 118
cat-Persian 0.0038244724 165 93 327 338
dog-havanese 0.0038244724 38 228 66 239
dog-leonberger 0.0038244724 241 384 275 398
dog-samoyed 0.0038244724 186 82 234 109
dog-wheaten_terrier 0.0038244724 276 80 329 204
dog-yorkshire_terrier 0.0038096309 193 0 333 78
dog-havanese 0.003750801 34 227 59 239
cat-Bombay 0.003721714 102 0 212 51
cat-Maine_Coon 0.00370726 313 187 333 302
dog-great_pyrenees 0.00370726 241 389 274 401
dog-samoyed 0.0036785007 190 76 333 286
cat-Bombay 0.0036642253 136 0 250 51
cat-Persian 0.003602028 50 90 333 500
dog-pomeranian 0.0035935938 252 0 333 181
dog-wheaten_terrier 0.0035935938 180 83 223 112
cat-Persian 0.0035657287 243 388 279 401
cat-Bombay 0.0035243332 33 0 147 54
cat-Egyptian_Mau 0.0034728348 24 88 314 362
cat-Bombay 0.0034564137 168 0 286 53
dog-samoyed 0.0034564137 237 0 333 163
bella 0.0034564137 315 242 333 341
cat-Egyptian_Mau 0.003442973 241 389 274 401
dog-leonberger 0.0034258962 7 83 325 500
cat-Bengal 0.00341627 2 1 59 32
cat-Siamese 0.0033897758 227 428 247 443
dog-wheaten_terrier 0.0033897758 96 95 139 119
dog-samoyed 0.0033766031 53 232 108 271
dog-yorkshire_terrier 0.0033766031 180 96 205 108
dog-yorkshire_terrier 0.0033766031 291 41 333 166
