cat-Persian 0.9930693 95 107 327 340
dog-havanese 0.03448853 95 107 327 340
cat-British_Shorthair 0.029051155 84 110 330 339
cat-Maine_Coon 0.0288544 88 98 334 353
dog-keeshond 0.028761595 92 110 325 341
dog-yorkshire_terrier 0.027097136 88 98 334 353
cat-Ragdoll 0.020457923 88 98 334 353
dog-miniature_pinscher 0.015483975 204 107 249 138
dog-keeshond 0.015365332 180 116 334 325
dog-samoyed 0.015072614 246 105 294 137
cat-Birman 0.013070792 92 110 325 341
dog-yorkshire_terrier 0.012336105 180 116 334 325
dog-japanese_chin 0.012172192 88 98 334 353
cat-Persian 0.0097461045 100 106 199 323
dog-wheaten_terrier 0.008644164 252 104 301 136
dog-miniature_pinscher 0.008380443 222 106 266 137
cat-Siamese 0.007968813 3 0 95 55
dog-shiba_inu 0.007815897 252 104 301 136
cat-Egyptian_Mau 0.0075187087 310 174 334 292
dog-keeshond 0.0074896216 225 74 334 297
cat-Persian 0.0074317753 180 116 334 325
dog-yorkshire_terrier 0.007403016 7 0 175 120
dog-yorkshire_terrier 0.0073458254 103 104 158 281
dog-staffordshire_bull_terrier 0.0065897703 195 108 240 138
dog-english_cocker_spaniel 0.006538838 298 129 323 143
cat-Egyptian_Mau 0.0064381063 305 147 333 299
cat-Persian 0.0063883364 152 265 250 340
dog-miniature_pinscher 0.0062898993 187 108 231 137
dog-havanese 0.006265521 180 116 334 325
cat-Egyptian_Mau 0.0061689913 297 133 323 144
dog-wheaten_terrier 0.0061689913 252 120 300 149
dog-pomeranian 0.00614509 180 116 334 325
dog-yorkshire_terrier 0.006073922 193 2 334 112
cat-Persian 0.0060382485 87 0 334 328
dog-samoyed 0.0060269535 231 105 275 137
dog-wheaten_terrier 0.005911082 96 105 328 340
dog-yorkshire_terrier 0.005797416 238 0 334 55
cat-British_Shorthair 0.005777836 0 87 313 400
cat-Persian 0.0057589114 61 97 334 500
dog-wheaten_terrier 0.0056419075 280 131 329 282
cat-Maine_Coon 0.0053225458 180 116 334 325
dog-american_pit_bull_terrier 0.0052404404 204 107 249 138
cat-Bombay 0.005220115 10 0 113 54
cat-Persian 0.005220115 285 1 334 39
cat-Bombay 0.0051998794 220 0 290 28
cat-Bombay 0.0051797032 42 0 146 36
dog-yorkshire_terrier 0.005060345 24 0 229 169
cat-Bombay 0.0048574805 50 111 316 359
dog-keeshond 0.004810989 227 133 334 364
cat-Bombay 0.004792303 220 0 322 34
dog-samoyed 0.004792303 252 120 300 149
cat-Bombay 0.004773736 297 1 318 18
dog-chihuahua 0.004773736 3 0 95 55
dog-samoyed 0.004773736 96 104 321 339
cat-Bombay 0.0047367513 195 0 265 28
cat-Bombay 0.0046818256 245 0 315 28
dog-great_pyrenees 0.0046818256 252 120 300 149
cat-Bengal 0.004645556 48 302 99 353
dog-yorkshire_terrier 0.004609585 227 28 334 265
cat-Bombay 0.004573852 285 1 334 39
cat-Egyptian_Mau 0.004573852 0 0 24 16
dog-american_bulldog 0.004523337 88 98 334 353
dog-great_pyrenees 0.0044510365 252 104 301 136
dog-scottish_terrier 0.0044510365 213 106 258 137
dog-staffordshire_bull_terrier 0.004399419 213 106 258 137
dog-samoyed 0.004382342 102 100 186 315
dog-shiba_inu 0.004365325 239 105 284 137
dog-staffordshire_bull_terrier 0.0043314993 177 107 223 136
dog-wheaten_terrier 0.004314691 298 129 323 143
cat-Bombay 0.0042480826 303 1 323 19
cat-Bombay 0.0041662455 186 0 290 33
dog-shiba_inu 0.0041662455 222 106 266 137
cat-Birman 0.0041500926 180 116 334 325
dog-yorkshire_terrier 0.004101932 7 0 162 77
cat-Bombay 0.004085988 129 0 198 28
dog-havanese 0.004085988 250 0 334 174
dog-samoyed 0.004085988 213 106 258 137
dog-english_cocker_spaniel 0.004029572 88 98 334 353
cat-Bombay 0.004023701 0 87 313 400
dog-newfoundland 0.0040228963 238 0 334 55
dog-basset_hound 0.003976226 67 349 106 387
dog-chihuahua 0.003976226 325 395 334 434
cat-Abyssinian 0.0039454103 316 334 334 423
dog-havanese 0.0039454103 227 28 334 265
dog-miniature_pinscher 0.0039454103 192 92 243 124
cat-Bombay 0.003914833 170 0 240 28
dog-pomeranian 0.003906667 88 98 334 353
dog-leonberger 0.003899634 312 303 332 401
dog-wheaten_terrier 0.003899634 282 97 330 236
cat-Persian 0.0038991868 0 87 313 400
cat-Birman 0.0038844645 10 0 113 54
dog-pomeranian 0.0038844645 54 0 265 175
dog-wheaten_terrier 0.0038693845 294 132 320 144
dog-wheaten_terrier 0.0038244724 298 129 334 270
cat-Bombay 0.0038096309 113 0 181 28
cat-Bombay 0.0037948191 218 0 330 55
cat-Persian 0.0037800968 259 316 307 343
dog-samoyed 0.003750801 292 392 334 500
dog-basset_hound 0.00370726 165 387 194 424
cat-Persian 0.0037040412 0 10 321 324
