cat-Persian 0.9895109 297 36 480 216
dog-havanese 0.037256777 297 36 480 216
cat-Ragdoll 0.037047178 297 37 480 215
dog-yorkshire_terrier 0.030214578 297 37 480 215
cat-Maine_Coon 0.02610591 297 36 480 216
cat-Birman 0.024053544 297 37 480 215
dog-keeshond 0.023197621 297 37 480 215
dog-japanese_chin 0.019124031 297 37 480 215
dog-beagle 0.01609087 225 0 356 40
cat-Maine_Coon 0.013121277 414 1 498 55
cat-British_Shorthair 0.011915028 297 37 480 215
dog-shiba_inu 0.011463791 414 1 498 55
cat-Persian 0.010984153 143 31 497 242
dog-boxer 0.010652512 119 0 234 25
cat-Persian 0.009933591 279 0 500 224
cat-Persian 0.009020269 319 39 500 253
cat-British_Shorthair 0.008656561 143 31 497 242
cat-Persian 0.008219689 314 150 457 211
dog-wheaten_terrier 0.007937998 295 38 478 214
dog-boxer 0.007876694 115 0 204 21
dog-american_bulldog 0.007815897 9 0 123 42
dog-basset_hound 0.007274896 0 62 500 375
dog-yorkshire_terrier 0.006718874 0 130 33 208
cat-Persian 0.0061514974 242 17 500 222
dog-wheaten_terrier 0.006050408 0 130 33 208
dog-beagle 0.0059340596 171 0 317 39
bella 0.005708039 3 214 81 365
dog-shiba_inu 0.005598247 139 98 216 127
dog-beagle 0.0053225458 33 0 146 40
dog-boxer 0.0053018928 90 0 174 20
cat-Ragdoll 0.005281329 254 37 322 64
dog-boxer 0.005281329 86 0 201 26
dog-shiba_inu 0.005021155 177 89 265 120
cat-Persian 0.004982263 287 106 461 211
cat-Persian 0.004962951 3 129 35 220
dog-saint_bernard 0.004755199 295 20 347 44
cat-Egyptian_Mau 0.004663646 0 130 33 208
cat-Maine_Coon 0.0045703948 242 17 500 222
dog-english_cocker_spaniel 0.004480958 143 31 497 242
dog-beagle 0.004399419 321 2 387 28
dog-shiba_inu 0.004399419 145 90 220 120
dog-samoyed 0.004382342 0 155 33 239
dog-havanese 0.0043579936 143 31 497 242
dog-basset_hound 0.0043216944 101 59 493 291
dog-english_cocker_spaniel 0.0042870045 0 2 500 311
dog-beagle 0.0042812526 205 0 342 54
cat-Bombay 0.004264623 406 0 439 9
cat-Bombay 0.004231602 457 0 489 9
dog-american_bulldog 0.004231602 40 0 144 52
dog-shiba_inu 0.004231602 163 91 241 119
cat-Bengal 0.0041987896 411 0 500 43
cat-Ragdoll 0.0041987896 305 33 374 57
cat-Egyptian_Mau 0.0041662455 0 0 28 15
cat-Maine_Coon 0.004148692 279 0 500 224
dog-keeshond 0.0041339695 314 150 457 211
cat-Bengal 0.0040471554 0 9 484 259
cat-Maine_Coon 0.0040228963 308 41 373 69
dog-american_pit_bull_terrier 0.00400728 437 0 500 66
dog-samoyed 0.00400728 0 130 33 208
dog-basset_hound 0.0039788187 188 70 500 375
bella 0.0039390624 188 70 500 375
dog-boxer 0.003930092 64 0 148 20
dog-great_pyrenees 0.0038693845 308 41 373 69
cat-Sphynx 0.0038543642 155 0 255 22
dog-beagle 0.0038543642 225 0 335 35
dog-havanese 0.0038543642 88 79 130 104
dog-boxer 0.0038394034 148 0 223 22
dog-pomeranian 0.0037948191 451 184 500 241
dog-beagle 0.0037800968 74 0 214 40
dog-american_bulldog 0.0037362278 125 88 217 121
dog-american_bulldog 0.00370726 55 0 178 40
dog-beagle 0.0036499798 289 4 386 41
cat-Egyptian_Mau 0.0035518706 414 1 498 55
cat-Maine_Coon 0.0035243332 0 137 32 217
dog-scottish_terrier 0.0035243332 0 137 32 217
dog-japanese_chin 0.003510654 456 205 500 265
cat-Bombay 0.0034970045 418 0 451 9
dog-keeshond 0.0034295917 293 0 466 183
cat-Russian_Blue 0.00341627 295 285 500 375
dog-german_shorthaired 0.003403008 202 0 336 39
cat-Egyptian_Mau 0.0033662617 188 70 500 375
cat-Birman 0.00336349 468 213 500 263
cat-Egyptian_Mau 0.0033504367 0 228 87 375
cat-Bombay 0.0032986403 444 0 475 9
dog-boxer 0.0032858253 39 0 119 20
cat-Persian 0.0032603443 292 39 474 152
dog-american_pit_bull_terrier 0.0032476783 202 0 336 39
dog-leonberger 0.003235042 486 238 500 262
dog-boxer 0.0032099485 286 0 331 19
cat-Bengal 0.0031127036 0 39 500 375
cat-Egyptian_Mau 0.0030994117 78 126 109 145
dog-leonberger 0.0030994117 83 242 98 264
cat-Persian 0.0030873716 0 126 34 195
cat-Abyssinian 0.0030753613 254 37 322 64
dog-boxer 0.0030043423 33 0 146 40
cat-Bengal 0.0030036569 0 0 406 193
dog-staffordshire_bull_terrier 0.002981037 40 0 144 52
cat-Ragdoll 0.0029579103 456 205 500 265
dog-american_bulldog 0.0029464066 147 100 213 126
dog-chihuahua 0.0029464066 486 1 500 24
