cat-Persian 0.94165415 83 98 295 294
dog-yorkshire_terrier 0.076545626 84 101 296 294
cat-Persian 0.049589008 86 96 206 275
cat-British_Shorthair 0.03789243 83 98 292 293
cat-Birman 0.029312223 82 99 292 293
dog-keeshond 0.024145424 83 98 292 293
cat-Maine_Coon 0.021044552 81 94 297 291
cat-Ragdoll 0.01672113 81 94 297 291
dog-havanese 0.014392346 84 101 296 294
cat-Persian 0.014114261 44 113 304 348
cat-Persian 0.010693759 156 101 295 278
dog-wheaten_terrier 0.009596467 81 94 297 291
cat-Ragdoll 0.00895071 2 395 42 500
cat-Persian 0.008380443 1 389 37 500
cat-Bengal 0.008166522 0 21 289 312
cat-Bombay 0.00805223 0 21 289 312
cat-Bengal 0.008039087 0 70 326 422
cat-Persian 0.007689357 0 21 289 312
cat-Persian 0.007510215 0 70 326 422
cat-Persian 0.007488698 90 86 358 377
cat-Siamese 0.007403016 1 0 98 54
cat-British_Shorthair 0.0072642863 0 98 303 393
dog-samoyed 0.0072327554 81 94 297 291
dog-havanese 0.006850481 283 345 317 359
cat-Persian 0.0067304373 67 0 295 326
cat-Maine_Coon 0.006593108 95 35 358 318
cat-British_Shorthair 0.0065897703 86 96 206 275
cat-Maine_Coon 0.0064131618 1 389 37 500
cat-British_Shorthair 0.006002426 0 21 289 312
cat-British_Shorthair 0.0057996213 44 113 304 348
cat-Persian 0.0054905713 220 110 293 252
bella 0.0054905713 333 263 356 371
dog-yorkshire_terrier 0.0054207146 0 21 289 312
cat-Maine_Coon 0.005345136 0 21 289 312
dog-havanese 0.0053018928 241 329 284 364
dog-yorkshire_terrier 0.0052578747 90 86 358 377
cat-Egyptian_Mau 0.004886389 0 229 21 325
cat-Persian 0.004792303 163 320 215 345
dog-yorkshire_terrier 0.004645556 0 0 127 112
dog-english_cocker_spaniel 0.004479766 0 70 326 422
cat-Bombay 0.0044683814 141 0 210 27
cat-Bombay 0.004433751 9 0 118 53
dog-miniature_pinscher 0.004433751 0 41 10 93
bella 0.004297942 332 238 356 343
cat-Persian 0.0042812526 2 403 56 500
dog-havanese 0.004231602 132 287 231 348
cat-Bombay 0.004215151 158 0 228 27
dog-havanese 0.0042046607 0 21 289 312
dog-havanese 0.0041987896 281 303 310 316
dog-staffordshire_bull_terrier 0.0041339695 133 115 160 135
dog-chihuahua 0.004038602 1 0 98 54
dog-english_cocker_spaniel 0.003991723 331 59 358 201
dog-staffordshire_bull_terrier 0.0039607882 126 167 157 201
cat-Bombay 0.003939301 0 98 303 393
dog-english_cocker_spaniel 0.003914833 329 99 358 246
dog-yorkshire_terrier 0.003914833 15 0 191 126
dog-pomeranian 0.003899634 238 0 358 118
cat-Bombay 0.0038844645 123 0 192 27
dog-wheaten_terrier 0.0038807094 0 70 326 422
cat-Bombay 0.0038543642 176 0 245 27
dog-staffordshire_bull_terrier 0.0038244724 194 117 224 134
cat-Egyptian_Mau 0.0037948191 0 0 54 32
cat-Siamese 0.0037800968 5 0 126 66
dog-miniature_pinscher 0.00370726 0 57 9 114
dog-samoyed 0.0036928654 238 0 358 118
dog-english_cocker_spaniel 0.0035935938 81 94 297 291
bella 0.0035657287 127 175 159 205
dog-havanese 0.0035451353 0 98 303 393
cat-Bombay 0.0035243332 194 0 264 27
dog-staffordshire_bull_terrier 0.0034698844 130 174 163 206
cat-Bombay 0.003442973 0 1 100 38
dog-havanese 0.0034295917 240 358 266 372
cat-Bombay 0.0033766031 86 98 118 182
dog-leonberger 0.00336349 127 279 236 347
cat-Bengal 0.003324449 281 2 358 64
dog-english_cocker_spaniel 0.003275007 44 113 304 348
cat-Bengal 0.0032603443 295 0 353 34
dog-yorkshire_terrier 0.0032603443 251 0 358 142
cat-Birman 0.003235042 9 0 118 53
dog-great_pyrenees 0.003235042 238 0 358 118
cat-Abyssinian 0.003178835 0 21 289 312
cat-Bengal 0.0031603575 0 240 21 336
dog-miniature_pinscher 0.0031603575 0 29 10 80
bella 0.003148079 337 244 358 331
dog-english_cocker_spaniel 0.0031476915 0 9 288 333
dog-newfoundland 0.003120482 0 70 326 422
cat-Birman 0.0031115115 259 0 358 61
dog-leonberger 0.0030278265 228 358 253 373
dog-yorkshire_terrier 0.0030278265 9 0 173 86
cat-Ragdoll 0.003000915 0 21 289 312
cat-Bombay 0.0029926598 81 94 297 291
cat-Bombay 0.0029579103 212 0 283 27
cat-Bengal 0.0029121637 81 94 297 291
cat-Persian 0.0029008687 103 180 204 271
cat-Bombay 0.0028671622 104 0 174 27
cat-Bombay 0.0028449 12 0 88 30
cat-Bombay 0.0028449 231 0 302 28
cat-British_Shorthair 0.0028338432 177 116 204 129
dog-miniature_pinscher 0.0028338432 0 0 127 112
dog-basset_hound 0.0028259158 0 70 326 422
