cat-Persian 0.8563324 202 110 278 186
cat-Ragdoll 0.4795037 202 110 278 186
cat-Maine_Coon 0.26817408 202 110 278 186
dog-keeshond 0.13006425 202 110 278 186
dog-japanese_chin 0.06572467 202 110 278 186
cat-Bombay 0.05146277 193 0 328 29
dog-samoyed 0.043854564 199 110 277 187
cat-Birman 0.029201299 202 110 278 186
dog-yorkshire_terrier 0.027690262 141 0 318 36
cat-British_Shorthair 0.02585876 202 110 278 186
dog-keeshond 0.023916394 153 0 316 33
dog-scottish_terrier 0.023916394 172 0 331 36
dog-yorkshire_terrier 0.021246701 104 0 272 34
dog-keeshond 0.02048856 104 0 272 34
dog-leonberger 0.0204494 168 0 319 35
cat-Russian_Blue 0.020332366 168 0 319 35
dog-wheaten_terrier 0.01998514 202 110 276 184
dog-miniature_pinscher 0.019456565 172 0 331 36
dog-havanese 0.01809001 202 110 278 186
dog-newfoundland 0.01704532 183 0 320 35
dog-german_shorthaired 0.016785502 183 0 324 30
dog-chihuahua 0.016152829 141 0 318 36
dog-shiba_inu 0.015189052 141 0 318 36
dog-leonberger 0.014559507 66 0 225 29
cat-Bombay 0.013689488 153 0 316 33
cat-Bombay 0.013480097 354 165 500 333
cat-Bengal 0.013376594 210 0 360 27
dog-scottish_terrier 0.012920469 126 0 297 34
dog-keeshond 0.012624949 73 0 239 29
cat-Bengal 0.012241274 183 0 324 30
dog-american_pit_bull_terrier 0.012241274 141 0 318 36
dog-yorkshire_terrier 0.011915028 63 0 219 33
dog-leonberger 0.011777848 18 0 162 34
dog-yorkshire_terrier 0.011732459 199 0 352 37
dog-keeshond 0.011158019 193 0 328 29
dog-great_pyrenees 0.010735154 202 110 276 184
cat-British_Shorthair 0.010652512 168 0 319 35
dog-yorkshire_terrier 0.010248601 202 110 278 186
dog-keeshond 0.0098980665 39 0 189 33
cat-Egyptian_Mau 0.009821802 468 209 500 286
cat-Bombay 0.00963366 229 0 380 34
cat-Persian 0.009412587 73 0 239 29
dog-yorkshire_terrier 0.009340018 104 0 457 110
cat-Russian_Blue 0.00919655 200 0 342 28
dog-basset_hound 0.009090394 199 110 277 187
dog-leonberger 0.00895071 121 0 290 30
dog-pug 0.008847356 141 0 318 36
cat-Bengal 0.0087451935 400 0 433 8
dog-miniature_pinscher 0.008677721 112 1 305 37
dog-staffordshire_bull_terrier 0.008677721 204 111 273 146
dog-pomeranian 0.008644164 202 110 278 186
dog-staffordshire_bull_terrier 0.008610755 172 0 331 36
dog-miniature_pinscher 0.008511305 210 0 360 27
cat-Russian_Blue 0.008380443 354 165 500 333
dog-havanese 0.008380443 121 0 422 159
dog-havanese 0.008283615 63 0 219 33
dog-havanese 0.007999748 104 0 272 34
dog-samoyed 0.007999748 171 2 458 132
dog-pug 0.007815897 18 0 162 40
dog-chihuahua 0.007785648 104 0 272 34
dog-miniature_pinscher 0.007725537 377 7 496 51
dog-miniature_pinscher 0.0076658726 171 2 458 132
cat-Persian 0.0076362193 157 110 275 185
dog-havanese 0.0075187087 153 0 316 33
cat-Bombay 0.0074896216 104 0 272 34
dog-beagle 0.0074896216 382 0 412 8
dog-miniature_pinscher 0.007460654 219 1 384 39
dog-pug 0.007460654 58 0 223 38
dog-newfoundland 0.0070938766 126 0 297 34
dog-chihuahua 0.0070390403 199 0 352 37
dog-leonberger 0.0069576204 0 107 32 175
dog-american_pit_bull_terrier 0.0068770945 18 0 162 34
dog-german_shorthaired 0.0068770945 210 0 360 27
dog-shiba_inu 0.006771207 199 0 352 37
cat-Bengal 0.0066669285 354 165 500 333
cat-Bengal 0.0066411197 83 0 252 29
dog-keeshond 0.0065897703 18 0 162 40
dog-american_pit_bull_terrier 0.0065642595 199 0 352 37
dog-shiba_inu 0.006513506 18 0 162 40
dog-leonberger 0.0064882636 200 0 342 28
dog-leonberger 0.0064381063 36 0 191 38
cat-Bengal 0.0063883364 126 0 297 34
cat-Siamese 0.0063883364 2 0 137 35
cat-Bombay 0.006338924 218 0 353 25
cat-Bengal 0.0062898993 258 0 382 27
cat-Bombay 0.0062170923 462 103 498 153
dog-beagle 0.006192982 400 0 433 8
dog-yorkshire_terrier 0.00614509 229 0 380 34
dog-pug 0.006050408 104 0 272 34
cat-Bengal 0.0060269535 411 0 448 8
cat-Bengal 0.0059571564 214 0 315 22
dog-yorkshire_terrier 0.0058199465 36 0 191 38
cat-Birman 0.005797416 18 0 162 34
dog-japanese_chin 0.0057525337 326 143 381 167
dog-yorkshire_terrier 0.0057302415 169 10 500 194
dog-pug 0.0056858957 39 0 189 33
dog-scottish_terrier 0.0056638718 199 0 322 28
cat-Russian_Blue 0.0056200325 83 0 252 29
dog-english_cocker_spaniel 0.0055549145 232 230 293 256
cat-Birman 0.0055119395 126 0 297 34
