dog-pomeranian 0.9734434 66 76 190 187
dog-pomeranian 0.17217183 54 31 196 194
dog-great_pyrenees 0.044265866 62 67 189 186
dog-pug 0.030271858 0 0 93 34
dog-pomeranian 0.024845421 67 131 177 188
dog-samoyed 0.024516344 65 74 191 189
dog-japanese_chin 0.023825377 62 67 189 186
dog-havanese 0.02056709 54 31 196 194
dog-yorkshire_terrier 0.020100236 62 67 189 186
dog-chihuahua 0.017176718 62 67 189 186
dog-pomeranian 0.013664275 47 0 223 188
dog-american_pit_bull_terrier 0.00963366 0 0 111 34
dog-american_pit_bull_terrier 0.009268016 62 67 189 186
cat-Bombay 0.00912565 0 0 68 37
dog-samoyed 0.009069711 49 13 195 192
dog-chihuahua 0.008610755 0 0 111 34
dog-pomeranian 0.008604944 0 21 178 196
dog-havanese 0.008493513 3 0 212 201
cat-Siamese 0.0075187087 65 0 158 25
dog-havanese 0.0073458254 73 0 251 54
dog-german_shorthaired 0.007289082 0 47 47 114
dog-great_pyrenees 0.007247776 3 0 212 201
dog-keeshond 0.007191479 0 32 196 188
dog-german_shorthaired 0.0068770945 0 38 48 90
cat-Siamese 0.006771207 41 1 145 31
dog-leonberger 0.006718874 3 1 109 33
dog-german_shorthaired 0.0066411197 0 81 20 127
dog-yorkshire_terrier 0.0064381063 0 0 111 34
dog-samoyed 0.0064032376 51 57 227 225
cat-British_Shorthair 0.006265521 71 105 90 111
dog-yorkshire_terrier 0.006192982 220 19 300 138
dog-great_pyrenees 0.006147951 49 13 195 192
dog-staffordshire_bull_terrier 0.0060269535 0 0 93 34
dog-samoyed 0.00593552 0 49 192 225
dog-shiba_inu 0.005911082 0 0 111 34
dog-pug 0.0058425963 20 1 126 32
cat-Ragdoll 0.005797416 65 74 191 189
dog-american_pit_bull_terrier 0.0057302415 256 100 300 183
dog-boxer 0.0056858957 161 35 189 53
dog-yorkshire_terrier 0.0055119395 193 0 300 126
dog-great_pyrenees 0.005322844 0 0 179 186
dog-newfoundland 0.0053018928 0 83 20 132
dog-yorkshire_terrier 0.005281329 50 0 221 52
cat-Egyptian_Mau 0.005260855 142 70 166 80
dog-pug 0.0051797032 6 0 159 48
dog-pug 0.0051797032 62 67 189 186
dog-pomeranian 0.005099833 8 0 129 34
dog-yorkshire_terrier 0.004962951 49 0 274 68
dog-havanese 0.004938036 0 0 179 186
dog-miniature_pinscher 0.004924506 0 83 20 132
dog-boxer 0.00484854 0 32 48 81
dog-american_pit_bull_terrier 0.004792303 0 83 20 132
dog-havanese 0.004792303 42 3 260 102
dog-yorkshire_terrier 0.004773736 6 0 159 48
dog-boxer 0.0047000647 144 29 175 45
dog-samoyed 0.004663646 85 39 104 46
cat-Ragdoll 0.0045730174 0 0 179 186
dog-american_pit_bull_terrier 0.004485786 245 110 300 219
dog-yorkshire_terrier 0.004382342 140 0 286 51
dog-pomeranian 0.004368484 51 57 227 225
dog-staffordshire_bull_terrier 0.004297942 0 83 20 132
dog-wheaten_terrier 0.0042729974 0 0 179 186
dog-samoyed 0.00422287 3 0 212 201
dog-miniature_pinscher 0.0041987896 0 0 63 27
dog-miniature_pinscher 0.0041824877 0 0 77 38
dog-leonberger 0.0041755736 0 0 179 186
dog-leonberger 0.0041339695 248 80 300 158
dog-basset_hound 0.004117906 159 74 176 80
cat-Birman 0.004101932 100 0 151 11
dog-japanese_chin 0.004064858 0 0 179 186
dog-chihuahua 0.0040543377 209 33 300 174
dog-keeshond 0.0039785206 0 0 179 186
dog-leonberger 0.003976226 48 29 193 189
dog-great_pyrenees 0.0039607882 29 0 191 50
dog-japanese_chin 0.003906578 3 0 212 201
cat-Maine_Coon 0.0037948191 183 212 213 224
dog-american_pit_bull_terrier 0.003750801 0 0 77 38
dog-chihuahua 0.0037280023 0 32 196 188
cat-Abyssinian 0.0036928654 283 132 300 169
cat-Maine_Coon 0.0036785007 57 0 124 16
dog-shiba_inu 0.0036540031 0 32 196 188
dog-boxer 0.0036076307 144 35 175 50
dog-pomeranian 0.0036076307 42 3 260 102
cat-Egyptian_Mau 0.0035935938 151 71 172 80
cat-Siamese 0.0035935938 0 0 100 34
cat-Maine_Coon 0.0035813153 0 32 196 188
cat-Bombay 0.0035518706 108 0 160 12
cat-Siamese 0.0035518706 100 0 151 11
dog-american_pit_bull_terrier 0.003538072 102 0 255 34
dog-american_pit_bull_terrier 0.003538072 6 0 159 48
dog-boxer 0.003538072 152 30 181 46
dog-yorkshire_terrier 0.0035243332 0 139 19 193
cat-Bengal 0.0034970045 57 87 83 99
dog-scottish_terrier 0.0034970045 276 70 299 132
dog-yorkshire_terrier 0.0034745336 55 37 236 184
dog-boxer 0.0034564137 153 35 181 52
dog-keeshond 0.003442973 0 2 94 38
dog-wheaten_terrier 0.003403008 191 77 222 94
cat-Birman 0.0033897758 66 76 190 187
cat-Siamese 0.0033897758 92 0 193 24
