dog-pomeranian 0.9922445 84 11 152 90
dog-samoyed 0.15152934 193 89 293 230
cat-Ragdoll 0.054098696 84 12 152 89
dog-japanese_chin 0.043854564 83 11 151 90
dog-great_pyrenees 0.039713264 83 11 151 90
dog-samoyed 0.027901381 83 11 151 90
cat-Birman 0.027066171 84 11 152 90
dog-yorkshire_terrier 0.022414207 83 11 152 89
dog-samoyed 0.020100236 222 84 300 222
dog-keeshond 0.01784873 83 11 151 90
dog-newfoundland 0.016657054 247 48 300 141
dog-havanese 0.016215026 83 11 151 90
dog-newfoundland 0.01495707 276 61 299 119
dog-great_pyrenees 0.012383789 197 74 294 228
cat-Egyptian_Mau 0.012147158 221 139 300 236
dog-boxer 0.012053788 140 2 187 17
dog-pomeranian 0.011777848 222 84 300 222
dog-wheaten_terrier 0.011115015 197 74 294 228
dog-yorkshire_terrier 0.010248601 232 27 300 165
cat-Siamese 0.009936422 0 0 90 34
dog-boxer 0.00919655 140 0 185 13
cat-Bombay 0.008511305 163 0 214 13
dog-yorkshire_terrier 0.008511305 227 8 300 126
dog-boxer 0.00815624 134 3 171 18
cat-Persian 0.0077555478 83 11 151 90
dog-shiba_inu 0.007403016 193 89 293 230
cat-Siamese 0.0073458254 140 2 187 17
dog-pomeranian 0.007260859 231 47 300 192
dog-pomeranian 0.007204771 197 74 294 228
dog-havanese 0.006513506 231 47 300 192
cat-Maine_Coon 0.0064131618 193 89 293 230
cat-Siamese 0.006338924 140 0 185 13
cat-Abyssinian 0.006314367 140 0 185 13
dog-samoyed 0.0062170923 221 144 300 236
dog-leonberger 0.006050408 289 150 299 168
dog-great_pyrenees 0.0060035884 227 52 300 184
cat-Siamese 0.0059803426 134 3 171 18
cat-Abyssinian 0.005774915 134 3 171 18
dog-american_pit_bull_terrier 0.005708039 248 57 300 154
dog-japanese_chin 0.005708039 196 96 218 115
dog-newfoundland 0.005598247 277 54 298 103
cat-Ragdoll 0.005576551 250 158 300 234
dog-samoyed 0.0054692626 231 47 300 192
dog-leonberger 0.0053640604 197 101 218 124
dog-newfoundland 0.0053018928 238 63 295 155
dog-wheaten_terrier 0.0051998794 228 66 300 211
bella 0.005139619 1 129 20 165
dog-yorkshire_terrier 0.0050800443 228 66 300 211
dog-english_setter 0.005060345 1 129 20 165
dog-japanese_chin 0.004962951 203 96 224 115
cat-Bengal 0.0049135983 0 6 194 137
cat-Maine_Coon 0.00484854 174 0 297 47
cat-Ragdoll 0.0047000647 134 0 173 14
dog-pug 0.004663646 83 11 151 90
cat-Abyssinian 0.004645556 140 2 187 17
bella 0.004645556 2 140 19 199
dog-shiba_inu 0.004627526 103 4 152 22
cat-Bombay 0.004609585 163 0 242 16
bella 0.004573852 193 89 293 230
dog-leonberger 0.0045561194 277 60 299 110
dog-samoyed 0.00450328 210 128 300 236
dog-english_cocker_spaniel 0.0044510365 0 145 19 200
cat-Ragdoll 0.004399419 103 4 152 22
dog-pomeranian 0.004365325 54 15 153 103
dog-english_setter 0.0043483675 279 70 300 124
cat-Bombay 0.004231602 1 1 109 34
dog-japanese_chin 0.004231602 195 89 217 110
dog-leonberger 0.0041824877 83 11 151 90
dog-pomeranian 0.0041500926 209 0 300 140
dog-great_pyrenees 0.0041339695 222 84 300 222
bella 0.0041339695 1 28 21 84
cat-British_Shorthair 0.004101932 205 75 224 81
cat-Ragdoll 0.004101932 125 3 162 19
dog-american_pit_bull_terrier 0.0040543377 228 32 300 157
cat-Birman 0.004038602 88 7 186 83
cat-Bengal 0.003930092 99 145 149 169
dog-yorkshire_terrier 0.003930092 160 0 292 45
dog-leonberger 0.003899634 204 101 223 124
bella 0.003899634 1 123 21 154
cat-Ragdoll 0.0038844645 134 3 171 18
dog-pomeranian 0.0038394034 87 40 150 88
cat-Bengal 0.003806591 0 0 213 230
dog-great_pyrenees 0.0037540197 56 0 300 116
dog-english_setter 0.0037362278 1 123 21 154
dog-newfoundland 0.003721714 235 43 296 127
cat-Bombay 0.0036642253 148 0 198 12
dog-basset_hound 0.0036216974 0 141 19 195
dog-american_pit_bull_terrier 0.0036076307 257 48 300 135
cat-Ragdoll 0.0035935938 117 0 157 15
dog-pomeranian 0.0035935938 88 7 186 83
cat-Bengal 0.0035579503 0 0 175 100
dog-wheaten_terrier 0.0035518706 0 145 19 200
cat-Birman 0.0034698844 199 0 297 36
dog-chihuahua 0.0034564137 83 11 151 90
dog-japanese_chin 0.0034564137 202 91 226 109
dog-yorkshire_terrier 0.003442973 196 0 300 51
cat-Ragdoll 0.0034295917 193 89 293 230
dog-basset_hound 0.00341627 32 111 249 236
dog-pug 0.003403008 140 2 187 17
dog-pomeranian 0.0033897758 196 0 300 51
