dog-pomeranian 0.9947392 25 9 102 103
dog-yorkshire_terrier 0.055005282 26 11 102 105
dog-chihuahua 0.042882234 25 10 102 103
cat-Birman 0.038901985 25 10 102 103
dog-japanese_chin 0.03697756 25 10 102 103
dog-keeshond 0.035813183 26 11 102 105
dog-samoyed 0.019197434 25 12 101 104
dog-great_pyrenees 0.018689305 25 10 102 103
dog-havanese 0.017442495 133 44 253 111
cat-Ragdoll 0.01640305 25 10 102 103
dog-american_pit_bull_terrier 0.015306354 25 11 101 104
dog-havanese 0.0136368275 135 40 253 82
dog-wheaten_terrier 0.013222814 126 34 271 188
cat-Egyptian_Mau 0.011597365 0 157 18 209
dog-pomeranian 0.010652512 0 11 95 111
cat-Egyptian_Mau 0.010611415 279 152 300 207
cat-Siamese 0.009412587 25 10 102 103
dog-havanese 0.008644164 169 109 243 157
dog-pug 0.007968813 25 10 102 103
dog-leonberger 0.007460654 291 144 300 161
dog-havanese 0.0073458254 24 13 104 107
dog-yorkshire_terrier 0.0072327554 99 0 245 35
cat-Egyptian_Mau 0.0071985126 4 12 290 248
dog-pomeranian 0.007121414 21 56 86 102
cat-Bombay 0.0066154003 67 0 86 6
cat-Bengal 0.0062304437 0 33 300 248
cat-Bombay 0.006050408 183 0 271 18
cat-Bengal 0.005976945 0 9 219 248
dog-basset_hound 0.005911082 278 151 299 228
cat-Abyssinian 0.0054905713 261 120 300 184
dog-yorkshire_terrier 0.0054269433 217 2 300 39
dog-pug 0.005405903 0 0 90 103
cat-Egyptian_Mau 0.005281329 0 145 18 196
dog-american_pit_bull_terrier 0.005260855 258 44 300 144
cat-Egyptian_Mau 0.0051797032 277 148 299 222
dog-leonberger 0.005099833 206 149 235 202
dog-english_setter 0.005060345 258 44 300 144
cat-Maine_Coon 0.004924506 2 194 42 248
cat-Abyssinian 0.0049054027 291 144 300 161
cat-Sphynx 0.004645556 165 76 179 86
cat-Persian 0.004573852 194 40 246 61
cat-Egyptian_Mau 0.0045561194 0 170 19 224
dog-basset_hound 0.004538417 0 162 19 217
cat-Persian 0.0045284033 11 15 243 176
cat-Bengal 0.0044683814 192 0 275 18
cat-British_Shorthair 0.00437963 0 33 300 248
cat-Persian 0.004365325 2 194 42 248
cat-Bombay 0.0043483675 43 0 62 8
dog-yorkshire_terrier 0.004297942 0 12 100 140
cat-Bombay 0.0042480826 203 0 245 10
cat-Bengal 0.0041987896 86 113 297 248
dog-shiba_inu 0.0041500926 26 11 102 105
dog-leonberger 0.0041339695 292 137 300 157
dog-wheaten_terrier 0.0041339695 172 35 209 48
dog-japanese_chin 0.004101932 128 32 277 204
bella 0.004085988 1 156 17 210
dog-pomeranian 0.004070133 22 75 75 102
cat-Bombay 0.0040228963 58 0 79 6
cat-Persian 0.003976226 128 32 277 204
cat-Maine_Coon 0.0039607882 0 15 104 106
cat-Abyssinian 0.003914833 214 0 272 14
dog-yorkshire_terrier 0.0038844645 120 0 226 27
dog-havanese 0.0038244724 206 40 241 48
cat-Bombay 0.0038096309 73 0 96 6
cat-Sphynx 0.0037948191 166 79 179 90
dog-wheaten_terrier 0.0037948191 169 109 243 157
cat-Bengal 0.003793925 14 10 206 215
cat-Bombay 0.0037800968 127 0 224 22
dog-havanese 0.0037654042 128 32 277 204
cat-Bombay 0.0036642253 77 0 159 18
cat-Bombay 0.003635794 106 0 212 27
dog-wheaten_terrier 0.003635794 158 49 243 158
dog-keeshond 0.0036076307 0 0 90 103
dog-leonberger 0.0036076307 0 0 90 103
cat-Bengal 0.0035935938 205 0 265 14
cat-Bombay 0.0035796463 205 0 265 14
dog-basset_hound 0.0035537481 0 16 300 238
dog-yorkshire_terrier 0.0035518706 110 4 247 52
dog-pomeranian 0.003510654 261 120 300 184
dog-chihuahua 0.0034834146 261 120 300 184
dog-japanese_chin 0.0034564137 204 143 236 185
cat-Bombay 0.00336349 256 1 300 23
cat-Bombay 0.003324449 86 0 148 15
cat-Egyptian_Mau 0.003324449 0 131 18 185
cat-Abyssinian 0.0033115149 230 0 288 14
cat-Abyssinian 0.0032730699 192 0 275 18
cat-Bengal 0.0032476783 0 162 19 217
dog-yorkshire_terrier 0.0032476783 222 0 300 89
cat-Abyssinian 0.0032224953 281 140 300 179
dog-great_pyrenees 0.0032224953 0 0 90 103
cat-Maine_Coon 0.003204614 0 33 300 248
dog-yorkshire_terrier 0.0031850636 261 120 300 184
cat-Egyptian_Mau 0.0031726956 86 113 297 248
cat-Persian 0.0031726956 207 37 236 46
cat-Persian 0.0031301975 0 33 300 248
dog-leonberger 0.003123641 0 131 18 185
dog-miniature_pinscher 0.0031115115 217 2 300 39
dog-english_setter 0.0030994117 137 133 170 176
dog-basset_hound 0.0030753613 291 144 300 161
dog-shiba_inu 0.0030753613 265 135 300 207
