dog-pomeranian 0.9871292 59 22 172 170
cat-Abyssinian 0.71780384 28 0 66 39
cat-Egyptian_Mau 0.5195213 11 0 68 35
cat-Abyssinian 0.34422296 2 0 69 38
cat-Birman 0.22202468 60 23 172 170
cat-Bengal 0.13846177 11 0 68 35
cat-Ragdoll 0.11757213 27 0 66 38
dog-japanese_chin 0.06681234 59 22 173 170
dog-beagle 0.06325051 11 0 68 35
dog-yorkshire_terrier 0.06267437 59 22 173 170
dog-basset_hound 0.041075885 27 0 66 38
dog-keeshond 0.03746751 60 23 172 170
cat-Maine_Coon 0.037326872 11 0 68 35
cat-Russian_Blue 0.03371653 11 0 68 35
cat-Sphynx 0.030792177 2 0 69 38
dog-shiba_inu 0.029873103 11 0 68 35
dog-pomeranian 0.026912302 86 111 166 175
cat-Persian 0.023554325 60 22 172 171
cat-Egyptian_Mau 0.022286177 28 1 65 38
dog-basset_hound 0.021864563 2 0 69 38
dog-saint_bernard 0.020645916 28 0 66 39
cat-Ragdoll 0.02052778 60 22 172 171
dog-samoyed 0.019160718 11 0 68 35
dog-great_pyrenees 0.017644465 57 21 172 169
dog-samoyed 0.016215026 57 21 172 169
cat-Egyptian_Mau 0.015189052 25 0 78 33
cat-Egyptian_Mau 0.01495707 0 0 59 31
dog-yorkshire_terrier 0.013884395 0 0 180 190
cat-Abyssinian 0.013742328 0 0 59 31
cat-British_Shorthair 0.013222814 27 0 66 38
cat-Persian 0.0131828785 0 0 180 190
dog-yorkshire_terrier 0.012742907 69 3 218 183
dog-havanese 0.012532562 40 21 179 176
cat-Ragdoll 0.012479693 2 0 69 38
cat-Bengal 0.012147158 0 0 59 31
dog-japanese_chin 0.012053788 28 0 66 39
cat-Maine_Coon 0.011188537 69 3 218 183
dog-saint_bernard 0.010288298 11 0 67 33
cat-Bengal 0.010060936 0 0 180 190
bella 0.009708464 11 0 68 35
dog-japanese_chin 0.009412587 134 153 163 174
cat-Abyssinian 0.009340018 31 4 100 42
cat-Bombay 0.009127378 0 0 180 190
bella 0.008881688 0 29 16 91
cat-British_Shorthair 0.008478403 116 265 131 273
dog-beagle 0.008315772 0 0 59 31
dog-great_pyrenees 0.007937998 23 0 76 37
cat-British_Shorthair 0.007792026 0 0 180 190
dog-yorkshire_terrier 0.0076658726 155 4 218 45
dog-japanese_chin 0.0076362193 101 138 161 182
dog-havanese 0.0074164867 0 0 180 190
cat-Bengal 0.007403016 0 0 28 35
dog-miniature_pinscher 0.007374376 2 0 69 38
cat-Ragdoll 0.0071541965 0 0 180 190
dog-japanese_chin 0.006744981 68 106 126 157
cat-Bengal 0.0066669285 29 1 63 26
dog-keeshond 0.0066154003 86 111 166 175
dog-havanese 0.0064882636 86 111 166 175
cat-Bengal 0.0064631402 25 0 78 33
cat-Abyssinian 0.0064381063 29 1 63 26
dog-pomeranian 0.0064013004 69 3 218 183
dog-havanese 0.006338924 57 115 71 123
dog-japanese_chin 0.0060794353 0 0 180 190
dog-pug 0.00597769 0 0 180 190
dog-boxer 0.005911082 27 0 66 38
cat-Abyssinian 0.0058653355 15 0 83 43
cat-Bengal 0.0058199465 31 4 100 42
dog-beagle 0.005774915 25 0 78 33
cat-Persian 0.0057302415 71 214 97 236
cat-Egyptian_Mau 0.005576551 32 0 66 26
cat-Egyptian_Mau 0.0055549145 31 4 100 42
dog-scottish_terrier 0.0054038763 0 0 180 190
cat-Birman 0.005339235 0 0 180 190
dog-chihuahua 0.005286187 69 3 218 183
cat-Egyptian_Mau 0.005220115 0 0 28 35
dog-boxer 0.005060345 0 0 64 31
dog-yorkshire_terrier 0.005060345 156 5 218 84
cat-Siamese 0.004982263 27 0 66 38
dog-american_pit_bull_terrier 0.0049639344 69 3 218 183
cat-Ragdoll 0.004870862 69 3 218 183
dog-chihuahua 0.0048674047 57 21 172 169
dog-beagle 0.004792303 0 0 40 25
dog-chihuahua 0.004755199 2 0 69 38
cat-Maine_Coon 0.0046803653 0 0 180 190
cat-Maine_Coon 0.004645556 31 4 100 42
dog-shiba_inu 0.0045075417 69 3 218 183
cat-British_Shorthair 0.004433751 83 193 103 202
dog-pomeranian 0.004410863 0 0 180 190
cat-Egyptian_Mau 0.0043483675 0 0 60 54
cat-Siamese 0.0043254197 0 0 180 190
dog-yorkshire_terrier 0.004314691 86 111 166 175
dog-newfoundland 0.0042904913 0 0 180 190
dog-wheaten_terrier 0.0042812526 11 0 68 35
dog-shiba_inu 0.004275143 0 0 180 190
dog-leonberger 0.0041662455 39 89 55 116
dog-american_bulldog 0.004101932 57 21 172 169
dog-beagle 0.004070133 0 0 27 22
cat-Birman 0.0040251017 69 3 218 183
dog-english_cocker_spaniel 0.00400728 0 99 30 190
dog-yorkshire_terrier 0.003991723 175 0 218 34
