dog-pug 0.9966102 82 6 242 113
dog-boxer 0.11676401 82 6 242 113
dog-japanese_chin 0.0960255 82 6 242 113
cat-Birman 0.07599521 82 6 242 113
dog-pug 0.029224128 92 0 300 119
dog-boxer 0.027795702 92 0 300 119
cat-Siamese 0.02763772 83 7 241 113
cat-Siamese 0.02276051 92 0 300 119
dog-american_bulldog 0.020858258 79 8 250 117
dog-leonberger 0.017780393 82 5 242 111
cat-Siamese 0.01554364 0 0 85 22
dog-american_pit_bull_terrier 0.01554364 82 5 242 111
cat-British_Shorthair 0.015052885 79 8 250 117
dog-newfoundland 0.013325155 82 5 242 111
cat-Birman 0.01322636 92 0 300 119
dog-leonberger 0.013121277 269 0 299 47
dog-yorkshire_terrier 0.011597365 83 7 241 113
bella 0.011201203 1 41 21 86
dog-saint_bernard 0.010521352 79 8 250 117
bella 0.010408312 1 21 20 73
cat-Siamese 0.010248601 2 1 111 28
dog-saint_bernard 0.009559393 269 0 299 47
bella 0.009559393 0 109 19 160
dog-american_pit_bull_terrier 0.009495556 92 0 300 119
dog-newfoundland 0.008847356 269 1 299 52
cat-Sphynx 0.0085552335 79 8 250 117
dog-staffordshire_bull_terrier 0.008208811 92 0 300 119
bella 0.007999748 0 18 29 78
dog-pug 0.007959962 0 0 247 128
cat-British_Shorthair 0.0077569485 0 0 247 128
dog-american_bulldog 0.0076135993 0 0 249 137
cat-Bombay 0.0075220168 92 0 300 119
cat-Birman 0.0075187087 0 0 60 16
cat-Sphynx 0.0071989596 0 0 247 128
cat-British_Shorthair 0.0068770945 202 1 222 4
dog-chihuahua 0.0068378747 92 0 300 119
cat-Bengal 0.006716728 0 0 249 137
cat-Bombay 0.006679237 73 5 242 173
dog-havanese 0.0065642595 89 2 146 15
cat-Bombay 0.006241262 82 5 242 111
dog-japanese_chin 0.006204486 92 0 300 119
dog-yorkshire_terrier 0.00618577 92 0 300 119
dog-english_cocker_spaniel 0.006121278 0 124 19 169
cat-Siamese 0.0060035884 0 0 60 16
cat-British_Shorthair 0.0058653355 209 1 230 4
cat-Persian 0.005843669 0 0 249 137
cat-Abyssinian 0.0055598915 92 0 300 119
dog-keeshond 0.005476624 79 8 250 117
dog-boxer 0.0054692626 199 10 271 47
dog-shiba_inu 0.0054520667 0 0 249 137
cat-Bombay 0.005309105 0 0 247 128
dog-basset_hound 0.0053018928 1 130 17 175
dog-great_pyrenees 0.005009979 92 0 300 119
dog-pug 0.0049436986 94 48 236 113
cat-Siamese 0.0048604608 0 0 247 128
cat-Persian 0.0048556924 92 0 300 119
cat-Birman 0.00484854 5 0 101 23
dog-japanese_chin 0.004781246 0 0 247 128
bella 0.004755199 1 130 17 175
dog-saint_bernard 0.0047350824 0 0 249 137
cat-British_Shorthair 0.004663646 217 1 238 5
cat-Bombay 0.004609585 0 0 49 16
cat-British_Shorthair 0.0045916736 194 0 214 4
cat-Russian_Blue 0.0045508444 79 8 250 117
cat-Persian 0.0045208335 88 0 238 108
cat-British_Shorthair 0.004485786 66 1 89 5
dog-german_shorthaired 0.004485786 66 1 89 5
dog-great_pyrenees 0.0044253767 0 0 249 137
cat-Ragdoll 0.00435248 0 0 247 128
cat-Bombay 0.0043314993 202 1 222 4
dog-wheaten_terrier 0.0043046772 0 0 249 137
dog-staffordshire_bull_terrier 0.004264623 178 70 201 80
dog-english_cocker_spaniel 0.004262358 0 0 249 137
dog-boxer 0.004233539 0 0 247 128
cat-Ragdoll 0.0042013824 92 0 300 119
dog-basset_hound 0.0041339695 0 118 19 164
dog-staffordshire_bull_terrier 0.0041309893 77 7 243 115
cat-Bengal 0.004101932 0 169 61 201
cat-British_Shorthair 0.004101932 153 1 173 5
dog-miniature_pinscher 0.004101932 92 0 300 119
cat-British_Shorthair 0.004038602 74 1 97 5
dog-boxer 0.004038602 225 4 299 36
cat-British_Shorthair 0.004026085 0 0 221 98
cat-Bengal 0.00400728 0 144 19 188
dog-german_shorthaired 0.00400728 74 1 97 5
dog-english_setter 0.003914833 67 121 94 154
cat-Birman 0.003906429 0 0 249 137
cat-British_Shorthair 0.0038543642 187 0 206 4
dog-havanese 0.0038309097 79 8 250 117
dog-english_cocker_spaniel 0.0038244724 0 139 18 182
cat-British_Shorthair 0.0038143396 93 18 300 150
dog-german_shorthaired 0.0038096309 58 1 81 5
cat-British_Shorthair 0.0037948191 58 1 81 5
dog-english_cocker_spaniel 0.0037800968 0 109 19 160
dog-newfoundland 0.0037423074 0 0 249 137
cat-Bombay 0.0037362278 194 0 214 4
dog-basset_hound 0.0036928654 0 139 18 182
cat-Egyptian_Mau 0.003617853 0 0 249 137
dog-basset_hound 0.0036076307 274 13 299 72
dog-havanese 0.0035935938 99 0 149 11
