dog-pug 0.99858415 78 39 241 174
dog-newfoundland 0.12210387 78 39 241 174
dog-yorkshire_terrier 0.09551805 78 39 241 174
dog-american_pit_bull_terrier 0.07043162 78 39 241 174
cat-Bengal 0.021368891 0 175 84 225
dog-pug 0.01878205 0 18 249 200
dog-japanese_chin 0.017712295 78 39 241 173
dog-boxer 0.016785502 78 39 241 173
dog-american_pit_bull_terrier 0.016739517 66 47 244 225
dog-staffordshire_bull_terrier 0.01665175 79 36 235 176
dog-staffordshire_bull_terrier 0.015378237 66 47 244 225
cat-Bombay 0.014287621 79 41 240 174
dog-newfoundland 0.014273763 0 18 249 200
cat-Egyptian_Mau 0.014117897 281 58 300 107
dog-pug 0.011697888 97 34 300 180
dog-havanese 0.011361033 79 41 240 174
dog-basset_hound 0.011072159 281 58 299 117
bella 0.010944575 281 69 298 124
dog-leonberger 0.010860324 78 39 241 173
dog-pug 0.009867519 66 47 244 225
dog-staffordshire_bull_terrier 0.009364456 97 34 300 180
cat-Egyptian_Mau 0.00912565 281 45 300 96
dog-english_cocker_spaniel 0.00842014 0 18 249 200
cat-Bombay 0.007760644 0 18 249 200
dog-basset_hound 0.007695645 280 21 299 79
dog-boxer 0.007578492 66 47 244 225
dog-staffordshire_bull_terrier 0.0075772405 147 126 167 138
dog-yorkshire_terrier 0.007572353 0 18 249 200
cat-Birman 0.007289082 77 39 242 173
cat-Siamese 0.0064154565 97 34 300 180
dog-wheaten_terrier 0.0063883364 160 0 183 5
dog-american_bulldog 0.006240934 0 18 249 200
cat-Bombay 0.006192982 174 0 268 17
dog-boxer 0.0061924756 0 18 249 200
dog-miniature_pinscher 0.006178975 66 47 244 225
cat-Bombay 0.006121278 49 0 140 16
dog-newfoundland 0.005979091 66 47 244 225
cat-British_Shorthair 0.005893618 0 36 247 190
dog-yorkshire_terrier 0.0057159364 97 34 300 180
cat-Egyptian_Mau 0.005708039 283 70 300 115
dog-miniature_pinscher 0.005708039 0 0 107 53
bella 0.0056858957 0 133 20 183
cat-Egyptian_Mau 0.0056638718 220 142 300 225
cat-Bombay 0.005619675 97 34 300 180
cat-Egyptian_Mau 0.005598247 194 158 300 225
cat-Bengal 0.005448371 0 18 249 200
cat-Egyptian_Mau 0.005260855 0 34 18 85
dog-staffordshire_bull_terrier 0.005260855 121 104 144 117
dog-havanese 0.0052404404 135 0 167 6
bella 0.0052404404 283 86 300 131
cat-British_Shorthair 0.005225718 83 41 249 176
dog-great_pyrenees 0.0049166977 0 18 249 200
bella 0.0049054027 281 87 298 143
cat-Maine_Coon 0.0048674047 184 0 216 7
cat-Siamese 0.0048172176 66 47 244 225
dog-american_pit_bull_terrier 0.0048130453 97 34 300 180
cat-Maine_Coon 0.004810989 168 0 195 7
dog-american_pit_bull_terrier 0.0048104525 0 18 249 200
dog-staffordshire_bull_terrier 0.004792303 125 101 145 114
dog-shiba_inu 0.0047866106 0 18 249 200
cat-Sphynx 0.0047172606 0 36 247 190
dog-miniature_pinscher 0.004649937 0 18 249 200
dog-newfoundland 0.004645556 171 41 238 112
cat-Maine_Coon 0.004627526 216 0 252 9
dog-basset_hound 0.0045916736 281 75 298 130
cat-Persian 0.0045413673 0 18 249 200
dog-german_shorthaired 0.0044707954 66 47 244 225
cat-Maine_Coon 0.0044510365 191 0 225 7
dog-german_shorthaired 0.0044323206 79 36 235 176
cat-Bombay 0.004416555 25 0 115 15
bella 0.004399419 283 104 300 149
dog-wheaten_terrier 0.004382342 151 0 175 5
cat-Siamese 0.0043203235 0 36 247 190
bella 0.004314691 281 112 298 171
dog-great_pyrenees 0.004297942 112 36 165 50
dog-wheaten_terrier 0.004231602 142 0 169 5
dog-wheaten_terrier 0.0041662455 167 0 190 6
cat-Bombay 0.0041500926 251 1 295 19
cat-Birman 0.004102111 94 5 300 162
dog-wheaten_terrier 0.004038602 110 35 157 49
dog-staffordshire_bull_terrier 0.0040228963 117 100 140 115
dog-wheaten_terrier 0.0040228963 82 39 117 56
dog-yorkshire_terrier 0.00399065 66 47 244 225
dog-basset_hound 0.0039607882 281 32 300 82
dog-staffordshire_bull_terrier 0.0039607882 146 129 167 141
cat-Bengal 0.0039454103 194 158 300 225
cat-Egyptian_Mau 0.0039454103 284 153 300 193
cat-Bengal 0.003899634 277 0 299 41
cat-Egyptian_Mau 0.0038844645 0 141 19 188
dog-miniature_pinscher 0.0038166344 79 36 235 176
cat-Siamese 0.0037800968 78 39 241 173
cat-Siamese 0.0037654042 208 1 298 34
dog-havanese 0.0037614703 0 18 249 200
dog-saint_bernard 0.0037080646 0 18 249 200
dog-japanese_chin 0.0036216974 221 49 239 56
bella 0.0036216974 280 21 299 79
dog-american_bulldog 0.0035746992 83 41 249 176
dog-wheaten_terrier 0.003538072 131 0 164 6
bella 0.003538072 1 63 42 144
dog-leonberger 0.0035243332 160 0 183 5
