dog-pug 0.9854964 54 56 176 151
cat-Birman 0.29910517 54 56 176 151
dog-japanese_chin 0.1347759 54 56 176 151
dog-boxer 0.0960255 54 56 176 151
cat-Siamese 0.08803314 54 56 176 151
cat-Bombay 0.08449274 54 56 176 151
cat-British_Shorthair 0.080501914 54 56 176 151
dog-yorkshire_terrier 0.04161781 55 54 175 153
cat-Egyptian_Mau 0.036220074 204 227 225 300
dog-newfoundland 0.0324668 54 56 176 151
dog-chihuahua 0.0204494 54 56 176 151
dog-boxer 0.019345105 127 59 174 138
dog-american_pit_bull_terrier 0.016914904 54 56 176 151
dog-shiba_inu 0.014785409 55 54 175 153
cat-Siamese 0.014227033 151 0 206 34
cat-Persian 0.010902375 168 0 200 12
dog-boxer 0.010169655 147 0 225 42
dog-american_bulldog 0.0098980665 55 54 175 153
dog-pomeranian 0.009340018 55 54 175 153
cat-Persian 0.009303957 54 56 176 151
dog-german_shorthaired 0.0087791085 154 60 174 103
dog-leonberger 0.008711398 55 54 175 153
dog-american_pit_bull_terrier 0.008348048 174 0 225 45
dog-great_pyrenees 0.007907301 55 54 175 153
cat-Siamese 0.0075187087 126 63 174 145
cat-Egyptian_Mau 0.007260859 0 41 11 88
dog-keeshond 0.0070390403 55 54 175 153
cat-Birman 0.006538838 152 0 208 29
dog-pug 0.006513506 52 56 124 144
dog-american_pit_bull_terrier 0.005708039 181 0 225 35
cat-Sphynx 0.0053640604 127 59 174 138
dog-basset_hound 0.005152285 15 37 192 300
dog-keeshond 0.004982263 0 252 48 300
cat-British_Shorthair 0.004885435 0 21 171 193
cat-Siamese 0.00484854 147 0 225 42
dog-scottish_terrier 0.004810989 60 55 177 146
dog-boxer 0.004755199 148 62 174 109
dog-pug 0.0047367513 56 77 143 150
cat-Russian_Blue 0.004627526 217 2 225 23
cat-Bengal 0.004609585 148 62 174 109
dog-staffordshire_bull_terrier 0.0045916736 54 56 176 151
cat-Abyssinian 0.0045561194 216 55 225 85
cat-Egyptian_Mau 0.0045561194 0 176 15 233
cat-Russian_Blue 0.0044683814 55 54 175 153
dog-japanese_chin 0.0044683814 112 156 121 174
cat-Birman 0.0044510365 78 58 173 130
cat-Egyptian_Mau 0.004433751 191 199 225 299
cat-Sphynx 0.0043483675 55 54 175 153
dog-basset_hound 0.0043314993 197 246 217 261
dog-japanese_chin 0.004297942 115 156 124 173
cat-Ragdoll 0.0041662455 127 59 174 138
dog-boxer 0.0041635334 0 59 175 254
cat-Persian 0.0041339695 0 230 101 300
dog-chihuahua 0.0041339695 213 7 225 57
cat-Egyptian_Mau 0.004101932 0 52 11 101
dog-basset_hound 0.0039454103 189 46 202 55
cat-Bengal 0.0037362278 0 179 15 236
dog-german_shorthaired 0.0036785007 0 51 8 72
dog-shiba_inu 0.0036785007 213 184 225 233
dog-boxer 0.0036467016 41 41 171 287
dog-american_pit_bull_terrier 0.0036216974 143 0 225 76
dog-american_pit_bull_terrier 0.003538072 127 59 174 138
cat-Sphynx 0.0034694672 0 21 171 193
dog-havanese 0.0034564137 55 54 175 153
cat-British_Shorthair 0.0034418702 0 0 154 146
cat-Siamese 0.0034295917 133 0 216 35
dog-keeshond 0.0034295917 0 230 101 300
dog-staffordshire_bull_terrier 0.00341627 127 59 174 138
cat-Bombay 0.003403008 147 0 207 29
dog-pug 0.0033791065 0 21 171 193
cat-Egyptian_Mau 0.0033766031 213 184 225 233
dog-great_pyrenees 0.00336349 181 174 209 193
dog-american_bulldog 0.0033598244 0 42 192 270
cat-Egyptian_Mau 0.003337413 209 219 225 281
dog-japanese_chin 0.003324449 110 153 118 170
dog-japanese_chin 0.0033115149 107 154 116 171
cat-Birman 0.0032895207 77 0 225 153
cat-Bombay 0.0032858253 213 0 225 14
cat-Egyptian_Mau 0.0032730699 0 205 15 256
cat-Egyptian_Mau 0.0032730699 208 251 225 298
cat-Egyptian_Mau 0.0032476783 2 0 52 43
dog-beagle 0.0032476783 154 60 174 103
dog-boxer 0.003242612 70 16 225 184
cat-Persian 0.0032344162 0 0 154 146
dog-pug 0.0032224953 127 59 174 138
dog-german_shorthaired 0.0032099485 54 56 176 151
cat-Bombay 0.0031984746 0 0 154 146
cat-Abyssinian 0.0031974912 217 51 224 76
bella 0.0031850636 211 149 225 188
cat-Egyptian_Mau 0.0031726956 213 175 225 219
cat-Siamese 0.0031609833 70 16 225 184
cat-Bengal 0.0031577349 0 21 171 193
cat-Maine_Coon 0.003148079 185 0 217 17
cat-Russian_Blue 0.0031115115 144 0 220 35
cat-Bengal 0.003011316 0 0 154 146
cat-Birman 0.0029926598 144 0 220 35
dog-leonberger 0.0029749274 15 37 192 300
dog-miniature_pinscher 0.0029464066 53 65 69 113
cat-British_Shorthair 0.0029349625 36 0 57 8
cat-Egyptian_Mau 0.0029349625 217 2 225 23
