dog-pug 0.98365986 93 151 265 284
dog-yorkshire_terrier 0.21076629 93 151 265 284
dog-newfoundland 0.1999321 93 151 265 284
cat-Birman 0.13206613 96 156 264 284
dog-japanese_chin 0.10034841 93 151 265 284
cat-Bombay 0.075858176 96 156 264 284
cat-Siamese 0.05572027 96 156 264 284
dog-chihuahua 0.052037835 96 156 264 284
cat-British_Shorthair 0.044847906 97 155 262 285
dog-american_pit_bull_terrier 0.041384727 96 156 264 284
dog-boxer 0.035277545 97 155 262 285
dog-staffordshire_bull_terrier 0.018369645 97 155 262 285
dog-leonberger 0.017712295 93 151 265 284
dog-keeshond 0.016785502 97 155 262 285
dog-american_bulldog 0.01554364 97 155 262 285
bella 0.014615655 0 276 92 500
dog-leonberger 0.012383789 348 176 374 302
cat-Siamese 0.011508137 13 0 127 63
dog-havanese 0.011375606 93 149 262 284
cat-Persian 0.010448635 97 155 262 285
dog-pomeranian 0.00985986 94 156 265 283
dog-english_cocker_spaniel 0.006771207 350 218 374 348
dog-japanese_chin 0.006338924 348 176 374 302
dog-pug 0.0062170923 164 151 261 274
cat-Bombay 0.0061689913 95 0 186 38
cat-Sphynx 0.00614509 13 0 127 63
dog-english_cocker_spaniel 0.0060269535 0 59 23 174
dog-pug 0.005576551 84 80 269 300
dog-scottish_terrier 0.005533397 93 151 264 283
dog-chihuahua 0.005405903 364 203 375 241
cat-Russian_Blue 0.005099833 97 155 262 285
dog-japanese_chin 0.005060345 352 173 375 273
cat-Bombay 0.0049054027 95 0 165 30
dog-japanese_chin 0.0049054027 294 157 327 196
dog-boxer 0.0048674047 12 0 122 53
dog-pomeranian 0.0046818256 69 0 326 192
dog-leonberger 0.004627526 293 186 317 250
cat-Abyssinian 0.004573852 12 0 122 53
dog-leonberger 0.0045208335 341 167 372 283
cat-Russian_Blue 0.004485786 0 427 84 500
dog-saint_bernard 0.004485786 348 176 374 302
dog-japanese_chin 0.0044683814 285 156 319 200
dog-yorkshire_terrier 0.004433751 239 0 375 116
dog-pomeranian 0.004411787 118 0 375 268
cat-Bombay 0.0043483675 13 0 127 63
dog-great_pyrenees 0.0042751133 118 0 375 268
dog-chihuahua 0.0042480826 364 215 375 254
dog-great_pyrenees 0.0042480826 96 154 256 287
dog-saint_bernard 0.0041987896 341 167 372 283
cat-Bombay 0.0041824877 252 2 375 83
dog-boxer 0.004085988 164 151 261 274
cat-Birman 0.0040543377 89 150 207 279
dog-leonberger 0.0040228963 350 160 372 261
dog-japanese_chin 0.00400728 364 171 374 206
dog-pug 0.003930092 47 38 131 209
dog-american_pit_bull_terrier 0.0038543642 239 0 375 116
dog-american_pit_bull_terrier 0.00370726 164 151 261 274
cat-Abyssinian 0.0036499798 355 168 375 249
dog-japanese_chin 0.0036499798 324 166 348 179
cat-Bombay 0.0036216974 278 0 354 29
dog-german_shorthaired 0.0036216974 96 156 264 284
bella 0.0036216974 2 237 21 350
dog-miniature_pinscher 0.0035796463 96 151 266 284
dog-chihuahua 0.003538072 365 190 375 227
cat-Abyssinian 0.0035243332 96 154 256 287
cat-Bombay 0.003510654 242 0 367 58
dog-newfoundland 0.0034834146 0 48 23 163
dog-basset_hound 0.0033897758 349 198 374 329
dog-american_pit_bull_terrier 0.0033766031 89 150 207 279
dog-wheaten_terrier 0.0033504367 0 48 23 163
dog-american_bulldog 0.0033453703 0 1 270 313
dog-german_shorthaired 0.003324449 229 154 261 218
dog-boxer 0.0032858253 250 167 289 209
cat-Bombay 0.0032730699 18 0 119 43
dog-basset_hound 0.003235042 0 248 22 361
dog-basset_hound 0.0031974912 333 290 375 437
dog-english_cocker_spaniel 0.0031974912 0 260 22 374
dog-staffordshire_bull_terrier 0.0031974912 162 152 190 177
cat-Sphynx 0.003148079 96 154 256 287
cat-British_Shorthair 0.003123641 89 150 207 279
cat-Siamese 0.003123641 269 0 345 28
cat-Siamese 0.003123641 0 0 96 56
dog-basset_hound 0.0030994117 342 353 375 488
cat-Bengal 0.0030634105 322 359 375 493
cat-Sphynx 0.0030283332 0 1 270 313
dog-american_bulldog 0.0030278265 89 150 207 279
dog-leonberger 0.0030043423 364 354 375 390
dog-staffordshire_bull_terrier 0.002981037 171 152 197 178
cat-Sphynx 0.002962917 0 103 278 378
dog-havanese 0.0029579103 265 327 287 340
dog-havanese 0.0029121637 276 129 296 152
dog-staffordshire_bull_terrier 0.0029008687 180 153 204 178
bella 0.0028338432 350 219 373 346
dog-basset_hound 0.0028009415 0 189 23 299
cat-Bombay 0.0027900338 89 150 207 279
dog-boxer 0.0027900338 212 396 264 429
dog-miniature_pinscher 0.0027900338 239 0 375 116
dog-miniature_pinscher 0.0027791858 252 2 375 83
dog-japanese_chin 0.0027683973 284 141 320 189
cat-Bengal 0.0027362108 62 0 128 27
