dog-pug 0.7848578 68 2 291 199
dog-american_pit_bull_terrier 0.58385086 68 2 291 199
dog-staffordshire_bull_terrier 0.33355582 68 2 291 199
dog-newfoundland 0.14972574 66 3 291 199
dog-miniature_pinscher 0.05629149 66 2 290 200
dog-boxer 0.052232683 68 2 291 199
cat-Bombay 0.043646783 68 2 291 199
dog-scottish_terrier 0.031202823 69 5 287 202
dog-german_shorthaired 0.019346178 68 2 291 199
dog-chihuahua 0.015294641 66 2 290 200
dog-yorkshire_terrier 0.013575733 68 2 291 199
dog-american_pit_bull_terrier 0.012625635 103 0 300 176
dog-pug 0.011140019 103 0 300 176
dog-leonberger 0.010825217 45 3 284 222
dog-staffordshire_bull_terrier 0.010735154 146 107 168 115
dog-boxer 0.010693759 248 38 291 110
cat-Maine_Coon 0.009303957 79 0 102 8
dog-newfoundland 0.008677721 177 18 287 148
dog-english_cocker_spaniel 0.008462518 0 9 298 202
cat-Bombay 0.008380443 177 18 287 148
cat-Abyssinian 0.007968813 33 0 64 9
cat-Bengal 0.0077555478 73 40 102 100
bella 0.0077555478 280 121 299 181
dog-havanese 0.007728249 70 0 300 196
cat-Egyptian_Mau 0.007460654 0 143 18 194
cat-Ragdoll 0.007460654 0 139 18 188
dog-keeshond 0.007403016 0 184 60 222
dog-shiba_inu 0.007374376 61 0 83 8
dog-keeshond 0.0071491003 186 10 286 127
dog-leonberger 0.007066399 0 139 18 188
cat-Bengal 0.007039696 0 9 298 202
dog-shiba_inu 0.0069312453 0 9 298 202
dog-yorkshire_terrier 0.006929636 103 0 300 176
cat-Siamese 0.0066928566 218 1 267 16
dog-leonberger 0.0065642595 0 128 18 175
dog-american_bulldog 0.0062660277 0 9 298 202
cat-Maine_Coon 0.0062170923 93 0 123 8
cat-Siamese 0.0061689913 292 101 300 119
cat-Siamese 0.006050408 26 0 52 10
dog-american_pit_bull_terrier 0.0058653355 228 0 300 80
dog-havanese 0.0058199465 186 10 286 127
dog-staffordshire_bull_terrier 0.0057525337 147 109 167 118
dog-german_shorthaired 0.0056638718 186 10 286 127
dog-staffordshire_bull_terrier 0.0056200325 201 90 219 99
dog-pomeranian 0.0055119395 0 121 19 167
dog-yorkshire_terrier 0.0055119395 186 10 286 127
dog-miniature_pinscher 0.0054905713 65 13 214 167
bella 0.0054905713 283 135 300 180
dog-staffordshire_bull_terrier 0.0054269433 178 92 197 103
dog-yorkshire_terrier 0.0053432584 206 11 300 109
dog-havanese 0.0053212047 103 0 300 176
dog-pug 0.005260855 168 1 195 8
dog-staffordshire_bull_terrier 0.0052416325 103 0 300 176
cat-Maine_Coon 0.005220115 28 0 56 9
dog-yorkshire_terrier 0.005220115 0 121 19 167
dog-scottish_terrier 0.0051596165 0 93 18 142
dog-staffordshire_bull_terrier 0.0051596165 186 10 286 127
dog-yorkshire_terrier 0.005060345 228 0 300 80
dog-great_pyrenees 0.0050439835 0 9 298 202
cat-Siamese 0.005040705 292 173 300 191
dog-basset_hound 0.005040705 0 143 18 194
cat-Ragdoll 0.0049054027 0 128 18 175
dog-scottish_terrier 0.0049054027 0 109 18 153
dog-miniature_pinscher 0.0048784018 0 30 278 188
cat-Siamese 0.0048674047 292 106 300 124
dog-keeshond 0.00484854 68 7 282 167
dog-keeshond 0.004755199 0 121 19 167
dog-shiba_inu 0.004755199 144 4 207 34
cat-Bengal 0.0047000647 0 121 19 167
dog-chihuahua 0.0046952665 103 0 300 176
cat-Birman 0.0046818256 0 139 18 188
cat-Maine_Coon 0.0046818256 0 143 18 194
cat-Russian_Blue 0.004663646 0 139 18 188
dog-miniature_pinscher 0.0046488643 103 0 300 176
dog-american_pit_bull_terrier 0.004609585 282 15 300 51
cat-Siamese 0.0045916736 212 0 259 13
cat-Siamese 0.004573852 292 167 300 185
cat-Siamese 0.0045532584 0 9 298 202
dog-english_cocker_spaniel 0.00450328 68 7 282 167
cat-Bengal 0.0044683814 0 44 19 83
dog-shiba_inu 0.004433751 70 0 91 8
bella 0.004416555 278 99 299 161
cat-Bengal 0.004399419 0 93 18 142
cat-Siamese 0.004399419 292 112 300 130
cat-Russian_Blue 0.004382342 0 115 18 159
cat-Birman 0.0043767095 45 3 284 222
dog-newfoundland 0.004365325 102 125 246 194
dog-chihuahua 0.0043314993 0 121 19 167
dog-leonberger 0.0043314993 0 115 18 159
cat-Egyptian_Mau 0.004297942 0 89 18 137
cat-Egyptian_Mau 0.004297942 0 121 19 167
dog-great_pyrenees 0.0042812526 163 3 223 32
dog-havanese 0.0042812526 228 0 300 80
cat-Abyssinian 0.004231602 73 53 102 100
dog-basset_hound 0.004215151 0 37 19 78
dog-scottish_terrier 0.004215151 177 18 287 148
cat-Persian 0.0041824877 177 18 287 148
dog-yorkshire_terrier 0.004149556 0 0 291 179
dog-samoyed 0.004117906 0 143 18 194
dog-scottish_terrier 0.004117906 78 6 263 104
