cat-Ragdoll 0.97548366 100 1 225 132
dog-pomeranian 0.20561504 99 0 224 132
cat-Maine_Coon 0.15921742 99 0 224 132
cat-Birman 0.103205055 98 0 226 131
dog-samoyed 0.08882028 100 1 226 131
cat-Abyssinian 0.07030386 99 0 224 132
cat-Persian 0.060863435 99 0 224 132
dog-great_pyrenees 0.0563401 99 0 224 132
dog-japanese_chin 0.043365806 100 1 224 133
cat-Egyptian_Mau 0.030043364 98 0 226 131
cat-Siamese 0.027480692 98 0 226 131
dog-keeshond 0.025083154 98 0 226 131
dog-american_bulldog 0.01897803 99 0 224 132
dog-shiba_inu 0.011732459 98 0 226 131
dog-basset_hound 0.010529697 98 0 226 131
dog-havanese 0.009915292 49 9 500 217
cat-Birman 0.009522498 356 0 499 34
cat-Egyptian_Mau 0.009485722 0 0 29 11
dog-basset_hound 0.009196192 11 27 325 304
cat-Russian_Blue 0.00891614 98 0 226 131
cat-British_Shorthair 0.008577496 98 0 226 131
dog-basset_hound 0.008348048 0 79 42 155
dog-leonberger 0.008315772 352 95 500 275
dog-havanese 0.008110583 121 0 500 157
dog-basset_hound 0.007876694 1 207 35 265
dog-english_cocker_spaniel 0.007846236 0 169 35 232
dog-havanese 0.0077555478 346 0 500 167
dog-yorkshire_terrier 0.0070938766 336 0 500 68
dog-saint_bernard 0.006930679 99 0 224 132
cat-Bombay 0.0066154003 252 0 413 23
dog-yorkshire_terrier 0.0066154003 241 0 483 42
bella 0.0065642595 0 158 39 222
dog-american_pit_bull_terrier 0.0063635707 352 95 500 275
dog-wheaten_terrier 0.0062898993 0 169 35 232
dog-newfoundland 0.006265521 0 169 35 232
dog-great_pyrenees 0.0061551332 77 0 500 156
dog-pomeranian 0.005911082 267 0 497 43
bella 0.005797416 98 0 226 131
dog-basset_hound 0.0057525337 0 102 69 198
dog-japanese_chin 0.0056858957 82 233 118 242
cat-Maine_Coon 0.005533397 129 212 162 221
dog-havanese 0.0055119395 368 46 500 218
dog-yorkshire_terrier 0.0054905713 346 0 500 167
cat-Ragdoll 0.005384952 113 5 359 110
dog-yorkshire_terrier 0.005281329 289 2 483 59
dog-pomeranian 0.005139619 238 1 446 57
dog-pomeranian 0.004982263 318 1 495 61
dog-basset_hound 0.004962951 0 80 56 169
cat-Bengal 0.0049436986 0 169 35 232
dog-basset_hound 0.0047000647 0 80 33 141
cat-Bengal 0.004573852 0 115 61 232
dog-basset_hound 0.00450328 2 199 31 246
cat-Persian 0.0044683814 454 0 499 56
cat-Egyptian_Mau 0.004433751 57 239 268 304
dog-german_shorthaired 0.004433751 0 180 33 239
cat-Russian_Blue 0.004399419 299 0 459 23
dog-beagle 0.0043483675 99 0 224 132
dog-basset_hound 0.004314691 0 186 81 300
dog-samoyed 0.004297942 318 1 495 61
cat-Bengal 0.003991723 0 106 56 198
cat-Persian 0.0039607882 215 0 500 72
dog-basset_hound 0.0039454103 0 204 27 253
dog-yorkshire_terrier 0.0039454103 215 0 500 72
cat-Birman 0.0038244724 227 0 408 32
cat-Siamese 0.0037800968 198 0 384 32
dog-yorkshire_terrier 0.0037654042 303 0 500 84
cat-Bengal 0.003750801 0 206 32 267
dog-beagle 0.0037362278 136 1 162 8
dog-shiba_inu 0.00370726 414 11 454 27
dog-yorkshire_terrier 0.0036928654 377 0 500 91
cat-Ragdoll 0.0036216974 123 0 151 8
dog-boxer 0.0035796463 213 50 265 70
cat-Persian 0.0035657287 356 0 499 34
dog-havanese 0.0035657287 215 0 500 72
cat-Egyptian_Mau 0.003538072 0 160 37 223
dog-newfoundland 0.003538072 0 190 32 243
cat-Egyptian_Mau 0.003510654 0 206 32 267
cat-Birman 0.0034970045 299 0 474 32
dog-basset_hound 0.0034834146 407 195 500 302
dog-basset_hound 0.0034834146 0 123 162 304
dog-english_setter 0.0034564137 444 167 500 250
dog-pomeranian 0.003442973 439 11 500 85
dog-havanese 0.0034295917 336 0 500 68
cat-British_Shorthair 0.0033897758 339 0 447 18
dog-basset_hound 0.0033897758 5 111 280 304
dog-samoyed 0.0033766031 267 0 497 43
dog-scottish_terrier 0.0033766031 0 169 35 232
dog-boxer 0.00336349 214 42 265 63
dog-english_cocker_spaniel 0.00336349 0 190 32 243
cat-Birman 0.0033504367 150 0 481 78
cat-Bombay 0.003337413 204 0 362 24
cat-Bombay 0.003324449 299 0 459 23
dog-basset_hound 0.003324449 0 153 239 304
dog-japanese_chin 0.0032216907 49 9 500 217
cat-Maine_Coon 0.0031726956 133 208 169 218
dog-leonberger 0.0031726956 373 148 500 291
dog-pomeranian 0.0031345189 121 0 500 157
dog-shiba_inu 0.003123641 347 21 386 39
cat-Ragdoll 0.0031115115 104 76 207 130
dog-leonberger 0.0031115115 473 168 500 211
