cat-Ragdoll 0.9291838 210 1 399 196
cat-Birman 0.56505877 210 1 399 196
dog-pomeranian 0.26284182 210 1 399 196
cat-Persian 0.04698664 210 1 399 196
dog-japanese_chin 0.045522004 210 1 399 196
dog-samoyed 0.027272671 210 1 397 196
cat-Bombay 0.015189052 433 2 500 39
cat-Ragdoll 0.0133776665 57 19 416 236
dog-keeshond 0.012053788 210 1 399 196
cat-Birman 0.011115015 96 15 386 200
cat-British_Shorthair 0.0101538 0 0 417 250
dog-japanese_chin 0.010095984 57 19 416 236
dog-japanese_chin 0.009485722 273 170 328 198
dog-great_pyrenees 0.009412587 213 0 408 190
dog-american_bulldog 0.009261221 184 0 500 223
cat-Siamese 0.0091510415 184 0 500 223
cat-Bengal 0.008869708 0 0 417 250
cat-Ragdoll 0.008438319 184 0 500 223
dog-american_bulldog 0.008124709 213 0 408 190
cat-Ragdoll 0.007793218 0 0 365 184
cat-Persian 0.0076564252 0 0 365 184
dog-havanese 0.007460654 373 2 406 18
cat-Ragdoll 0.0071602166 4 0 404 185
dog-boxer 0.0069230795 184 0 500 223
cat-Maine_Coon 0.0066411197 210 1 399 196
cat-Egyptian_Mau 0.0064882636 322 3 409 26
cat-Persian 0.0064684153 0 0 417 250
dog-basset_hound 0.006265521 460 171 500 287
dog-staffordshire_bull_terrier 0.006192982 274 94 320 121
dog-havanese 0.005911082 339 2 373 12
cat-Bengal 0.005888164 322 3 409 26
dog-japanese_chin 0.005851567 0 0 365 184
dog-miniature_pinscher 0.005797416 403 2 499 61
dog-wheaten_terrier 0.005797416 345 0 415 21
cat-Bengal 0.0055791736 0 0 365 184
dog-miniature_pinscher 0.005576551 322 3 409 26
cat-Abyssinian 0.0055549145 210 1 399 196
cat-Maine_Coon 0.0055119395 209 1 264 15
dog-english_cocker_spaniel 0.0054905713 0 175 92 368
dog-english_setter 0.0054905713 0 187 93 386
cat-British_Shorthair 0.005487323 0 0 365 184
dog-basset_hound 0.005384952 461 220 499 327
dog-basset_hound 0.0053432584 455 143 500 247
cat-Birman 0.0052016377 192 0 500 181
cat-Egyptian_Mau 0.005001664 0 158 113 386
cat-Bombay 0.004886389 430 0 500 70
dog-american_bulldog 0.004886389 0 158 113 386
dog-havanese 0.0048297346 346 1 383 12
dog-saint_bernard 0.0047256947 57 19 416 236
dog-pug 0.0047208667 0 0 417 250
cat-Maine_Coon 0.0047183633 226 0 291 14
dog-wheaten_terrier 0.004663646 228 1 266 11
dog-american_bulldog 0.0045019984 0 0 440 277
bella 0.004433751 274 94 320 121
dog-havanese 0.004416555 213 0 408 190
dog-newfoundland 0.004382342 342 1 377 12
dog-pug 0.0043390393 184 0 500 223
dog-havanese 0.0041339695 366 1 400 16
cat-Bengal 0.0040228963 329 0 407 21
dog-shiba_inu 0.004012108 184 0 500 223
cat-Abyssinian 0.0039654076 0 0 365 184
cat-Sphynx 0.003957629 0 0 417 250
dog-boxer 0.0039547086 0 0 417 250
dog-shiba_inu 0.0039454103 208 3 398 151
dog-pomeranian 0.003872037 184 0 500 223
dog-basset_hound 0.0038447976 0 0 440 277
cat-Bengal 0.003750801 254 0 298 11
cat-Egyptian_Mau 0.003747344 0 0 417 250
dog-japanese_chin 0.0037460625 184 0 500 223
cat-Egyptian_Mau 0.003721714 0 206 134 386
cat-Siamese 0.003721714 208 3 398 151
dog-wheaten_terrier 0.003721714 342 3 414 26
dog-american_pit_bull_terrier 0.00370726 0 46 164 330
dog-miniature_pinscher 0.0036785007 0 149 97 197
cat-Russian_Blue 0.0036650896 0 0 365 184
dog-yorkshire_terrier 0.0036642253 0 46 164 330
dog-american_bulldog 0.00362885 0 0 365 184
cat-Egyptian_Mau 0.00362283 0 0 365 184
dog-leonberger 0.0035657287 0 113 130 383
dog-leonberger 0.0035243332 0 312 51 385
cat-Abyssinian 0.0035180748 184 0 500 223
cat-Siamese 0.0035116374 0 0 417 250
cat-Birman 0.003510654 477 358 500 385
dog-leonberger 0.003510654 477 358 500 385
dog-leonberger 0.0034942925 0 0 417 250
dog-american_pit_bull_terrier 0.0034564137 0 128 114 370
cat-Bombay 0.0034395754 0 0 365 184
cat-Birman 0.0034353137 0 0 365 184
dog-shiba_inu 0.0034295917 322 3 409 26
dog-basset_hound 0.0033785403 57 19 416 236
dog-miniature_pinscher 0.0033504367 329 0 407 21
dog-wheaten_terrier 0.003337413 372 1 405 17
cat-Sphynx 0.003326714 184 0 500 223
cat-Bengal 0.003324449 223 2 299 24
cat-Abyssinian 0.0032770038 0 0 417 250
cat-Bengal 0.0032224953 429 0 500 53
dog-leonberger 0.0032224953 153 107 199 124
dog-saint_bernard 0.0032224953 213 0 408 190
dog-pomeranian 0.003208369 0 0 365 184
cat-Bengal 0.0031974912 0 149 97 197
