cat-Ragdoll 0.95531917 93 28 377 318
cat-Persian 0.4792339 91 27 375 319
cat-Maine_Coon 0.3978911 91 27 375 319
dog-keeshond 0.10444483 91 27 375 319
cat-British_Shorthair 0.097658634 91 27 375 319
dog-samoyed 0.053733647 91 27 375 319
cat-Birman 0.04239896 91 27 375 319
cat-Egyptian_Mau 0.038175613 91 27 375 319
dog-american_bulldog 0.029719532 91 27 375 319
dog-japanese_chin 0.029670268 91 27 375 319
dog-great_pyrenees 0.024836779 91 27 375 319
dog-basset_hound 0.019870698 93 28 377 318
cat-Persian 0.01602915 152 238 202 257
dog-pomeranian 0.015524656 91 27 375 319
cat-Birman 0.013742328 101 49 209 237
dog-wheaten_terrier 0.012096554 91 27 375 319
bella 0.011115015 93 28 377 318
cat-Birman 0.010570496 461 126 500 215
cat-Persian 0.009936422 128 235 189 257
cat-Persian 0.009823799 0 11 385 353
cat-British_Shorthair 0.009376228 321 1 362 10
cat-Ragdoll 0.00912565 166 161 358 310
cat-Persian 0.008813173 96 64 219 256
cat-Siamese 0.008813173 18 0 157 39
cat-Maine_Coon 0.008746237 0 11 385 353
dog-japanese_chin 0.008251607 392 133 424 143
dog-havanese 0.008234739 91 27 375 319
cat-British_Shorthair 0.008030802 242 1 282 12
cat-Siamese 0.007815897 254 18 383 181
cat-British_Shorthair 0.007785648 174 2 214 12
cat-British_Shorthair 0.0075772405 291 2 331 10
cat-British_Shorthair 0.007121414 186 2 227 12
cat-Ragdoll 0.007084906 120 0 500 279
cat-British_Shorthair 0.007011801 279 2 319 10
cat-Maine_Coon 0.0068629086 87 13 500 343
dog-leonberger 0.0067975223 462 132 499 228
cat-Russian_Blue 0.0067516267 91 27 375 319
cat-British_Shorthair 0.006744981 308 1 349 10
cat-Persian 0.0065897703 114 235 173 256
dog-saint_bernard 0.0065459907 91 27 375 319
cat-Bombay 0.0064631402 411 2 500 27
cat-British_Shorthair 0.0062898993 266 2 305 10
cat-British_Shorthair 0.006192982 210 1 251 12
cat-British_Shorthair 0.0060035884 197 1 240 12
dog-japanese_chin 0.0060035884 462 132 499 228
dog-japanese_chin 0.005708039 466 131 500 206
cat-Egyptian_Mau 0.0056200325 0 132 30 216
cat-British_Shorthair 0.0055549145 164 2 200 12
cat-British_Shorthair 0.0052404404 235 2 274 10
bella 0.005220115 2 139 28 230
cat-British_Shorthair 0.0051797032 253 2 292 11
dog-havanese 0.0051797032 110 53 168 79
cat-Siamese 0.0051596165 3 1 132 55
cat-Bengal 0.005032569 0 21 397 336
dog-pomeranian 0.0048297346 466 131 500 206
cat-Persian 0.004810989 174 234 230 252
dog-english_cocker_spaniel 0.004755199 140 3 174 13
dog-basset_hound 0.0047367513 164 2 200 12
cat-Maine_Coon 0.0046818256 194 128 351 311
dog-shiba_inu 0.0046818256 182 72 220 83
cat-Birman 0.004645556 470 126 500 187
cat-Bombay 0.004609585 321 1 362 10
cat-Birman 0.004573852 18 0 157 39
cat-Persian 0.004573852 140 242 192 259
dog-english_setter 0.004559487 90 1 387 320
cat-Abyssinian 0.004538417 254 18 383 181
cat-British_Shorthair 0.004538417 332 1 372 10
cat-British_Shorthair 0.0045208335 222 1 262 11
dog-english_cocker_spaniel 0.0044683814 120 3 157 13
dog-leonberger 0.0044683814 101 57 131 104
cat-Egyptian_Mau 0.0044510365 0 158 31 244
dog-yorkshire_terrier 0.004446149 91 27 375 319
dog-basset_hound 0.004399419 146 2 181 13
dog-staffordshire_bull_terrier 0.004399419 209 195 248 206
cat-Siamese 0.0043314993 24 0 116 21
cat-Persian 0.0042114556 87 13 500 343
cat-Persian 0.0041824877 120 240 173 259
dog-american_bulldog 0.004117906 362 127 422 147
dog-english_cocker_spaniel 0.004101932 152 2 188 12
dog-english_cocker_spaniel 0.0040543377 99 3 139 13
dog-english_cocker_spaniel 0.003991723 461 216 500 323
dog-american_pit_bull_terrier 0.003930092 434 78 500 173
cat-Persian 0.003914833 157 233 213 252
cat-Siamese 0.003899634 5 0 171 69
cat-Egyptian_Mau 0.0038693845 0 186 31 272
cat-Birman 0.0037362278 469 114 500 170
cat-Bombay 0.0037362278 396 0 480 22
cat-Siamese 0.003721714 23 0 146 28
dog-english_cocker_spaniel 0.003721714 164 2 200 12
dog-basset_hound 0.0036785007 134 3 168 13
cat-Birman 0.0036216974 461 107 498 173
cat-Persian 0.0035935938 315 1 356 10
dog-wheaten_terrier 0.0035935938 464 148 498 246
dog-pomeranian 0.003538072 470 126 500 187
cat-Siamese 0.0035243332 461 126 500 215
dog-english_cocker_spaniel 0.0035243332 85 3 127 13
cat-Ragdoll 0.0035195649 0 11 385 353
cat-Abyssinian 0.0035043359 91 27 375 319
cat-Abyssinian 0.0034834146 487 148 500 174
dog-english_setter 0.0034834146 458 92 499 155
