dog-keeshond 0.77809477 1 0 361 359
cat-British_Shorthair 0.72004676 1 0 361 359
cat-Ragdoll 0.35711688 1 0 361 359
cat-Birman 0.29136997 1 0 361 359
cat-Russian_Blue 0.21449429 1 0 361 359
cat-Persian 0.12836611 0 0 363 352
cat-Egyptian_Mau 0.104191065 0 0 363 352
dog-american_bulldog 0.06063786 0 0 362 354
dog-shiba_inu 0.050611436 58 0 354 330
cat-Maine_Coon 0.048593223 0 0 362 354
cat-Siamese 0.03490612 1 0 361 359
dog-samoyed 0.027598292 0 0 365 383
dog-pug 0.025073469 0 0 365 383
cat-Birman 0.015845358 11 0 171 39
dog-yorkshire_terrier 0.015437335 0 0 365 383
dog-leonberger 0.014954627 0 0 365 383
cat-Siamese 0.014672041 11 0 171 39
cat-Ragdoll 0.0140631795 0 0 301 323
cat-Bengal 0.0136368275 166 0 324 42
dog-havanese 0.012483299 0 0 365 383
cat-Bengal 0.012241274 169 1 256 23
dog-staffordshire_bull_terrier 0.011886448 0 0 365 383
dog-pomeranian 0.011591971 0 0 365 383
dog-japanese_chin 0.011463791 3 230 62 319
dog-samoyed 0.011288077 4 285 65 383
dog-pomeranian 0.011158019 268 179 303 191
cat-Egyptian_Mau 0.011122853 0 0 301 323
bella 0.010641754 0 0 365 383
dog-basset_hound 0.010328144 58 0 354 330
cat-Ragdoll 0.009652495 0 23 310 383
dog-wheaten_terrier 0.009637415 0 0 365 383
cat-Bengal 0.009450853 0 0 350 383
cat-Birman 0.00919655 63 0 214 40
cat-British_Shorthair 0.009027034 0 0 301 323
cat-Bengal 0.008881688 95 0 234 40
cat-Birman 0.008408934 0 23 310 383
dog-great_pyrenees 0.008380443 95 0 234 40
cat-Persian 0.008341521 0 23 310 383
cat-Egyptian_Mau 0.008124709 95 0 234 40
cat-Bengal 0.008062005 154 2 337 62
dog-great_pyrenees 0.007982045 0 0 365 383
dog-shiba_inu 0.007846236 63 0 214 40
cat-Maine_Coon 0.0076626837 0 0 301 323
cat-Russian_Blue 0.0076362193 63 0 214 40
dog-yorkshire_terrier 0.007547915 374 10 500 188
dog-keeshond 0.0073259175 0 23 310 383
dog-samoyed 0.00702554 0 23 310 383
cat-Bombay 0.007011801 34 0 196 40
cat-Abyssinian 0.0069576204 63 0 214 40
cat-Egyptian_Mau 0.0069576204 166 0 324 42
cat-Ragdoll 0.0069576204 63 0 214 40
cat-Persian 0.006932497 0 0 301 323
cat-Russian_Blue 0.006896198 0 0 301 323
dog-keeshond 0.006834984 0 0 301 323
cat-Egyptian_Mau 0.006823957 169 1 256 23
cat-Abyssinian 0.0066826344 0 0 365 383
cat-British_Shorthair 0.006670058 0 23 310 383
cat-Maine_Coon 0.0066669285 304 0 500 65
cat-Maine_Coon 0.0063634515 0 23 310 383
dog-yorkshire_terrier 0.006338924 63 0 214 40
cat-Bombay 0.0063254237 0 0 365 383
cat-Bengal 0.006265521 34 0 196 40
dog-scottish_terrier 0.0061689913 58 0 354 330
dog-newfoundland 0.0061644316 0 0 365 383
dog-american_pit_bull_terrier 0.0061523914 0 0 365 383
cat-Abyssinian 0.00614509 11 0 171 39
dog-japanese_chin 0.005978465 0 0 365 383
dog-shiba_inu 0.0059340596 154 2 337 62
dog-samoyed 0.0058199465 154 2 337 62
dog-shiba_inu 0.005797416 166 0 324 42
cat-Egyptian_Mau 0.0057525337 34 0 196 40
dog-yorkshire_terrier 0.0057525337 268 179 303 191
cat-Egyptian_Mau 0.0056858957 154 2 337 62
cat-Siamese 0.0054905713 63 0 214 40
dog-great_pyrenees 0.005448073 166 0 324 42
dog-american_bulldog 0.005369365 0 23 310 383
cat-Maine_Coon 0.0053018928 165 0 214 21
cat-Russian_Blue 0.005281329 11 0 171 39
dog-beagle 0.0052646697 0 0 301 323
dog-samoyed 0.0051998794 95 0 234 40
cat-Bengal 0.005194336 0 0 301 323
dog-staffordshire_bull_terrier 0.0051237643 0 23 310 383
cat-Bombay 0.005021155 0 0 139 39
dog-yorkshire_terrier 0.005021155 330 0 500 96
dog-miniature_pinscher 0.004962951 0 290 16 329
cat-Russian_Blue 0.0049436986 178 0 351 43
dog-basset_hound 0.0048904717 0 23 310 383
dog-english_setter 0.0048764646 0 0 365 383
dog-basset_hound 0.00484854 462 238 499 320
dog-shiba_inu 0.0048476756 0 0 301 323
dog-havanese 0.004788488 0 23 310 383
dog-keeshond 0.004773736 63 0 214 40
cat-Birman 0.004755199 28 4 213 51
cat-Maine_Coon 0.0047183633 411 16 468 39
dog-wheaten_terrier 0.0046818256 95 0 234 40
dog-wheaten_terrier 0.0046622753 0 23 310 383
dog-shiba_inu 0.004645556 242 37 294 57
dog-english_cocker_spaniel 0.004627526 465 187 500 285
dog-saint_bernard 0.004623264 0 0 365 383
cat-Egyptian_Mau 0.00459975 0 23 310 383
