cat-Ragdoll 0.99411184 367 5 478 120
dog-japanese_chin 0.048496008 366 6 479 121
cat-Egyptian_Mau 0.02605629 366 6 479 121
dog-great_pyrenees 0.022286177 366 6 479 121
dog-american_bulldog 0.021948248 366 6 479 121
dog-samoyed 0.018264294 366 5 480 120
dog-pomeranian 0.01750955 366 5 480 120
dog-saint_bernard 0.01724279 366 6 479 121
cat-Ragdoll 0.016277462 240 6 473 129
cat-Birman 0.014117897 367 6 479 120
cat-Birman 0.012194127 240 6 473 129
dog-basset_hound 0.011444539 0 4 500 378
cat-Abyssinian 0.011419624 482 0 499 22
cat-Siamese 0.011288077 240 6 473 129
bella 0.010611415 366 6 479 121
cat-Abyssinian 0.010169655 366 6 479 121
cat-Maine_Coon 0.009522498 366 5 480 120
cat-Egyptian_Mau 0.009412587 0 44 30 133
dog-japanese_chin 0.009303957 240 6 473 129
cat-Ragdoll 0.009055257 376 9 500 143
cat-Ragdoll 0.008283615 369 0 500 109
dog-pug 0.008124709 240 6 473 129
cat-Persian 0.008062005 366 5 477 120
dog-beagle 0.007403016 472 1 500 12
dog-chihuahua 0.007066399 332 3 349 31
cat-Egyptian_Mau 0.0070390403 0 321 112 378
dog-boxer 0.006930679 247 215 292 224
dog-boxer 0.006771207 240 6 473 129
dog-english_cocker_spaniel 0.0066928566 0 72 31 158
cat-Egyptian_Mau 0.0066669285 0 18 30 103
cat-Persian 0.0063883364 364 5 473 69
cat-Abyssinian 0.006097555 476 0 500 16
dog-shiba_inu 0.0060035884 108 0 378 65
bella 0.0058653355 473 183 500 259
cat-Bombay 0.005708039 40 0 196 31
dog-yorkshire_terrier 0.0056419075 364 5 473 69
dog-havanese 0.0055119395 164 238 191 247
cat-Birman 0.0053432584 366 5 476 69
dog-basset_hound 0.0053018928 0 53 30 142
dog-english_cocker_spaniel 0.0051998794 0 100 32 182
cat-Bengal 0.005164832 0 11 500 378
dog-japanese_chin 0.005139619 133 248 160 258
cat-Egyptian_Mau 0.004962951 217 203 281 225
bella 0.00484854 473 201 500 276
cat-Birman 0.004773736 119 0 454 95
cat-Russian_Blue 0.0047367513 50 0 207 30
dog-english_cocker_spaniel 0.0047183633 0 68 62 207
cat-British_Shorthair 0.0046818256 240 6 473 129
cat-Ragdoll 0.004573852 356 16 489 185
dog-english_cocker_spaniel 0.004474759 0 0 500 328
cat-Bengal 0.004433751 0 53 30 142
cat-Birman 0.004399419 15 0 166 40
dog-great_pyrenees 0.004382342 282 103 325 131
dog-american_bulldog 0.0043314993 240 6 473 129
cat-British_Shorthair 0.004297942 366 5 477 120
dog-keeshond 0.0041987896 366 5 476 69
dog-samoyed 0.0041987896 364 5 473 69
cat-British_Shorthair 0.0041500926 247 215 292 224
bella 0.0041339695 1 216 28 281
cat-Egyptian_Mau 0.004117906 476 0 500 16
dog-boxer 0.004117906 248 217 291 228
dog-pomeranian 0.004117906 364 5 473 69
dog-yorkshire_terrier 0.004070133 7 0 207 51
cat-Siamese 0.0040543377 4 0 132 41
dog-yorkshire_terrier 0.00400728 0 0 287 92
cat-Siamese 0.003899634 366 6 479 121
cat-Sphynx 0.0038844645 240 6 473 129
dog-american_pit_bull_terrier 0.0038693845 134 0 388 79
cat-Egyptian_Mau 0.0038394034 0 312 56 377
dog-keeshond 0.0038244724 370 0 461 96
bella 0.0038244724 473 220 500 296
cat-Maine_Coon 0.0036785007 123 0 369 76
dog-newfoundland 0.003635794 0 62 30 150
cat-Birman 0.0036216974 11 0 110 23
dog-pomeranian 0.0036216974 331 0 351 26
cat-Ragdoll 0.0036076307 371 7 455 96
dog-samoyed 0.0036028624 193 0 500 170
cat-Abyssinian 0.0035935938 485 3 500 27
cat-Russian_Blue 0.003538072 213 212 269 239
dog-wheaten_terrier 0.003538072 0 53 30 142
cat-Birman 0.003510654 77 0 243 39
dog-yorkshire_terrier 0.003510654 0 0 368 169
dog-leonberger 0.0034834146 15 0 166 40
cat-Bengal 0.0034564137 0 133 30 204
dog-great_pyrenees 0.0034564137 364 5 473 69
dog-basset_hound 0.003442973 0 140 343 378
dog-scottish_terrier 0.0033766031 366 5 476 69
cat-Bombay 0.003324449 369 8 418 74
dog-chihuahua 0.0032986403 486 132 500 165
dog-havanese 0.0032986403 0 0 303 167
dog-basset_hound 0.0032730699 2 207 30 272
dog-english_cocker_spaniel 0.0032489896 0 0 383 190
cat-Abyssinian 0.0032224953 240 6 473 129
cat-Bengal 0.0031974912 52 0 203 37
dog-saint_bernard 0.0031850636 282 103 325 131
cat-Egyptian_Mau 0.003148079 474 150 500 222
dog-basset_hound 0.0030974448 95 19 480 335
dog-english_setter 0.0030522048 205 96 500 378
cat-Egyptian_Mau 0.002981037 238 202 290 225
cat-Bombay 0.0029694438 44 0 149 24
