cat-Russian_Blue 0.9124361 158 1 369 290
cat-Siamese 0.5448014 158 1 366 296
cat-Bombay 0.35293007 163 3 363 298
cat-Sphynx 0.32466352 158 1 366 296
cat-Abyssinian 0.28977346 158 1 366 296
dog-chihuahua 0.15077755 155 1 368 304
dog-boxer 0.14192963 158 0 366 298
dog-shiba_inu 0.14033628 155 1 368 304
cat-Bengal 0.06786823 158 0 366 298
cat-Maine_Coon 0.053502142 155 1 368 304
dog-german_shorthaired 0.047509372 158 0 366 298
dog-scottish_terrier 0.04535258 152 1 371 286
dog-miniature_pinscher 0.041152894 152 1 371 286
dog-staffordshire_bull_terrier 0.034283817 158 0 366 298
cat-British_Shorthair 0.030567437 163 3 363 298
dog-leonberger 0.027228624 158 0 366 298
cat-Siamese 0.02566272 5 0 138 47
cat-Egyptian_Mau 0.023109287 155 1 368 304
dog-american_pit_bull_terrier 0.020804495 152 1 371 286
cat-Birman 0.02040729 155 3 365 302
dog-basset_hound 0.019943744 158 0 366 298
cat-Bombay 0.01724279 153 25 185 80
dog-pug 0.017035812 158 0 366 298
cat-Siamese 0.015906394 14 0 153 35
cat-Ragdoll 0.015784562 155 1 368 304
dog-english_setter 0.0136368275 152 1 371 286
dog-beagle 0.012870759 152 1 371 286
dog-newfoundland 0.012722701 152 1 371 286
dog-yorkshire_terrier 0.011597365 152 1 371 286
bella 0.011244565 0 200 127 333
dog-staffordshire_bull_terrier 0.010860324 181 113 212 141
dog-saint_bernard 0.010201424 158 0 366 298
cat-Siamese 0.009658396 167 0 500 333
cat-Bombay 0.008881688 152 22 189 102
cat-Egyptian_Mau 0.008544326 0 200 127 333
cat-Bombay 0.008483291 167 0 500 333
dog-keeshond 0.008381277 158 0 366 298
dog-miniature_pinscher 0.008348048 149 6 365 120
dog-japanese_chin 0.007941246 155 3 365 302
dog-staffordshire_bull_terrier 0.007695645 281 64 308 80
cat-Russian_Blue 0.0075187087 169 177 374 286
dog-scottish_terrier 0.0072327554 149 6 365 120
dog-wheaten_terrier 0.0069022477 137 0 376 292
cat-Bombay 0.0064631402 19 3 179 47
cat-Birman 0.0061689913 14 0 153 35
cat-Bombay 0.006050408 7 0 143 25
dog-pomeranian 0.0056917667 158 0 366 298
cat-Bombay 0.0053018928 218 0 251 8
cat-Bombay 0.005220115 416 1 500 31
cat-Sphynx 0.0052176416 0 0 371 248
cat-Bombay 0.0051596165 284 0 316 9
cat-Bombay 0.005099833 232 0 264 8
dog-great_pyrenees 0.005060345 152 1 371 286
bella 0.005060345 4 189 82 320
dog-english_cocker_spaniel 0.0049904585 137 0 376 292
cat-Bengal 0.004962951 149 6 365 120
dog-yorkshire_terrier 0.00484854 333 3 500 52
dog-american_bulldog 0.0048317313 137 0 376 292
cat-Russian_Blue 0.0047158003 167 0 500 333
cat-Bombay 0.0047059655 0 0 344 183
dog-german_shorthaired 0.0047000647 288 3 369 83
cat-Sphynx 0.0046778023 0 0 344 183
dog-yorkshire_terrier 0.004663646 153 25 185 80
cat-Sphynx 0.0046332777 175 0 500 248
cat-Persian 0.0044683814 153 24 185 69
cat-Persian 0.0044683814 152 1 371 286
cat-Abyssinian 0.0043203533 0 0 344 183
cat-Bombay 0.0042812526 206 0 238 8
cat-Bombay 0.004231602 360 0 460 20
cat-Siamese 0.004231602 0 0 115 37
cat-Abyssinian 0.0041339695 2 0 134 36
cat-Bombay 0.004111588 0 0 371 248
cat-Bombay 0.004070133 244 0 273 8
dog-yorkshire_terrier 0.004038602 0 0 182 83
dog-yorkshire_terrier 0.00400728 65 0 194 38
cat-Russian_Blue 0.0039467216 0 0 344 183
dog-samoyed 0.003930092 152 1 371 286
cat-Bombay 0.0038394034 278 1 314 12
dog-pug 0.003822714 0 0 344 183
dog-staffordshire_bull_terrier 0.0037901402 175 0 500 248
cat-Bengal 0.0037362278 184 0 346 46
cat-Bombay 0.00370726 29 0 175 36
dog-english_cocker_spaniel 0.00370726 343 259 375 269
cat-Bombay 0.0036928654 194 0 225 8
cat-British_Shorthair 0.0036923587 0 0 344 183
cat-Bengal 0.0036748946 0 0 344 183
cat-Bombay 0.0036642253 188 0 278 19
cat-Bengal 0.0035935938 169 5 359 70
cat-Abyssinian 0.0035829246 0 0 371 248
bella 0.0035657287 152 1 371 286
cat-Egyptian_Mau 0.0035609007 0 0 344 183
dog-english_cocker_spaniel 0.0035518706 463 182 500 280
dog-boxer 0.0035267174 161 0 500 299
cat-British_Shorthair 0.0035005808 0 0 371 248
cat-British_Shorthair 0.0034834146 161 228 334 285
cat-Bombay 0.00341627 297 1 326 8
dog-staffordshire_bull_terrier 0.0033766031 181 122 211 148
cat-Bombay 0.003337413 279 4 369 107
cat-Birman 0.0032944381 179 33 500 284
cat-Siamese 0.0032913983 0 41 366 284
