cat-Russian_Blue 0.9069832 158 12 327 206
cat-British_Shorthair 0.684264 158 12 327 206
cat-Bombay 0.25238407 158 12 327 206
dog-german_shorthaired 0.037116915 158 12 326 204
cat-British_Shorthair 0.031430423 0 0 347 205
dog-staffordshire_bull_terrier 0.022715747 158 12 327 206
dog-scottish_terrier 0.022243679 158 12 327 206
cat-Bengal 0.018475592 158 12 326 204
cat-Bengal 0.016585171 0 0 347 205
dog-boxer 0.016277462 158 12 327 206
cat-Siamese 0.015845358 161 13 325 180
cat-Sphynx 0.015014738 161 13 325 180
cat-Abyssinian 0.013795376 161 13 325 180
dog-miniature_pinscher 0.013222814 12 3 176 51
cat-British_Shorthair 0.012920469 154 109 311 201
cat-British_Shorthair 0.012497604 0 0 325 164
dog-newfoundland 0.012194127 158 12 326 204
cat-Sphynx 0.011463791 168 16 312 98
dog-keeshond 0.00985986 158 12 326 204
cat-Egyptian_Mau 0.0087451935 158 12 327 206
dog-miniature_pinscher 0.0072327554 3 5 192 86
cat-Russian_Blue 0.0071412325 0 0 347 205
dog-miniature_pinscher 0.007129848 165 1 500 225
dog-american_pit_bull_terrier 0.0068807006 165 1 500 225
cat-Ragdoll 0.0066928566 116 3 191 30
cat-Egyptian_Mau 0.0066441596 0 0 347 205
dog-miniature_pinscher 0.0065897703 0 0 229 126
dog-chihuahua 0.0065642595 329 4 500 77
cat-Birman 0.0064882636 240 318 317 342
cat-Bengal 0.006481856 0 0 325 164
cat-Egyptian_Mau 0.006097555 0 0 36 13
cat-Bombay 0.0060035884 33 1 141 25
cat-Bengal 0.0059571564 0 203 245 342
cat-Bombay 0.005911082 15 0 163 39
cat-Bombay 0.005533397 20 4 200 53
cat-Russian_Blue 0.0055087805 0 0 325 164
dog-basset_hound 0.00547415 0 0 347 205
cat-Bombay 0.005405903 337 0 375 8
cat-Siamese 0.0053432584 279 6 454 57
cat-Abyssinian 0.0052404404 472 96 500 155
cat-Bombay 0.005060345 166 14 214 77
dog-miniature_pinscher 0.004886389 290 0 321 9
dog-miniature_pinscher 0.004886389 0 0 188 90
dog-shiba_inu 0.0048674047 168 16 312 98
cat-Egyptian_Mau 0.0048612356 0 0 325 164
dog-yorkshire_terrier 0.0048297346 12 3 176 51
dog-yorkshire_terrier 0.004810989 58 4 219 59
cat-Bengal 0.004792303 168 16 312 98
cat-Abyssinian 0.0046818256 166 12 229 93
cat-Ragdoll 0.004627526 121 8 189 38
cat-Persian 0.0046151876 0 0 347 205
cat-Bombay 0.004594356 0 0 347 205
cat-Bombay 0.0045916736 324 0 360 8
dog-miniature_pinscher 0.004573852 3 0 136 39
cat-Bombay 0.004485786 229 0 263 7
cat-Abyssinian 0.0044683814 427 238 500 341
cat-Persian 0.0044683814 0 113 30 187
cat-Bombay 0.004416555 151 142 287 198
dog-chihuahua 0.004297942 365 3 500 56
dog-staffordshire_bull_terrier 0.004217267 165 1 500 225
dog-pomeranian 0.0041339695 472 96 500 155
cat-Birman 0.004070133 157 11 323 202
dog-yorkshire_terrier 0.00400728 149 0 317 172
bella 0.003991723 6 213 80 342
cat-Persian 0.003976226 0 134 30 214
cat-Bombay 0.003930092 338 0 434 19
dog-miniature_pinscher 0.003930092 303 0 335 8
dog-boxer 0.0039017797 0 0 347 205
dog-havanese 0.0038394034 133 0 329 196
cat-Egyptian_Mau 0.0038244724 168 16 312 98
dog-miniature_pinscher 0.0037948191 289 1 319 13
bella 0.0037948191 287 199 327 250
dog-miniature_pinscher 0.003750831 0 0 347 205
dog-yorkshire_terrier 0.003721714 60 0 208 42
dog-german_shorthaired 0.003694564 0 0 347 205
cat-Bombay 0.0036785007 166 12 229 93
dog-pug 0.0036642253 133 0 329 196
cat-Egyptian_Mau 0.0036216974 0 134 30 214
dog-miniature_pinscher 0.0036216974 30 0 186 40
dog-miniature_pinscher 0.0035935938 168 16 312 98
cat-Abyssinian 0.0035796463 163 11 207 85
cat-Siamese 0.0035657287 311 0 476 39
dog-shiba_inu 0.003538072 161 13 325 180
cat-Bombay 0.0035243332 347 0 387 8
dog-scottish_terrier 0.0034564137 168 16 312 98
cat-Siamese 0.003442973 146 0 170 13
dog-chihuahua 0.003442973 161 13 325 180
cat-Sphynx 0.0034231842 0 0 347 205
dog-english_cocker_spaniel 0.0034116209 0 0 347 205
dog-pomeranian 0.0033766031 329 4 500 77
cat-Bombay 0.0033115149 242 0 275 7
dog-boxer 0.003311187 165 1 500 225
dog-miniature_pinscher 0.0032986403 310 0 343 8
dog-pomeranian 0.0032224953 472 83 500 137
cat-Ragdoll 0.0032099485 138 0 201 23
dog-newfoundland 0.0031971037 0 0 347 205
cat-Siamese 0.0031850636 273 18 438 75
dog-basset_hound 0.0031850636 154 11 324 204
cat-Persian 0.0031726956 0 0 31 69
cat-Birman 0.0031603575 467 86 499 156
