cat-Russian_Blue 0.87147486 247 67 440 271
cat-Bombay 0.65577704 245 66 440 269
cat-Bengal 0.37708178 246 66 438 268
dog-scottish_terrier 0.10894504 248 68 439 271
cat-British_Shorthair 0.07343006 245 66 440 269
dog-german_shorthaired 0.06371498 246 67 440 269
dog-miniature_pinscher 0.024469674 245 66 440 269
dog-newfoundland 0.019493878 246 67 440 269
cat-Abyssinian 0.017917335 245 66 440 269
dog-american_pit_bull_terrier 0.017644465 356 1 499 55
cat-Sphynx 0.016657054 245 66 440 269
cat-Egyptian_Mau 0.01640305 246 67 440 269
dog-english_cocker_spaniel 0.01640305 246 67 440 269
dog-staffordshire_bull_terrier 0.011732459 245 66 440 269
dog-american_pit_bull_terrier 0.010652512 0 49 179 221
dog-miniature_pinscher 0.010489106 356 1 499 55
cat-British_Shorthair 0.0100667775 2 61 424 271
dog-chihuahua 0.0094490945 250 71 306 157
dog-american_pit_bull_terrier 0.009055257 410 0 500 53
dog-keeshond 0.00891614 248 68 439 271
cat-Siamese 0.008711398 28 0 155 34
dog-miniature_pinscher 0.008348048 409 0 453 13
dog-yorkshire_terrier 0.008315772 246 67 440 269
cat-Abyssinian 0.008283615 250 71 306 157
cat-Birman 0.007999748 28 0 155 34
cat-Bengal 0.007815897 241 73 430 193
cat-Bengal 0.0072327554 248 71 294 147
dog-shiba_inu 0.0072327554 241 73 430 193
cat-Bombay 0.007011801 270 0 399 23
cat-Egyptian_Mau 0.0069067776 212 0 471 276
cat-Russian_Blue 0.0067166984 208 75 477 333
cat-Abyssinian 0.0066669285 473 55 500 112
dog-basset_hound 0.0062170923 246 67 440 269
dog-chihuahua 0.00614509 470 56 500 126
dog-leonberger 0.00614509 469 54 499 142
dog-basset_hound 0.0061110854 208 75 477 333
cat-Bombay 0.005911082 216 0 281 13
cat-Russian_Blue 0.005774915 9 0 127 34
dog-leonberger 0.005708039 0 229 37 302
cat-Egyptian_Mau 0.0056638718 473 59 500 121
cat-Bengal 0.005598247 282 0 424 25
cat-Egyptian_Mau 0.005598247 22 1 102 23
dog-miniature_pinscher 0.005576551 411 0 448 9
cat-Bengal 0.0054646134 0 6 416 238
cat-Russian_Blue 0.005348265 269 102 500 333
dog-miniature_pinscher 0.005281329 0 15 133 184
cat-Abyssinian 0.005220115 487 37 500 63
bella 0.0051797032 473 148 500 212
dog-miniature_pinscher 0.005099833 0 39 179 206
dog-scottish_terrier 0.005021155 241 73 430 193
cat-Maine_Coon 0.0048623085 212 0 471 276
cat-Maine_Coon 0.0048333704 239 52 445 271
cat-Bombay 0.0048297346 248 71 294 147
cat-Siamese 0.0048297346 68 0 218 33
cat-Birman 0.0047367513 68 0 218 33
dog-keeshond 0.004703641 212 0 471 276
dog-american_pit_bull_terrier 0.0047000647 0 74 130 251
dog-wheaten_terrier 0.004627526 244 66 441 270
cat-Abyssinian 0.0045916736 470 55 497 129
cat-British_Shorthair 0.0045634806 0 34 454 301
dog-staffordshire_bull_terrier 0.0044776797 269 102 500 333
dog-miniature_pinscher 0.0044683814 248 71 294 147
dog-american_pit_bull_terrier 0.004399419 424 0 500 46
dog-japanese_chin 0.004399419 27 237 43 266
dog-american_pit_bull_terrier 0.004365325 0 33 133 200
dog-basset_hound 0.0043576956 212 0 471 276
cat-Bombay 0.0042812526 303 0 407 20
cat-Russian_Blue 0.004264623 111 0 256 26
cat-Bengal 0.0042480826 344 0 440 18
dog-english_setter 0.004226804 212 0 471 276
cat-Bombay 0.004215151 149 1 199 10
dog-boxer 0.0041824877 246 67 440 269
dog-chihuahua 0.0041824877 474 47 500 103
cat-Abyssinian 0.0041662455 282 0 424 25
dog-basset_hound 0.0041662455 468 59 499 150
dog-great_pyrenees 0.0041565597 212 0 471 276
cat-Bombay 0.0041500926 68 0 218 33
cat-Siamese 0.004101932 473 55 500 112
cat-Abyssinian 0.0040228963 474 35 500 93
dog-havanese 0.00400728 237 65 441 261
dog-leonberger 0.0039454103 0 216 34 280
dog-english_cocker_spaniel 0.0038940012 208 75 477 333
cat-Persian 0.0038692653 239 52 445 271
cat-Bombay 0.0038394034 96 1 142 9
dog-keeshond 0.0038360655 260 0 500 253
dog-basset_hound 0.0038096309 468 216 500 294
cat-Bombay 0.00370726 344 0 440 18
cat-Bombay 0.0036928654 105 0 273 34
dog-staffordshire_bull_terrier 0.003662169 208 75 477 333
dog-samoyed 0.0036582947 212 0 471 276
bella 0.003635794 470 163 498 243
dog-miniature_pinscher 0.0036216974 410 0 500 53
cat-Persian 0.0036096275 212 0 471 276
dog-boxer 0.0035935938 9 0 127 34
dog-shiba_inu 0.0035935938 15 0 127 43
dog-english_cocker_spaniel 0.0035877824 0 34 454 301
dog-pomeranian 0.0035796463 250 5 454 103
cat-Bengal 0.0035657287 315 0 419 19
cat-Bombay 0.0035657287 192 1 243 9
cat-Birman 0.0035518706 96 1 142 9
