cat-Russian_Blue 0.98486924 206 60 300 164
cat-British_Shorthair 0.1535492 205 60 300 165
cat-Egyptian_Mau 0.050988168 205 60 300 165
cat-Bombay 0.042562723 205 60 300 165
dog-staffordshire_bull_terrier 0.040845722 204 60 300 164
dog-german_shorthaired 0.022116601 205 60 300 165
cat-Bengal 0.019794792 205 59 300 165
dog-keeshond 0.0173091 205 60 300 165
dog-basset_hound 0.016657054 206 60 300 164
dog-american_pit_bull_terrier 0.013676196 178 19 500 223
dog-boxer 0.013222814 204 60 300 164
cat-Siamese 0.012383789 0 18 287 161
cat-Siamese 0.0122886 204 60 300 164
dog-shiba_inu 0.011072159 205 62 296 126
dog-shiba_inu 0.010776728 0 18 287 161
cat-Abyssinian 0.010570496 205 59 300 165
cat-Russian_Blue 0.009783864 205 62 296 126
cat-Birman 0.009090394 0 29 282 146
dog-miniature_pinscher 0.0090200305 0 10 318 205
dog-keeshond 0.008711398 205 62 296 126
bella 0.008577496 4 195 79 328
cat-Siamese 0.008478403 373 0 447 17
cat-Sphynx 0.008030802 210 65 291 110
cat-Siamese 0.007999748 205 62 296 126
cat-British_Shorthair 0.007876694 119 61 299 167
cat-Siamese 0.0075772405 348 0 418 17
cat-Egyptian_Mau 0.0073458254 326 211 381 229
cat-Egyptian_Mau 0.007289082 205 62 296 126
cat-British_Shorthair 0.007070124 0 10 318 205
dog-pug 0.006915897 178 19 500 223
dog-boxer 0.0068770945 335 0 402 17
dog-beagle 0.006823957 205 62 296 126
cat-Siamese 0.006744981 320 0 387 16
cat-Bombay 0.006338924 401 0 472 17
cat-Egyptian_Mau 0.006241262 309 203 372 220
cat-Siamese 0.006241262 349 2 421 23
dog-chihuahua 0.00614509 486 221 500 249
cat-Sphynx 0.006121278 205 60 300 165
cat-Egyptian_Mau 0.0059803426 335 211 401 229
cat-Ragdoll 0.0059571564 0 18 287 161
cat-Persian 0.0059340596 467 0 500 62
cat-Russian_Blue 0.005888164 119 61 299 167
dog-miniature_pinscher 0.005856216 178 19 500 223
cat-Sphynx 0.005708039 238 63 297 121
dog-shiba_inu 0.005708039 206 58 301 162
dog-german_shorthaired 0.0055554807 0 10 318 205
cat-Birman 0.0055549145 119 61 299 167
dog-staffordshire_bull_terrier 0.005384952 205 62 296 126
cat-Birman 0.0053640604 206 58 301 162
dog-shiba_inu 0.0053018928 355 210 426 227
bella 0.0050800443 216 164 293 211
cat-Siamese 0.005060345 401 0 472 17
cat-Siamese 0.005021155 151 66 217 94
dog-samoyed 0.005001664 205 62 296 126
cat-Bengal 0.0049471557 0 10 318 205
dog-boxer 0.0049436986 361 0 433 17
cat-Egyptian_Mau 0.0049054027 355 210 426 227
dog-shiba_inu 0.0048674047 0 0 252 139
cat-Siamese 0.004663646 318 2 387 21
dog-shiba_inu 0.004609585 0 2 196 70
bella 0.004609585 206 58 301 162
dog-boxer 0.004573852 261 61 326 86
dog-american_bulldog 0.004538417 335 0 402 17
dog-boxer 0.004485786 336 2 403 23
dog-american_pit_bull_terrier 0.0044040084 213 0 500 194
dog-american_pit_bull_terrier 0.004365325 0 157 81 322
dog-american_bulldog 0.0043314993 205 62 296 126
cat-Birman 0.004297942 386 0 460 17
dog-boxer 0.004297942 318 2 387 21
dog-scottish_terrier 0.0042480826 205 60 301 164
dog-boxer 0.004231602 277 62 341 86
cat-British_Shorthair 0.004215747 0 0 300 157
dog-boxer 0.0041339695 205 62 296 126
dog-yorkshire_terrier 0.004117906 168 65 236 96
dog-chihuahua 0.004101932 486 50 500 78
dog-leonberger 0.0040968955 181 67 500 333
cat-Abyssinian 0.004085988 488 126 500 151
dog-scottish_terrier 0.004085988 205 62 296 126
cat-Bombay 0.0040739477 0 10 318 205
dog-chihuahua 0.0040543377 486 230 500 259
cat-Maine_Coon 0.0040228963 0 2 196 70
cat-Russian_Blue 0.0040228963 208 61 373 172
cat-Siamese 0.003991723 168 65 236 96
dog-samoyed 0.003991723 324 0 500 82
cat-Abyssinian 0.003976226 373 0 447 17
cat-Bombay 0.0039607882 168 65 236 96
dog-staffordshire_bull_terrier 0.003939241 178 19 500 223
cat-Birman 0.0038844645 151 66 217 94
dog-miniature_pinscher 0.003866613 0 0 300 157
cat-Abyssinian 0.0038543642 320 0 387 16
dog-beagle 0.0038244724 206 58 301 162
cat-Egyptian_Mau 0.003783524 0 10 318 205
dog-basset_hound 0.0037800968 205 62 296 126
dog-boxer 0.0037654042 304 0 375 16
dog-pomeranian 0.0037654042 0 18 287 161
dog-shiba_inu 0.003721714 309 203 372 220
cat-Russian_Blue 0.0037032068 0 10 318 205
dog-chihuahua 0.0036928654 486 66 500 94
cat-Abyssinian 0.0036642253 482 0 500 24
cat-Egyptian_Mau 0.0036642253 373 0 447 17
