cat-Russian_Blue 0.9737447 224 42 395 216
cat-British_Shorthair 0.11182183 223 43 394 216
cat-Egyptian_Mau 0.058345854 225 44 396 218
dog-staffordshire_bull_terrier 0.034880877 224 42 397 217
cat-Siamese 0.03204006 225 44 396 218
dog-basset_hound 0.031618774 0 225 110 375
dog-keeshond 0.023916394 224 42 397 217
cat-Egyptian_Mau 0.01784873 274 1 306 9
cat-Abyssinian 0.016215026 274 1 306 9
dog-german_shorthaired 0.015072614 225 41 394 216
dog-shiba_inu 0.011288077 225 44 396 218
cat-Bombay 0.011029482 225 41 394 216
cat-Bengal 0.010944575 223 43 394 216
dog-basset_hound 0.010368168 223 43 394 216
cat-Russian_Blue 0.009936422 274 1 306 9
dog-staffordshire_bull_terrier 0.00927487 45 44 438 375
dog-boxer 0.008544326 223 43 394 216
cat-Egyptian_Mau 0.008440286 45 44 438 375
cat-Abyssinian 0.008283615 225 44 396 218
dog-basset_hound 0.008062005 0 222 261 373
dog-staffordshire_bull_terrier 0.007876694 277 31 311 40
cat-Bengal 0.007785648 278 0 310 9
cat-Sphynx 0.0077555478 225 44 396 218
dog-beagle 0.007460654 278 0 310 9
cat-Siamese 0.0069576204 358 3 500 54
cat-Maine_Coon 0.0068770945 0 1 60 15
cat-Russian_Blue 0.006651342 45 44 438 375
cat-Egyptian_Mau 0.0066411197 0 1 60 15
cat-Birman 0.0065642595 225 41 394 216
cat-British_Shorthair 0.0063664317 0 19 389 244
dog-scottish_terrier 0.0063635707 223 43 394 216
cat-Sphynx 0.006121278 232 50 381 148
cat-Egyptian_Mau 0.006050408 473 245 500 312
bella 0.005911082 473 153 500 227
cat-Ragdoll 0.005774915 225 44 396 218
dog-basset_hound 0.0056638718 0 167 167 370
cat-Bombay 0.0056419075 274 1 306 9
cat-Maine_Coon 0.0056200325 225 44 396 218
cat-Bombay 0.005598247 21 0 169 39
dog-basset_hound 0.005533397 0 253 81 373
dog-basset_hound 0.005489588 45 44 438 375
cat-Egyptian_Mau 0.0054692626 284 0 315 9
cat-Bengal 0.0054506958 0 19 389 244
bella 0.0053640604 473 114 500 181
bella 0.005260855 0 0 35 27
cat-Bombay 0.005220115 285 28 319 36
dog-shiba_inu 0.005220115 232 50 381 148
bella 0.0051797032 473 171 500 244
dog-american_bulldog 0.005105257 206 15 500 236
cat-Abyssinian 0.005040705 473 245 500 312
cat-Egyptian_Mau 0.005021155 474 130 500 202
cat-Birman 0.004773736 324 333 377 351
cat-Birman 0.0047183633 337 334 386 350
cat-Egyptian_Mau 0.004645556 0 0 40 18
dog-american_bulldog 0.004627526 197 42 250 66
cat-Persian 0.0044683814 0 1 60 15
dog-staffordshire_bull_terrier 0.0043998957 206 15 500 236
dog-havanese 0.004382342 408 250 445 260
dog-staffordshire_bull_terrier 0.004382342 290 31 322 41
dog-boxer 0.004365325 274 1 306 9
cat-British_Shorthair 0.0043314993 274 1 306 9
dog-basset_hound 0.0042480826 0 107 202 366
cat-Bengal 0.0041987896 291 0 322 8
cat-Egyptian_Mau 0.0041824877 232 50 381 148
dog-beagle 0.0041824877 0 107 202 366
dog-staffordshire_bull_terrier 0.0041534603 185 74 500 375
dog-shiba_inu 0.004085988 0 1 60 15
cat-Egyptian_Mau 0.004038602 0 107 202 366
dog-german_shorthaired 0.0040228963 278 0 310 9
bella 0.00400728 474 130 500 202
cat-Siamese 0.003956288 198 56 500 302
cat-Ragdoll 0.003953576 45 44 438 375
cat-Bombay 0.0039454103 421 1 500 35
cat-Russian_Blue 0.003930092 285 28 319 36
bella 0.003930092 1 178 32 241
cat-Siamese 0.0037948191 274 1 306 9
dog-staffordshire_bull_terrier 0.0037800968 285 28 319 36
cat-Abyssinian 0.003750801 284 0 315 9
cat-Birman 0.003750801 274 1 306 9
dog-boxer 0.00370726 62 261 120 293
dog-chihuahua 0.00370726 358 3 500 54
dog-miniature_pinscher 0.00370726 291 0 322 8
cat-Bombay 0.0036076307 318 0 353 9
cat-Birman 0.00359115 206 15 500 236
cat-Bengal 0.0035657287 235 151 342 215
dog-pug 0.0035518706 110 0 257 41
dog-pug 0.0034970045 362 0 500 43
dog-staffordshire_bull_terrier 0.0034834146 261 56 297 72
dog-leonberger 0.0034698844 274 1 306 9
cat-Egyptian_Mau 0.0034564137 469 256 500 339
cat-Siamese 0.0034389794 206 15 500 236
dog-miniature_pinscher 0.0034295917 307 0 338 9
dog-beagle 0.00341627 291 0 322 8
bella 0.00341627 0 0 52 17
dog-boxer 0.0033984482 206 15 500 236
dog-staffordshire_bull_terrier 0.0033798814 147 66 497 375
cat-Bombay 0.0033766031 57 0 214 40
dog-miniature_pinscher 0.0033766031 300 0 330 9
cat-Egyptian_Mau 0.0033504367 0 230 93 375
cat-Bengal 0.0033115149 312 0 346 9
