cat-Russian_Blue 0.98566294 173 36 337 243
dog-staffordshire_bull_terrier 0.26779094 173 36 337 243
cat-Egyptian_Mau 0.12896329 173 36 337 243
dog-keeshond 0.08079153 173 36 337 243
cat-British_Shorthair 0.0684129 173 36 337 243
cat-Siamese 0.06430006 172 36 336 245
dog-basset_hound 0.028544158 173 36 337 243
dog-scottish_terrier 0.026759297 173 36 337 243
dog-shiba_inu 0.026006788 173 36 337 243
cat-Sphynx 0.025957376 173 36 337 243
dog-havanese 0.024987787 5 66 62 181
dog-german_shorthaired 0.02306521 173 36 337 243
dog-wheaten_terrier 0.02220124 2 65 39 168
cat-Bengal 0.01812473 173 36 337 243
dog-boxer 0.01652956 173 36 337 243
dog-wheaten_terrier 0.015306354 5 66 62 181
cat-British_Shorthair 0.015288144 0 8 347 221
dog-wheaten_terrier 0.012870759 0 68 34 145
dog-basset_hound 0.012053788 465 160 500 252
dog-keeshond 0.010735154 2 65 40 158
cat-Bombay 0.010529697 174 36 336 242
dog-great_pyrenees 0.009974927 5 66 62 181
dog-wheaten_terrier 0.00985986 0 86 32 167
cat-Abyssinian 0.009783864 174 36 336 242
cat-Birman 0.009055257 366 0 500 37
cat-Bombay 0.008813173 366 0 500 37
cat-Persian 0.008813173 2 66 46 158
dog-leonberger 0.008711398 2 66 46 158
dog-yorkshire_terrier 0.008511305 0 68 34 145
dog-great_pyrenees 0.008062005 3 60 69 81
cat-Siamese 0.007968813 340 0 492 35
bella 0.007403016 465 155 498 239
dog-japanese_chin 0.007289082 2 66 46 158
cat-Ragdoll 0.0071491003 172 36 336 245
dog-scottish_terrier 0.007011801 0 68 34 145
dog-newfoundland 0.0068770945 2 66 46 158
dog-english_cocker_spaniel 0.006850481 0 78 33 161
dog-american_pit_bull_terrier 0.0066928566 0 83 62 226
cat-Maine_Coon 0.0066411197 172 36 336 245
cat-Bengal 0.006609559 0 8 347 221
cat-Sphynx 0.0065897703 179 45 321 129
cat-Bombay 0.006097555 229 0 263 8
dog-newfoundland 0.0059571564 0 68 34 145
cat-British_Shorthair 0.005805403 178 45 500 278
cat-Egyptian_Mau 0.005774915 0 68 34 145
cat-Bombay 0.005708039 222 0 256 8
dog-leonberger 0.0056858957 0 68 34 145
bella 0.0056638718 471 171 500 239
cat-Ragdoll 0.0055549145 270 0 350 19
cat-British_Shorthair 0.005448073 210 1 245 8
dog-beagle 0.005260855 273 0 303 9
dog-boxer 0.0052294135 175 9 500 235
dog-scottish_terrier 0.005220115 2 69 39 174
dog-samoyed 0.0051596165 0 68 34 145
cat-Ragdoll 0.005099833 270 1 356 27
dog-newfoundland 0.005099833 71 86 111 118
cat-Birman 0.0050800443 172 36 336 245
cat-Egyptian_Mau 0.0050341785 122 0 372 251
dog-yorkshire_terrier 0.004962951 1 67 48 168
dog-english_cocker_spaniel 0.004792303 2 69 39 174
dog-havanese 0.0047367513 2 65 40 158
cat-Bombay 0.004645556 238 0 272 8
dog-scottish_terrier 0.004573852 0 86 32 167
bella 0.004573852 468 178 499 264
dog-great_pyrenees 0.0045561194 2 66 46 158
cat-Siamese 0.0044510365 293 0 443 38
cat-Bombay 0.004365325 319 0 407 20
bella 0.004365325 470 156 500 221
bella 0.004365325 2 171 71 296
dog-staffordshire_bull_terrier 0.004333496 178 45 500 278
cat-Bombay 0.004231602 0 68 34 145
dog-shiba_inu 0.004231602 179 45 321 129
cat-Bengal 0.0041662455 0 72 34 154
dog-american_bulldog 0.0041339695 2 65 40 158
cat-British_Shorthair 0.004085988 0 68 34 145
cat-Ragdoll 0.0040263236 175 9 500 235
dog-english_setter 0.0039607882 0 83 62 226
dog-saint_bernard 0.003930092 141 106 181 176
dog-american_pit_bull_terrier 0.003906876 178 45 500 278
dog-american_pit_bull_terrier 0.003899634 0 86 32 167
dog-beagle 0.0038394034 302 36 329 71
cat-Bombay 0.0038244724 431 1 500 30
cat-Persian 0.0036785007 447 0 499 73
cat-Abyssinian 0.0036642253 262 1 288 9
cat-Ragdoll 0.0036499798 3 60 69 81
cat-Siamese 0.0036216974 268 1 289 10
cat-Maine_Coon 0.0036103427 175 9 500 235
cat-British_Shorthair 0.0036076307 2 66 46 158
cat-Persian 0.0035935938 0 68 34 145
cat-Siamese 0.0035796463 168 43 328 157
dog-basset_hound 0.0035796463 467 226 500 299
cat-Birman 0.0035657287 270 0 350 19
dog-keeshond 0.003538072 0 66 34 135
dog-english_setter 0.0035243332 1 67 48 168
dog-basset_hound 0.0034970045 461 218 500 310
dog-newfoundland 0.0034698844 0 86 32 167
dog-american_pit_bull_terrier 0.0034564137 0 68 34 145
cat-British_Shorthair 0.0034554005 0 0 321 173
dog-shiba_inu 0.0034469962 175 9 500 235
cat-Egyptian_Mau 0.0034436584 0 8 347 221
