cat-Russian_Blue 0.9577545 45 22 186 173
cat-British_Shorthair 0.28696784 46 23 185 172
cat-Bombay 0.13072866 46 23 185 172
cat-Egyptian_Mau 0.13006425 46 23 185 172
cat-Abyssinian 0.067546695 45 19 186 169
dog-german_shorthaired 0.06524658 46 23 185 172
cat-Siamese 0.05749327 47 22 184 172
cat-Bengal 0.0563401 46 23 185 172
dog-staffordshire_bull_terrier 0.05300978 46 18 185 167
dog-boxer 0.052814007 46 23 185 172
cat-Sphynx 0.045183778 45 22 186 173
cat-Birman 0.035012633 47 22 184 172
dog-keeshond 0.028761595 45 19 186 169
cat-Russian_Blue 0.022889853 90 20 182 159
cat-Maine_Coon 0.021368891 45 19 186 169
dog-shiba_inu 0.020332366 46 18 185 167
cat-British_Shorthair 0.019633114 0 0 200 193
dog-basset_hound 0.019493878 45 22 186 173
dog-yorkshire_terrier 0.011463791 211 0 325 111
cat-Russian_Blue 0.011399597 0 0 200 193
dog-yorkshire_terrier 0.011375606 194 13 325 128
cat-Bengal 0.010193616 0 0 200 193
dog-scottish_terrier 0.009340018 45 19 186 169
cat-Bombay 0.008992612 0 0 200 193
cat-Egyptian_Mau 0.008566737 0 0 200 193
dog-yorkshire_terrier 0.008219689 200 2 325 148
dog-basset_hound 0.007695645 77 361 182 472
cat-Bombay 0.007606685 194 0 249 29
cat-Birman 0.007547915 270 448 297 461
cat-Persian 0.007374376 142 455 187 483
cat-Birman 0.0067975223 261 442 287 458
dog-beagle 0.0063883364 46 18 185 167
dog-boxer 0.0063883364 78 135 274 485
dog-basset_hound 0.0063194335 30 25 229 500
bella 0.0060269535 303 122 323 236
dog-leonberger 0.0058653355 47 22 184 172
cat-Russian_Blue 0.0058629215 0 0 225 182
dog-german_shorthaired 0.005788386 0 0 200 193
cat-Bombay 0.005708039 193 0 269 35
bella 0.0056858957 46 18 185 167
dog-pug 0.005533397 47 22 184 172
cat-Ragdoll 0.0054692626 45 19 186 169
dog-german_shorthaired 0.005236864 30 25 229 500
cat-British_Shorthair 0.00509575 0 0 225 182
cat-British_Shorthair 0.004784137 0 12 226 261
dog-miniature_pinscher 0.004715234 0 0 200 193
cat-Abyssinian 0.0046963096 0 0 200 193
dog-scottish_terrier 0.004663646 0 68 35 157
dog-boxer 0.004388392 0 0 200 193
cat-Bengal 0.004387766 0 12 226 261
cat-Russian_Blue 0.004135281 0 12 226 261
dog-american_pit_bull_terrier 0.004101932 46 18 185 167
dog-pug 0.004070133 259 442 281 457
cat-Bombay 0.004000634 0 0 225 182
dog-yorkshire_terrier 0.003914833 237 15 325 249
cat-Bombay 0.0038844645 199 1 221 13
dog-basset_hound 0.0038693845 300 210 324 340
dog-basset_hound 0.0038099885 0 66 265 500
dog-beagle 0.0037948191 84 0 107 13
cat-Abyssinian 0.0037654042 305 333 325 431
cat-Egyptian_Mau 0.0037654042 90 20 182 159
dog-beagle 0.003750801 90 0 110 14
bella 0.00370726 306 108 325 206
dog-american_bulldog 0.003635794 46 18 185 167
dog-miniature_pinscher 0.003635794 48 18 184 169
cat-Siamese 0.003538072 183 0 301 61
dog-american_pit_bull_terrier 0.0034564137 228 30 325 372
dog-yorkshire_terrier 0.0034564137 239 0 325 143
dog-staffordshire_bull_terrier 0.0033904016 35 23 315 314
cat-Bengal 0.0033586621 0 0 225 182
dog-basset_hound 0.0033468902 0 183 228 500
cat-Persian 0.003324449 270 448 297 461
cat-Egyptian_Mau 0.0032092035 0 0 225 182
cat-Persian 0.0032035708 0 0 200 193
cat-Siamese 0.0031974912 156 4 306 81
dog-newfoundland 0.0031778514 0 0 200 193
cat-Siamese 0.0031726956 316 5 325 42
dog-wheaten_terrier 0.003134787 0 0 200 193
cat-Bengal 0.0030994117 268 0 320 32
cat-Bengal 0.0030753613 0 0 138 124
cat-Birman 0.003039658 275 451 300 465
cat-Bombay 0.0030278265 206 1 230 13
dog-leonberger 0.0030278265 153 171 178 225
cat-Abyssinian 0.0030160546 305 309 325 393
cat-British_Shorthair 0.0030043423 94 247 112 261
dog-miniature_pinscher 0.002989471 0 12 226 261
dog-boxer 0.0029667616 0 0 227 449
cat-Egyptian_Mau 0.0029579103 303 210 325 315
dog-american_pit_bull_terrier 0.0029247701 85 0 325 234
dog-beagle 0.0029235482 113 0 133 14
bella 0.0029121637 302 79 324 206
dog-beagle 0.0029008687 95 0 119 15
dog-english_cocker_spaniel 0.002884537 0 0 200 193
dog-american_pit_bull_terrier 0.002878338 128 270 182 324
dog-leonberger 0.002878338 280 36 325 164
cat-Birman 0.0028671622 256 442 275 456
dog-yorkshire_terrier 0.0028671622 46 18 185 167
dog-staffordshire_bull_terrier 0.002836287 0 0 200 193
cat-British_Shorthair 0.0028338432 112 94 185 164
dog-english_cocker_spaniel 0.0028338432 218 287 261 319
