dog-saint_bernard 0.85046864 29 20 182 153
dog-american_bulldog 0.49804688 29 20 182 153
dog-japanese_chin 0.3242354 29 20 182 153
cat-Ragdoll 0.2014988 29 20 182 153
dog-great_pyrenees 0.16184944 29 20 182 153
dog-beagle 0.15253651 29 20 182 153
dog-leonberger 0.09739038 29 20 182 153
bella 0.0897733 29 20 182 153
cat-Abyssinian 0.07263672 29 20 182 153
dog-english_setter 0.056236327 29 17 183 156
dog-boxer 0.04831606 29 20 182 153
dog-shiba_inu 0.038178265 29 20 182 153
cat-Egyptian_Mau 0.034815192 1 184 25 253
cat-Egyptian_Mau 0.023509443 29 20 182 153
dog-pomeranian 0.020254701 29 17 183 156
cat-Siamese 0.017986208 29 17 183 156
cat-Egyptian_Mau 0.017576873 0 187 45 254
dog-pug 0.014615655 29 17 183 156
cat-Sphynx 0.013795376 29 17 183 156
dog-shiba_inu 0.012194127 85 248 143 284
bella 0.012194127 281 139 298 267
dog-keeshond 0.011158019 29 17 183 156
dog-saint_bernard 0.010944575 25 24 125 154
dog-basset_hound 0.010489106 29 17 183 156
dog-chihuahua 0.009783864 29 20 182 153
cat-Egyptian_Mau 0.009671003 283 328 300 438
cat-Egyptian_Mau 0.009412587 282 237 298 335
dog-saint_bernard 0.00912565 101 20 182 141
bella 0.008644164 279 47 300 188
dog-samoyed 0.008478403 29 17 183 156
dog-american_pit_bull_terrier 0.008348048 29 17 183 156
cat-Egyptian_Mau 0.008283615 281 351 300 465
cat-Bombay 0.008124709 205 0 292 55
bella 0.007876694 281 85 299 223
bella 0.007547915 282 231 298 325
dog-english_cocker_spaniel 0.0074317753 1 275 20 367
dog-newfoundland 0.0074317753 29 20 182 153
dog-saint_bernard 0.0070390403 0 0 154 178
cat-Egyptian_Mau 0.006823957 0 191 21 276
dog-shiba_inu 0.0066928566 73 240 131 282
dog-american_pit_bull_terrier 0.0066411197 219 74 300 472
cat-Birman 0.0065897703 29 17 183 156
cat-Egyptian_Mau 0.0063883364 285 312 300 404
bella 0.006241262 283 167 300 267
dog-havanese 0.0058425963 148 210 229 298
dog-basset_hound 0.0057302415 278 35 300 182
cat-Egyptian_Mau 0.0056419075 232 201 300 500
cat-Bengal 0.0056200325 202 0 250 32
dog-newfoundland 0.0054905713 42 31 188 381
bella 0.0054905713 283 144 300 243
cat-Persian 0.0053799152 0 0 187 204
cat-British_Shorthair 0.0053225458 29 21 180 148
bella 0.005281329 282 66 300 171
dog-shiba_inu 0.005260855 0 0 154 178
bella 0.0052404404 283 91 300 195
dog-basset_hound 0.0051797032 282 110 300 251
dog-american_bulldog 0.005139619 0 0 154 178
dog-shiba_inu 0.005139619 82 257 136 291
dog-great_pyrenees 0.0051034987 47 0 300 224
cat-Egyptian_Mau 0.005087048 26 0 300 500
dog-havanese 0.004924506 42 31 188 381
cat-Egyptian_Mau 0.004900247 0 0 187 204
cat-Egyptian_Mau 0.004755199 284 258 300 346
cat-Siamese 0.004755199 69 9 236 157
dog-shiba_inu 0.0047000647 284 239 300 321
dog-american_bulldog 0.004538417 219 74 300 472
bella 0.004485786 1 260 20 352
dog-samoyed 0.004380226 47 0 300 224
dog-pomeranian 0.00430426 47 0 300 224
dog-shiba_inu 0.004297942 84 236 143 275
cat-Egyptian_Mau 0.0041662455 285 287 300 378
cat-Egyptian_Mau 0.0041662455 271 288 300 455
dog-american_bulldog 0.0041267276 0 0 187 204
cat-Egyptian_Mau 0.004117906 282 111 300 228
cat-British_Shorthair 0.004115939 0 0 187 204
bella 0.004101932 283 116 300 221
dog-havanese 0.004070133 29 17 183 156
cat-Egyptian_Mau 0.0040543377 85 248 143 284
dog-staffordshire_bull_terrier 0.0040228963 112 432 134 454
bella 0.0039454103 280 160 300 303
cat-Birman 0.0038543642 69 9 236 157
bella 0.0038096309 283 196 300 295
cat-Egyptian_Mau 0.0037800968 209 221 299 500
cat-Bengal 0.0037654042 29 17 183 156
cat-Egyptian_Mau 0.003750801 255 312 300 500
cat-Bengal 0.0036785007 211 0 267 33
cat-Egyptian_Mau 0.0036785007 284 229 300 313
dog-havanese 0.0036785007 149 245 226 321
dog-staffordshire_bull_terrier 0.0036785007 29 17 183 156
cat-Egyptian_Mau 0.0036642253 97 258 151 295
cat-Egyptian_Mau 0.0036216974 0 180 18 245
dog-american_pit_bull_terrier 0.0036066175 75 0 300 234
dog-english_setter 0.0035796463 0 0 154 178
dog-great_pyrenees 0.0035657287 0 0 154 178
dog-beagle 0.0035518706 189 336 199 377
cat-Bengal 0.0035482645 0 0 187 204
cat-Egyptian_Mau 0.003510654 229 297 300 500
cat-Ragdoll 0.0034970045 101 20 182 141
cat-Sphynx 0.0034970045 0 3 150 163
cat-Ragdoll 0.0034426153 0 0 187 204
