dog-saint_bernard 0.99065995 206 130 358 246
dog-leonberger 0.15304217 207 121 361 248
dog-japanese_chin 0.114566505 207 121 361 248
dog-basset_hound 0.094010174 206 131 357 247
cat-British_Shorthair 0.04876709 207 121 361 248
dog-english_setter 0.04603389 207 121 361 248
cat-Ragdoll 0.03185886 207 121 361 248
cat-Persian 0.030908942 444 0 500 53
cat-Abyssinian 0.029090762 207 121 361 248
dog-great_pyrenees 0.021491766 207 121 361 248
dog-wheaten_terrier 0.017917335 207 121 361 248
cat-Persian 0.017442495 442 1 500 31
dog-boxer 0.015247583 207 121 361 248
dog-havanese 0.011552662 207 121 361 248
dog-beagle 0.010570496 207 121 361 248
cat-Egyptian_Mau 0.009821802 473 190 500 247
cat-Bombay 0.009671003 74 0 248 34
dog-japanese_chin 0.009020269 146 275 172 296
cat-Bombay 0.00891614 33 0 196 34
dog-newfoundland 0.008644164 207 121 361 248
cat-Birman 0.008251607 375 0 495 34
cat-Maine_Coon 0.008030802 316 0 451 29
cat-Bengal 0.007937998 207 121 361 248
cat-Egyptian_Mau 0.007876694 207 121 361 248
dog-japanese_chin 0.0077555478 147 266 172 292
cat-Birman 0.0076362193 16 0 167 33
cat-Siamese 0.0074317753 3 0 138 34
dog-american_bulldog 0.0070938766 207 121 361 248
cat-Persian 0.006842196 0 0 337 165
cat-Abyssinian 0.0066669285 473 190 500 247
dog-japanese_chin 0.0066411197 183 76 376 251
dog-yorkshire_terrier 0.0066411197 42 0 403 159
cat-Persian 0.0064131916 0 0 363 224
dog-japanese_chin 0.006192982 153 267 177 292
cat-Bombay 0.005708039 122 0 296 34
cat-Maine_Coon 0.0056419075 294 0 425 36
cat-Russian_Blue 0.005598247 473 194 500 255
dog-leonberger 0.005533397 470 185 497 246
cat-Bombay 0.005448073 194 0 340 25
dog-boxer 0.0054269433 388 160 449 180
dog-saint_bernard 0.005384952 208 136 298 208
bella 0.0052404404 207 121 361 248
dog-pomeranian 0.005220115 485 3 499 26
cat-Birman 0.0051797032 52 0 224 34
dog-yorkshire_terrier 0.0051797032 366 5 500 176
dog-basset_hound 0.0051358044 0 58 366 269
cat-Bengal 0.005060345 219 0 357 24
dog-staffordshire_bull_terrier 0.005021155 275 128 322 144
cat-Maine_Coon 0.0049436986 207 121 361 248
dog-yorkshire_terrier 0.0049054027 159 89 312 140
cat-Birman 0.0048674047 313 0 453 33
dog-yorkshire_terrier 0.00484854 375 0 500 125
cat-Bombay 0.0048297346 3 0 138 34
dog-saint_bernard 0.004792303 105 116 346 263
cat-Siamese 0.004755199 33 0 196 34
dog-boxer 0.0047367513 474 202 500 248
dog-english_cocker_spaniel 0.0047000647 207 121 361 248
cat-Siamese 0.0045561194 270 134 316 151
cat-Siamese 0.0044683814 473 190 500 247
cat-Russian_Blue 0.004433751 284 0 430 34
dog-yorkshire_terrier 0.0044129193 0 0 337 165
cat-Persian 0.004353434 0 0 364 271
cat-Birman 0.0042812526 185 110 239 125
dog-samoyed 0.0042812526 349 10 500 171
dog-leonberger 0.004231602 208 136 298 208
cat-Maine_Coon 0.0041987896 360 0 461 34
dog-leonberger 0.0041500926 473 183 500 233
dog-pug 0.0041500926 146 275 172 296
dog-basset_hound 0.004085988 423 286 461 302
dog-havanese 0.0040543377 183 76 376 251
dog-leonberger 0.004038602 483 184 499 209
cat-Siamese 0.00400728 275 132 325 148
dog-saint_bernard 0.00400728 206 136 262 194
cat-Bengal 0.0039494336 0 58 366 269
dog-leonberger 0.0039454103 183 76 376 251
cat-Siamese 0.003899634 247 132 284 146
dog-japanese_chin 0.0038152635 185 83 500 281
cat-Egyptian_Mau 0.0037948191 471 197 500 269
dog-yorkshire_terrier 0.0037654042 336 0 500 91
cat-Bombay 0.003750801 147 0 312 27
cat-Abyssinian 0.0037362278 345 0 472 32
cat-Persian 0.00370726 424 1 500 40
cat-Persian 0.0036785007 207 121 361 248
dog-japanese_chin 0.0036785007 155 276 175 295
dog-staffordshire_bull_terrier 0.0036499798 251 128 284 144
dog-boxer 0.003635794 470 186 497 253
cat-Persian 0.0036076307 397 0 491 29
dog-yorkshire_terrier 0.0035796463 52 0 224 34
cat-Birman 0.0035657287 254 0 412 35
dog-yorkshire_terrier 0.0035657287 224 98 337 143
dog-yorkshire_terrier 0.0035657287 147 73 307 123
cat-Persian 0.0035648048 109 0 395 252
dog-great_pyrenees 0.0035518706 375 0 495 34
dog-samoyed 0.003538072 287 0 500 94
dog-staffordshire_bull_terrier 0.003510654 274 123 320 140
dog-chihuahua 0.0034698844 3 0 138 34
cat-Birman 0.0034572482 0 0 337 165
dog-samoyed 0.003442973 194 0 499 165
cat-Siamese 0.00341627 345 0 472 32
cat-Egyptian_Mau 0.003403008 0 211 34 267
