dog-saint_bernard 0.9921841 146 21 381 233
cat-Ragdoll 0.058668613 146 21 381 233
dog-saint_bernard 0.05184546 146 99 183 148
dog-japanese_chin 0.047602654 143 104 182 141
dog-basset_hound 0.03697756 144 23 382 232
dog-japanese_chin 0.03143984 145 23 383 232
dog-beagle 0.023419946 146 21 383 229
cat-Egyptian_Mau 0.020645916 468 209 497 273
dog-boxer 0.019794792 146 21 383 229
cat-Ragdoll 0.019622505 166 1 500 237
dog-boxer 0.018878281 166 1 500 237
cat-Abyssinian 0.018568575 134 5 388 245
dog-saint_bernard 0.018419385 166 1 500 237
dog-shiba_inu 0.015784562 0 309 103 375
dog-leonberger 0.013121277 146 21 383 229
cat-Siamese 0.013068169 166 1 500 237
dog-staffordshire_bull_terrier 0.012920469 143 325 179 341
cat-Abyssinian 0.012915343 166 1 500 237
bella 0.012771875 146 21 383 229
dog-beagle 0.01207453 166 1 500 237
dog-english_setter 0.011508137 146 21 383 229
dog-great_pyrenees 0.010944575 149 24 385 230
cat-Bombay 0.010091305 192 1 226 8
cat-Bombay 0.010052383 11 0 178 43
dog-american_bulldog 0.009747118 166 1 500 237
cat-Bombay 0.009340018 19 0 164 26
cat-Egyptian_Mau 0.008644164 473 205 500 263
dog-leonberger 0.008511305 144 99 180 146
cat-Bombay 0.008380443 374 0 453 21
dog-american_bulldog 0.008348048 145 23 383 232
cat-Bombay 0.008283615 158 1 197 9
dog-keeshond 0.008124709 0 309 103 375
bella 0.008082539 166 1 500 237
cat-Bombay 0.007907301 179 1 216 8
dog-miniature_pinscher 0.007846236 377 0 436 16
dog-leonberger 0.007815897 215 351 272 373
dog-japanese_chin 0.007791728 0 0 385 242
dog-samoyed 0.0077555478 0 308 99 375
dog-american_bulldog 0.007725537 143 105 363 233
cat-Ragdoll 0.0077222288 0 0 385 242
dog-newfoundland 0.0076362193 147 26 369 154
dog-japanese_chin 0.0075313747 166 1 500 237
dog-staffordshire_bull_terrier 0.0073458254 139 329 171 346
dog-staffordshire_bull_terrier 0.007121414 247 59 278 73
cat-Sphynx 0.0071169436 0 0 385 242
cat-Sphynx 0.007050514 166 1 500 237
cat-Bengal 0.007016331 0 0 385 242
dog-staffordshire_bull_terrier 0.006930679 133 325 166 343
dog-saint_bernard 0.0068694353 0 0 385 242
dog-english_cocker_spaniel 0.006538838 463 47 500 149
cat-Bombay 0.006513506 144 1 186 9
cat-Bombay 0.0064381063 433 1 500 36
cat-British_Shorthair 0.0064356327 134 5 388 245
cat-Abyssinian 0.0061689913 16 0 110 21
dog-basset_hound 0.006134808 102 48 410 375
cat-Bombay 0.0058653355 16 0 110 21
dog-basset_hound 0.0058151186 166 1 500 237
dog-great_pyrenees 0.005810857 166 1 500 237
dog-staffordshire_bull_terrier 0.005774915 139 320 173 338
cat-Egyptian_Mau 0.0057525337 474 246 500 312
dog-shiba_inu 0.005726069 166 1 500 237
cat-Ragdoll 0.0055815876 173 0 500 206
cat-Egyptian_Mau 0.0054269433 473 227 500 287
dog-leonberger 0.005405903 237 197 298 228
cat-Bombay 0.005384952 355 0 426 20
cat-Birman 0.0053432584 298 166 359 199
cat-British_Shorthair 0.0053432584 165 1 203 9
cat-Bombay 0.0051797032 131 1 175 9
cat-Egyptian_Mau 0.0051797032 470 230 497 304
cat-Siamese 0.0051196814 143 325 179 341
cat-Bombay 0.005099833 50 1 95 10
cat-British_Shorthair 0.005067557 0 0 385 242
dog-boxer 0.005040705 146 99 183 148
dog-english_setter 0.004997909 166 1 500 237
dog-japanese_chin 0.0048674047 239 202 296 229
cat-Bombay 0.0048297346 118 1 162 9
cat-Egyptian_Mau 0.0047760606 134 5 388 245
dog-chihuahua 0.0047611 166 1 500 237
cat-Abyssinian 0.0046955943 0 0 385 242
dog-boxer 0.0046856105 0 0 385 242
dog-leonberger 0.004609585 484 212 498 241
dog-saint_bernard 0.004609585 146 102 193 174
cat-Egyptian_Mau 0.0045916736 0 209 36 278
cat-Bengal 0.004573852 0 13 32 97
bella 0.004538417 473 158 500 223
dog-yorkshire_terrier 0.004433751 0 0 239 98
cat-Bombay 0.004399419 2 2 223 52
dog-saint_bernard 0.0043314993 212 113 388 209
dog-japanese_chin 0.0043109953 0 0 354 193
dog-staffordshire_bull_terrier 0.004231602 127 329 160 348
cat-Bengal 0.0041662455 0 0 35 65
cat-Bombay 0.0041662455 105 1 150 9
cat-British_Shorthair 0.0041662455 16 0 110 21
dog-basset_hound 0.0041339695 417 244 500 373
dog-pug 0.0041079223 0 0 385 242
cat-Siamese 0.00400728 340 0 410 20
cat-Egyptian_Mau 0.003991723 12 0 91 20
dog-japanese_chin 0.003976226 145 90 189 148
cat-Bombay 0.0038844645 92 0 137 10
cat-Egyptian_Mau 0.0038827956 166 1 500 237
