dog-saint_bernard 0.98445636 152 172 284 289
dog-beagle 0.11961368 149 172 284 290
dog-boxer 0.09009302 153 173 281 293
dog-american_bulldog 0.067301065 149 172 284 290
dog-japanese_chin 0.06441766 153 173 281 293
cat-Abyssinian 0.056756914 154 172 284 291
dog-basset_hound 0.03919512 154 172 283 293
cat-Ragdoll 0.026405513 154 172 284 291
dog-american_bulldog 0.020884216 40 297 63 312
dog-saint_bernard 0.017712295 157 182 232 270
cat-Egyptian_Mau 0.017442495 311 21 332 123
dog-english_setter 0.01609087 149 172 284 290
cat-British_Shorthair 0.015189052 153 173 281 293
dog-saint_bernard 0.014615655 37 147 116 217
cat-Egyptian_Mau 0.013428271 154 172 284 291
cat-Sphynx 0.013020486 154 172 284 291
dog-leonberger 0.011072159 153 172 285 289
dog-basset_hound 0.010017186 0 0 324 389
dog-keeshond 0.009020269 0 418 69 500
dog-shiba_inu 0.008847356 69 71 117 108
dog-basset_hound 0.008380443 310 108 333 243
cat-Egyptian_Mau 0.00815624 315 45 334 129
cat-Siamese 0.007403016 154 172 284 291
dog-leonberger 0.007121414 156 175 237 267
dog-beagle 0.0066154003 197 175 281 287
bella 0.0064882636 154 172 284 291
dog-american_bulldog 0.0063883364 156 175 237 267
dog-american_bulldog 0.0059571564 217 185 282 285
dog-basset_hound 0.0054877996 0 38 309 500
dog-saint_bernard 0.0054269433 200 168 280 280
cat-Egyptian_Mau 0.005220115 312 10 334 99
bella 0.005220115 310 110 332 236
dog-miniature_pinscher 0.005099833 197 1 217 20
cat-Egyptian_Mau 0.005060345 0 337 21 441
dog-keeshond 0.005001664 1 401 50 500
dog-beagle 0.0049054027 13 141 93 211
cat-Birman 0.004792303 279 0 328 27
cat-Egyptian_Mau 0.0047183633 69 71 117 108
dog-great_pyrenees 0.004663646 154 172 284 291
dog-saint_bernard 0.0045561194 146 409 164 422
cat-Bengal 0.0045208335 311 21 332 123
cat-Egyptian_Mau 0.0045141876 0 0 324 389
cat-Egyptian_Mau 0.004433751 312 110 334 217
cat-Egyptian_Mau 0.004433751 0 162 21 238
cat-Egyptian_Mau 0.004365325 0 186 18 248
cat-Egyptian_Mau 0.0042812526 291 0 333 30
dog-boxer 0.004264623 35 150 110 211
dog-japanese_chin 0.0042480826 143 267 171 312
dog-saint_bernard 0.004231602 93 215 127 244
dog-boxer 0.0041662455 40 327 82 357
bella 0.0041662455 311 201 333 325
bella 0.004117906 311 136 333 274
dog-basset_hound 0.004101932 228 35 252 48
dog-beagle 0.004101932 226 188 283 289
bella 0.004038602 315 217 334 315
dog-shiba_inu 0.0039454103 154 172 284 291
dog-wheaten_terrier 0.003914833 4 0 80 55
dog-american_bulldog 0.0038543642 46 302 69 314
cat-Egyptian_Mau 0.0038096309 313 57 334 153
cat-Persian 0.0037948191 206 104 256 128
dog-pug 0.0037654042 154 172 284 291
cat-Egyptian_Mau 0.0036785007 313 384 334 487
bella 0.003538072 313 114 334 208
cat-Egyptian_Mau 0.003510654 314 101 334 180
dog-saint_bernard 0.0034834146 102 213 139 246
dog-saint_bernard 0.0034564137 27 212 61 250
dog-american_pit_bull_terrier 0.00341627 155 174 285 291
bella 0.0033897758 316 244 334 342
cat-Egyptian_Mau 0.0033766031 289 312 334 493
cat-Bengal 0.00336349 154 172 284 291
dog-pomeranian 0.0033594668 118 0 334 263
dog-leonberger 0.003324449 237 301 257 371
dog-staffordshire_bull_terrier 0.003324449 325 290 334 333
cat-Persian 0.0033181012 0 0 288 317
cat-Bengal 0.0033115149 197 0 253 41
dog-english_cocker_spaniel 0.0032986403 310 108 333 243
dog-english_setter 0.0032730699 313 212 334 320
dog-japanese_chin 0.0032099485 157 179 231 267
cat-Egyptian_Mau 0.0030873716 0 148 18 222
dog-saint_bernard 0.0030873716 163 171 280 365
dog-basset_hound 0.003039658 312 137 334 253
dog-saint_bernard 0.003039658 86 215 118 243
dog-boxer 0.0030108094 0 0 329 469
cat-Egyptian_Mau 0.0030043423 0 57 18 122
dog-beagle 0.0029912293 0 0 329 469
cat-Egyptian_Mau 0.0029579103 0 362 18 449
bella 0.0029579103 69 71 117 108
cat-Egyptian_Mau 0.0029349625 0 76 17 141
dog-boxer 0.0029349625 250 294 287 325
dog-american_bulldog 0.0028671622 50 326 87 355
dog-saint_bernard 0.0028449 99 207 139 237
dog-great_pyrenees 0.002834767 118 0 334 263
cat-Egyptian_Mau 0.0028009415 307 389 334 500
dog-basset_hound 0.0027791858 321 74 333 108
cat-Birman 0.0027255714 258 0 318 26
dog-saint_bernard 0.0027044415 28 221 60 258
dog-saint_bernard 0.002686143 0 0 329 469
dog-saint_bernard 0.002673 13 141 93 211
cat-Abyssinian 0.0026316643 0 143 21 226
dog-american_bulldog 0.0026316643 155 183 210 262
