dog-saint_bernard 0.73182595 195 54 353 225
dog-boxer 0.65841746 195 54 352 224
dog-american_bulldog 0.53120935 195 54 352 224
dog-beagle 0.18506187 195 54 353 228
dog-leonberger 0.10521054 195 54 352 224
dog-staffordshire_bull_terrier 0.060975194 195 54 352 224
dog-english_setter 0.049130797 196 54 352 224
dog-american_pit_bull_terrier 0.047161877 196 54 352 224
cat-Abyssinian 0.044680864 195 54 352 224
cat-Ragdoll 0.042882234 195 54 352 224
bella 0.042403817 195 54 352 224
dog-basset_hound 0.03435868 196 56 353 227
cat-British_Shorthair 0.03204006 196 54 352 224
cat-Siamese 0.030792177 195 54 352 224
dog-japanese_chin 0.028544158 196 54 352 224
dog-great_pyrenees 0.027014792 196 54 352 224
dog-newfoundland 0.02645576 196 54 352 224
dog-pug 0.025908023 195 54 352 224
cat-Sphynx 0.021125197 195 54 352 224
dog-german_shorthaired 0.016215026 194 55 352 225
dog-boxer 0.013733685 0 6 352 232
dog-saint_bernard 0.013203472 0 6 352 232
cat-Egyptian_Mau 0.012970388 196 54 352 224
dog-german_shorthaired 0.012431651 2 217 68 323
cat-British_Shorthair 0.012334466 0 6 352 232
dog-english_cocker_spaniel 0.012241274 463 51 500 147
cat-Birman 0.010776728 196 54 352 224
dog-beagle 0.010441363 0 6 352 232
dog-wheaten_terrier 0.009708464 196 54 352 224
cat-Bengal 0.009671062 0 6 352 232
dog-chihuahua 0.009469837 192 55 500 316
dog-american_bulldog 0.0087093115 0 6 352 232
dog-beagle 0.008030802 2 217 68 323
dog-boxer 0.007907301 384 219 445 248
dog-basset_hound 0.0076428354 0 6 352 232
dog-boxer 0.0075772405 383 211 444 234
cat-Siamese 0.007408142 190 21 500 247
dog-yorkshire_terrier 0.007066399 3 0 276 96
dog-samoyed 0.006744981 206 59 342 147
cat-Sphynx 0.006614566 0 6 352 232
cat-Egyptian_Mau 0.0066117644 0 6 352 232
dog-japanese_chin 0.0065642595 286 228 326 262
dog-japanese_chin 0.006538838 286 238 325 270
dog-boxer 0.0062898993 203 62 272 143
dog-american_pit_bull_terrier 0.0062170923 2 211 67 295
cat-Bengal 0.0059571564 36 0 179 27
dog-japanese_chin 0.0058223605 0 6 352 232
cat-Bombay 0.005797416 63 0 192 27
dog-english_setter 0.0056858957 2 217 68 323
dog-shiba_inu 0.0054692626 196 54 352 224
dog-american_bulldog 0.005451083 190 21 500 247
cat-Bengal 0.005405903 196 54 352 224
dog-american_pit_bull_terrier 0.0052291155 190 21 500 247
dog-leonberger 0.0051998794 203 62 272 143
dog-pug 0.005086571 0 6 352 232
dog-american_bulldog 0.005040854 0 0 329 187
dog-american_pit_bull_terrier 0.0049214065 207 82 500 375
dog-pug 0.0049094856 190 21 500 247
dog-english_setter 0.0048431456 0 6 352 232
dog-english_cocker_spaniel 0.0047183633 463 30 498 121
dog-leonberger 0.004652053 0 6 352 232
dog-boxer 0.0046513677 190 21 500 247
dog-pomeranian 0.004609585 196 54 352 224
dog-chihuahua 0.0045561194 196 54 352 224
dog-japanese_chin 0.004538417 275 226 312 261
dog-japanese_chin 0.004433751 297 228 337 260
cat-Ragdoll 0.0044291317 0 6 352 232
dog-saint_bernard 0.004379481 0 0 329 187
dog-japanese_chin 0.00436303 0 0 329 187
cat-Bengal 0.0043314993 201 57 338 147
bella 0.004297942 1 258 40 333
dog-newfoundland 0.0042851865 0 6 352 232
dog-american_bulldog 0.0042480826 200 62 261 131
dog-basset_hound 0.004215151 76 154 109 162
dog-miniature_pinscher 0.004215151 0 249 33 322
cat-Bombay 0.0041987896 305 0 462 28
dog-boxer 0.0041824877 139 182 192 208
dog-pomeranian 0.00418064 190 21 500 247
dog-miniature_pinscher 0.0041662455 486 157 499 188
dog-staffordshire_bull_terrier 0.0041662455 0 254 35 327
dog-basset_hound 0.0041500926 466 69 498 156
dog-english_cocker_spaniel 0.004117906 196 54 352 224
cat-Egyptian_Mau 0.004038602 0 260 36 337
dog-wheaten_terrier 0.0040335655 0 6 352 232
dog-saint_bernard 0.0040228963 201 57 338 147
cat-Abyssinian 0.003981322 0 6 352 232
cat-Bombay 0.003914833 337 1 500 53
dog-basset_hound 0.003899634 133 158 161 167
dog-havanese 0.003899634 196 54 352 224
dog-staffordshire_bull_terrier 0.003896743 190 21 500 247
dog-boxer 0.0038860738 0 52 374 291
cat-Birman 0.0038693845 206 59 342 147
cat-British_Shorthair 0.003865689 0 0 329 187
bella 0.0038543642 0 266 30 332
dog-shiba_inu 0.0038396418 190 21 500 247
dog-yorkshire_terrier 0.0038394034 369 227 406 239
cat-Bombay 0.0037800968 83 0 177 22
dog-american_pit_bull_terrier 0.003721714 0 174 72 273
dog-german_shorthaired 0.0036802292 0 6 352 232
cat-Russian_Blue 0.0036785007 196 54 352 224
