dog-saint_bernard 0.95055914 0 34 309 379
dog-beagle 0.12014967 0 34 309 379
dog-leonberger 0.08104405 1 36 310 382
dog-japanese_chin 0.07640767 13 28 314 373
dog-american_bulldog 0.046511322 0 34 309 379
cat-Ragdoll 0.042413622 6 30 310 382
dog-great_pyrenees 0.038658738 6 30 310 382
dog-english_setter 0.037186712 6 30 310 382
bella 0.027742893 13 28 314 373
dog-saint_bernard 0.026006788 0 40 193 344
dog-basset_hound 0.022265673 10 39 316 494
cat-Egyptian_Mau 0.017167121 0 22 311 404
dog-boxer 0.0146586 18 27 323 413
cat-Persian 0.013925731 10 39 316 494
cat-Abyssinian 0.010878742 18 27 323 413
dog-english_cocker_spaniel 0.010454237 0 22 311 404
dog-wheaten_terrier 0.009122193 0 22 311 404
cat-Maine_Coon 0.008909434 18 27 323 413
dog-havanese 0.008189708 10 39 316 494
cat-Bombay 0.008124709 279 1 301 12
dog-shiba_inu 0.0080764 0 22 311 404
cat-Egyptian_Mau 0.007968813 316 309 334 399
cat-Bengal 0.007907331 0 22 311 404
cat-British_Shorthair 0.007907301 13 28 314 373
cat-Bengal 0.007846236 0 0 70 48
cat-Siamese 0.0074833333 0 22 311 404
cat-Birman 0.007458329 10 39 316 494
cat-Bombay 0.007403016 288 0 309 12
cat-Bombay 0.007260859 271 1 294 12
dog-keeshond 0.006538838 13 28 314 373
dog-american_pit_bull_terrier 0.006515622 18 27 323 413
cat-Bombay 0.0064381063 295 1 313 16
dog-chihuahua 0.006343931 18 27 323 413
cat-Sphynx 0.006051928 0 22 311 404
cat-Bombay 0.006050408 263 0 285 12
dog-samoyed 0.006050408 13 28 314 373
cat-Bombay 0.0060035884 284 0 305 15
cat-Bengal 0.0059571564 0 0 48 30
cat-Bombay 0.0059571564 239 0 293 27
cat-Egyptian_Mau 0.0054905713 316 331 334 424
dog-saint_bernard 0.0054692626 123 45 311 357
cat-Abyssinian 0.0053018928 2 75 22 157
cat-Bombay 0.005139619 299 1 317 17
dog-havanese 0.005099833 95 1 127 13
dog-wheaten_terrier 0.005099833 74 0 102 12
dog-german_shorthaired 0.00503996 18 27 323 413
cat-Bombay 0.005021155 255 0 275 12
cat-Bombay 0.004886389 247 1 267 12
dog-yorkshire_terrier 0.004627526 93 1 123 13
cat-Bengal 0.0045208335 78 0 106 12
cat-Egyptian_Mau 0.0045208335 94 446 117 461
cat-Bengal 0.004433751 0 79 22 175
cat-Bombay 0.004433751 254 0 311 29
dog-wheaten_terrier 0.0041987896 254 302 287 375
cat-Persian 0.0041662455 103 0 136 14
dog-newfoundland 0.004166007 10 39 316 494
cat-Bombay 0.004101932 239 1 258 12
dog-pomeranian 0.004070133 13 28 314 373
cat-Bombay 0.003976226 86 1 113 12
dog-wheaten_terrier 0.0039607882 82 1 109 12
dog-wheaten_terrier 0.0038844645 61 0 87 12
dog-staffordshire_bull_terrier 0.0038693845 209 151 232 176
cat-Persian 0.0036928654 107 0 147 17
cat-Bengal 0.0036785007 86 1 113 12
dog-staffordshire_bull_terrier 0.0036785007 206 157 229 183
dog-pug 0.0036615133 10 39 316 494
dog-scottish_terrier 0.0036216974 74 0 102 12
cat-Maine_Coon 0.0035518706 316 309 334 399
cat-Bombay 0.0034970045 0 0 94 197
dog-scottish_terrier 0.0034698844 145 38 306 203
cat-Ragdoll 0.0034564137 0 390 48 500
cat-British_Shorthair 0.00341627 0 40 193 344
cat-Bengal 0.003403008 279 0 334 54
cat-Bombay 0.003403008 301 1 320 13
cat-Bengal 0.0033504367 2 75 22 157
cat-Maine_Coon 0.0033504367 35 0 118 46
dog-wheaten_terrier 0.0033115149 90 1 118 12
cat-Bengal 0.0032986403 69 0 97 12
cat-Egyptian_Mau 0.0032858253 313 317 332 433
cat-British_Shorthair 0.0032224953 0 0 29 20
dog-german_shorthaired 0.0032099485 0 0 94 197
dog-newfoundland 0.0032099485 145 38 306 203
dog-scottish_terrier 0.0031115115 90 1 118 12
dog-yorkshire_terrier 0.0030753613 96 1 136 14
cat-Bombay 0.0030634105 213 1 232 12
dog-scottish_terrier 0.0030634105 13 28 314 373
cat-Bombay 0.0030515194 298 0 334 50
cat-Persian 0.0030515194 93 1 123 13
dog-yorkshire_terrier 0.003039658 0 0 94 197
cat-Russian_Blue 0.0030362606 18 27 323 413
dog-pomeranian 0.0030362606 43 0 334 324
cat-Maine_Coon 0.0030278265 316 331 334 424
dog-havanese 0.0030043423 90 1 118 12
cat-Egyptian_Mau 0.0029926598 0 0 48 30
cat-Bombay 0.002981037 230 1 249 12
dog-scottish_terrier 0.002981037 65 0 91 12
bella 0.0029694438 316 37 334 126
cat-Bombay 0.0028449 78 0 106 12
dog-basset_hound 0.0028291047 24 0 334 353
cat-Persian 0.0028228462 118 1 155 18
