dog-saint_bernard 0.87278175 136 159 252 255
dog-boxer 0.50097656 134 158 251 255
dog-beagle 0.33633107 134 158 251 255
dog-american_bulldog 0.15533459 134 158 251 255
dog-leonberger 0.11757213 136 160 250 257
dog-german_shorthaired 0.11182183 135 160 251 256
dog-english_setter 0.09501305 135 160 251 256
dog-basset_hound 0.08404061 135 160 251 256
dog-american_pit_bull_terrier 0.04476431 133 156 253 258
dog-yorkshire_terrier 0.03442356 2 1 164 87
cat-Sphynx 0.03173858 136 160 250 257
cat-Abyssinian 0.030271858 133 156 253 258
cat-British_Shorthair 0.027376473 136 160 250 257
bella 0.02396202 162 321 193 398
bella 0.02203226 164 317 206 403
bella 0.021906376 136 160 250 257
dog-yorkshire_terrier 0.019568682 0 0 249 234
cat-Egyptian_Mau 0.018264294 136 160 250 257
dog-english_cocker_spaniel 0.017712295 136 160 250 257
cat-Siamese 0.016657054 133 156 253 258
dog-staffordshire_bull_terrier 0.014559507 133 156 253 258
cat-Bengal 0.014447838 136 160 250 257
dog-japanese_chin 0.012431651 136 160 250 257
cat-Ragdoll 0.012147158 136 160 250 257
dog-shiba_inu 0.011732459 133 156 253 258
dog-newfoundland 0.011687249 136 160 250 257
cat-Russian_Blue 0.011597365 133 156 253 258
dog-pug 0.011158019 136 160 250 257
dog-chihuahua 0.010902375 133 156 253 258
dog-yorkshire_terrier 0.009783864 1 0 216 133
cat-Egyptian_Mau 0.009412587 0 338 22 444
dog-scottish_terrier 0.009090394 332 57 375 198
dog-german_shorthaired 0.009020269 83 326 105 365
dog-great_pyrenees 0.008847356 136 160 250 257
dog-basset_hound 0.008711398 81 266 101 361
dog-boxer 0.008412987 107 155 244 290
dog-yorkshire_terrier 0.008283615 13 0 132 63
cat-Maine_Coon 0.008124709 133 156 253 258
dog-scottish_terrier 0.006771207 332 92 375 240
dog-basset_hound 0.006718874 84 290 106 367
dog-saint_bernard 0.0065897703 139 165 206 246
cat-Bombay 0.006314367 133 156 253 258
cat-Egyptian_Mau 0.0062898993 0 274 23 377
cat-Birman 0.006265521 136 160 250 257
cat-Egyptian_Mau 0.006265521 351 93 375 210
dog-wheaten_terrier 0.006265521 322 37 371 190
dog-wheaten_terrier 0.006073922 136 160 250 257
dog-keeshond 0.0056638718 136 160 250 257
dog-beagle 0.0055549145 84 312 105 368
dog-saint_bernard 0.0054905713 107 155 244 290
cat-Sphynx 0.0054692626 107 155 244 290
cat-Bengal 0.005448073 0 338 22 444
dog-yorkshire_terrier 0.0053640604 228 0 375 129
dog-great_pyrenees 0.005363345 124 0 375 261
dog-saint_bernard 0.0053018928 136 148 262 329
dog-havanese 0.0052185655 124 0 375 261
cat-Egyptian_Mau 0.0051797032 0 312 20 399
dog-basset_hound 0.004962951 107 155 244 290
dog-beagle 0.004773736 139 165 206 246
dog-yorkshire_terrier 0.0047367513 0 26 22 137
dog-great_pyrenees 0.0047000647 205 264 248 397
dog-miniature_pinscher 0.0047000647 334 123 375 275
dog-beagle 0.0045916736 136 148 262 329
dog-staffordshire_bull_terrier 0.0045916736 165 152 196 177
dog-boxer 0.004573852 130 147 253 331
dog-havanese 0.004535824 70 0 282 353
dog-boxer 0.00450328 27 191 70 229
cat-Persian 0.004433751 136 160 250 257
cat-Egyptian_Mau 0.004399419 0 215 22 324
dog-great_pyrenees 0.004264623 135 0 327 148
dog-basset_hound 0.0042516887 0 0 257 351
cat-Egyptian_Mau 0.0041987896 348 66 375 177
dog-yorkshire_terrier 0.0041987896 120 7 313 148
dog-saint_bernard 0.004101932 178 307 196 322
dog-basset_hound 0.004070133 82 258 111 368
dog-english_setter 0.004070133 139 165 206 246
dog-leonberger 0.004038602 139 165 206 246
dog-japanese_chin 0.0039454103 130 68 262 272
dog-yorkshire_terrier 0.003899634 201 0 375 175
dog-pomeranian 0.0038875043 124 0 375 261
dog-saint_bernard 0.0038702786 0 0 257 351
dog-leonberger 0.0038543642 173 307 194 322
dog-havanese 0.0038441122 107 27 375 357
dog-boxer 0.0038096309 83 326 105 365
dog-havanese 0.0037948191 130 68 262 272
dog-american_bulldog 0.0037800968 139 165 206 246
dog-scottish_terrier 0.0037362278 322 37 371 190
dog-yorkshire_terrier 0.0037362278 82 0 268 243
cat-Bombay 0.00370726 319 0 369 30
dog-samoyed 0.0036928654 228 0 375 129
dog-yorkshire_terrier 0.0036642253 268 0 375 162
dog-havanese 0.0036233068 0 0 242 275
dog-basset_hound 0.0036216974 0 338 22 444
dog-beagle 0.0035796463 107 155 244 290
cat-Bombay 0.0035243332 136 0 170 13
dog-samoyed 0.0035243332 133 156 253 258
dog-havanese 0.0035054982 111 0 357 319
cat-Bengal 0.0034564137 348 74 373 216
cat-Bombay 0.0034564137 31 3 124 44
dog-leonberger 0.0034453273 0 0 257 351
