dog-saint_bernard 0.99002504 145 25 385 269
dog-leonberger 0.1379965 145 23 387 268
dog-great_pyrenees 0.1361483 145 23 387 268
dog-japanese_chin 0.1008786 148 22 383 270
cat-Ragdoll 0.043854564 148 22 383 270
dog-basset_hound 0.042403817 148 22 383 270
dog-english_setter 0.030675799 145 23 387 268
bella 0.022457063 145 23 387 268
cat-Abyssinian 0.018726915 130 5 387 269
dog-american_bulldog 0.017917335 147 23 383 268
cat-Ragdoll 0.017852604 163 2 500 254
cat-British_Shorthair 0.01619798 130 5 387 269
dog-beagle 0.015189052 147 23 383 268
dog-saint_bernard 0.0136632025 163 2 500 254
dog-wheaten_terrier 0.011720806 130 5 387 269
cat-Siamese 0.010407954 163 2 500 254
cat-Egyptian_Mau 0.010052383 0 70 30 141
dog-basset_hound 0.010052383 1 245 31 317
cat-Russian_Blue 0.009936422 345 0 473 26
cat-Bombay 0.00985986 345 0 473 26
dog-japanese_chin 0.009710103 163 2 500 254
dog-boxer 0.00963366 147 23 383 268
dog-boxer 0.009603888 163 2 500 254
cat-Egyptian_Mau 0.009329587 130 5 387 269
dog-pomeranian 0.008219689 175 200 351 267
dog-boxer 0.00815624 59 81 107 118
dog-newfoundland 0.008030802 148 30 375 153
cat-Abyssinian 0.008020908 163 2 500 254
dog-shiba_inu 0.007606685 86 5 191 42
dog-shiba_inu 0.007374376 106 0 207 34
bella 0.007197857 163 2 500 254
dog-havanese 0.007117808 130 5 387 269
dog-japanese_chin 0.0070861876 0 0 376 263
cat-Bengal 0.007011801 0 0 112 36
cat-Russian_Blue 0.007011801 14 0 140 29
cat-Ragdoll 0.0069211125 0 0 376 263
dog-saint_bernard 0.006798774 0 0 376 263
cat-Bengal 0.0067875683 130 5 387 269
dog-staffordshire_bull_terrier 0.006718874 0 1 38 15
dog-basset_hound 0.0063883364 0 254 32 336
cat-Bombay 0.006121278 333 1 379 10
cat-Egyptian_Mau 0.0060269535 473 187 500 253
dog-beagle 0.005805433 163 2 500 254
cat-Birman 0.0057525337 149 23 384 258
dog-boxer 0.0056200325 68 60 122 86
cat-Bombay 0.0055119395 337 0 433 22
dog-basset_hound 0.005414903 111 48 393 375
cat-Bengal 0.005384952 398 0 500 32
dog-great_pyrenees 0.005294591 163 2 500 254
dog-american_bulldog 0.00527063 163 2 500 254
dog-basset_hound 0.0051926672 163 2 500 254
cat-Egyptian_Mau 0.0051596165 1 83 28 156
dog-great_pyrenees 0.0050800443 149 146 362 267
dog-saint_bernard 0.0050280094 0 0 362 281
dog-shiba_inu 0.004982263 115 8 200 47
cat-Siamese 0.004924506 106 0 207 34
cat-Egyptian_Mau 0.004886389 0 92 30 171
dog-pug 0.0048674047 148 30 375 153
dog-german_shorthaired 0.0048297346 0 1 38 15
cat-Russian_Blue 0.004792303 0 76 30 149
cat-Bombay 0.0046818256 437 1 500 31
dog-japanese_chin 0.004645556 148 30 375 153
dog-leonberger 0.004645556 50 128 69 156
dog-staffordshire_bull_terrier 0.004609585 55 60 113 84
cat-Egyptian_Mau 0.004573852 469 188 497 269
cat-Persian 0.004569739 130 5 387 269
cat-Maine_Coon 0.004567504 130 5 387 269
cat-Siamese 0.0045160353 130 5 387 269
cat-Ragdoll 0.004491836 170 0 500 214
cat-Sphynx 0.0043908358 0 0 376 263
cat-Egyptian_Mau 0.004365325 0 25 29 85
cat-Siamese 0.004365325 117 0 199 21
dog-yorkshire_terrier 0.0043483675 67 0 199 44
dog-english_setter 0.004281491 163 2 500 254
dog-boxer 0.0042480826 57 69 109 94
dog-japanese_chin 0.004219085 0 0 362 281
cat-Siamese 0.0041824877 281 56 317 71
cat-Bombay 0.0041662455 92 1 139 9
dog-newfoundland 0.0041629076 133 18 377 303
dog-shiba_inu 0.0041113496 163 2 500 254
dog-havanese 0.004101932 147 28 369 150
dog-chihuahua 0.0040754974 161 40 500 298
cat-Birman 0.0039331317 163 2 500 254
cat-Sphynx 0.0038259625 161 40 500 298
dog-scottish_terrier 0.0038096309 148 30 375 153
cat-Birman 0.0037948191 117 0 199 21
cat-Bombay 0.0037948191 102 0 153 9
cat-Egyptian_Mau 0.003721714 0 41 28 98
cat-Bombay 0.00370726 162 27 198 89
cat-Bengal 0.0036785007 0 84 30 159
cat-Bombay 0.0036076307 321 1 365 10
dog-english_cocker_spaniel 0.0035809577 130 5 387 269
cat-Ragdoll 0.0035243332 133 0 213 22
dog-leonberger 0.0034620762 82 21 416 375
dog-english_setter 0.0034592152 111 48 393 375
dog-german_shorthaired 0.0034295917 92 1 139 9
dog-boxer 0.0034286678 0 0 376 263
dog-shiba_inu 0.00341627 163 196 341 267
cat-British_Shorthair 0.0034100413 0 0 376 263
bella 0.0033897758 1 236 32 296
