dog-saint_bernard 0.9187722 150 15 353 182
dog-japanese_chin 0.17838266 150 15 352 182
dog-leonberger 0.15817434 149 16 352 183
cat-Ragdoll 0.042642385 150 15 352 182
dog-basset_hound 0.022542953 152 12 353 181
dog-boxer 0.02120611 150 15 352 182
cat-British_Shorthair 0.019197434 150 15 352 182
dog-great_pyrenees 0.018440217 150 15 352 182
cat-Siamese 0.017986208 348 0 500 47
dog-american_bulldog 0.013222814 150 15 352 182
cat-Siamese 0.011921108 164 6 500 212
cat-Abyssinian 0.011597365 149 16 352 183
dog-boxer 0.011244118 164 6 500 212
dog-japanese_chin 0.011006266 0 0 359 206
dog-pug 0.009782672 164 6 500 212
dog-american_bulldog 0.009640813 164 6 500 212
cat-British_Shorthair 0.009478807 121 9 392 310
cat-British_Shorthair 0.009040058 0 0 359 206
bella 0.00898543 2 219 32 288
dog-leonberger 0.008610755 107 177 148 221
cat-Ragdoll 0.007999748 132 4 218 24
dog-basset_hound 0.007937998 0 88 31 167
dog-japanese_chin 0.0077555478 132 4 218 24
dog-japanese_chin 0.007450193 164 6 500 212
cat-Birman 0.007260859 132 4 218 24
dog-japanese_chin 0.00708583 0 0 333 163
dog-english_cocker_spaniel 0.0068770945 0 204 31 279
cat-Abyssinian 0.00680393 164 6 500 212
cat-British_Shorthair 0.0068030953 164 6 500 212
cat-Ragdoll 0.0067322254 164 6 500 212
cat-Siamese 0.006718874 302 7 498 76
dog-basset_hound 0.0065897703 5 62 73 169
dog-english_setter 0.0064631402 152 12 353 181
dog-saint_bernard 0.006375253 0 0 359 206
dog-great_pyrenees 0.006314367 160 17 334 92
dog-havanese 0.006265521 131 0 343 176
cat-Bengal 0.006223917 0 0 359 206
cat-Siamese 0.0062170923 10 1 153 43
dog-basset_hound 0.0062039495 0 0 359 206
dog-beagle 0.005748421 164 6 500 212
dog-havanese 0.005598247 146 17 342 115
dog-basset_hound 0.005576551 0 46 31 126
cat-British_Shorthair 0.005576402 0 0 333 163
cat-Sphynx 0.00555256 0 0 359 206
dog-samoyed 0.0054692626 160 17 334 92
cat-Ragdoll 0.0054453015 0 0 359 206
cat-Sphynx 0.0052700043 164 6 500 212
cat-Siamese 0.005238056 0 0 359 206
cat-Ragdoll 0.0051998794 112 4 174 25
cat-Birman 0.0051797032 356 0 500 38
dog-basset_hound 0.0051797032 0 196 31 274
dog-japanese_chin 0.0051196814 152 17 344 116
dog-pug 0.0051051676 0 0 359 206
cat-Abyssinian 0.0050990283 0 0 359 206
cat-Siamese 0.0050800443 285 5 485 53
dog-american_bulldog 0.0050800443 112 4 174 25
dog-newfoundland 0.0050800443 146 17 342 115
cat-Birman 0.0049054027 153 0 238 19
cat-Birman 0.0049054027 147 4 249 25
cat-Ragdoll 0.004899502 0 0 333 163
cat-Bengal 0.004773736 160 17 334 92
dog-yorkshire_terrier 0.004773736 70 0 212 40
dog-american_bulldog 0.0047183633 84 56 128 106
dog-chihuahua 0.004704237 164 6 500 212
dog-basset_hound 0.0046818256 1 36 38 138
dog-boxer 0.0046818256 13 1 143 35
dog-boxer 0.004659593 0 0 359 206
cat-Bombay 0.004645556 30 3 191 48
cat-Siamese 0.004645556 132 4 218 24
cat-Birman 0.004629135 164 6 500 212
cat-Egyptian_Mau 0.004609585 0 88 31 167
cat-Birman 0.004538417 156 0 364 181
dog-basset_hound 0.0045155883 164 6 500 212
cat-Abyssinian 0.004461676 0 0 333 163
dog-basset_hound 0.0044510365 0 22 33 99
dog-saint_bernard 0.004433751 147 30 289 157
dog-saint_bernard 0.004418969 164 6 500 212
dog-pug 0.004416555 147 4 249 25
dog-beagle 0.004382342 152 12 353 181
dog-boxer 0.004365325 348 0 500 47
dog-leonberger 0.004352778 0 0 359 206
dog-yorkshire_terrier 0.0043314993 78 6 230 56
dog-english_cocker_spaniel 0.004297942 0 96 31 175
dog-english_cocker_spaniel 0.004215151 0 148 31 226
cat-Bombay 0.004187554 0 0 333 163
cat-Birman 0.0041662455 135 10 218 30
dog-saint_bernard 0.004145652 0 0 333 163
cat-British_Shorthair 0.0041339695 303 1 342 8
dog-english_setter 0.004116982 164 6 500 212
cat-Persian 0.004085988 132 4 218 24
dog-english_cocker_spaniel 0.004085988 0 15 33 92
dog-yorkshire_terrier 0.004070133 147 4 249 25
bella 0.0040543377 152 12 353 181
dog-english_cocker_spaniel 0.00400728 0 38 31 117
dog-american_pit_bull_terrier 0.0039893687 164 6 500 212
cat-Ragdoll 0.003976226 154 81 232 159
dog-great_pyrenees 0.0039570034 164 6 500 212
cat-British_Shorthair 0.0039454103 317 0 354 7
dog-basset_hound 0.0039454103 0 114 31 191
cat-Persian 0.0039354265 0 0 359 206
