dog-samoyed 0.9792749 119 57 297 205
cat-Persian 0.089295655 122 55 172 136
cat-Maine_Coon 0.03422931 119 57 297 205
dog-shiba_inu 0.033971995 118 58 297 204
dog-keeshond 0.033780217 118 61 295 203
dog-pomeranian 0.028652668 119 57 297 205
dog-great_pyrenees 0.024053544 118 61 295 203
dog-wheaten_terrier 0.021125197 118 61 295 203
bella 0.018440217 118 61 295 203
cat-Ragdoll 0.017176718 118 61 295 203
bella 0.016657054 2 219 30 292
cat-Persian 0.01609087 122 57 163 108
dog-beagle 0.01602915 385 229 500 334
dog-american_bulldog 0.011158019 118 61 295 203
dog-american_pit_bull_terrier 0.00985986 308 0 500 52
dog-japanese_chin 0.00985986 122 55 172 136
dog-american_pit_bull_terrier 0.009770781 131 57 500 280
dog-samoyed 0.0087791085 128 65 280 149
dog-keeshond 0.008380443 189 64 293 176
dog-wheaten_terrier 0.008339614 0 24 317 208
dog-leonberger 0.008124709 467 72 497 132
dog-miniature_pinscher 0.007907301 287 0 500 52
cat-Persian 0.0075187087 118 61 295 203
cat-Egyptian_Mau 0.007403016 231 63 288 83
cat-Egyptian_Mau 0.007403016 241 66 297 89
dog-miniature_pinscher 0.007289082 376 148 500 324
cat-Ragdoll 0.007260859 189 64 293 176
cat-Bengal 0.007201731 0 24 317 208
dog-yorkshire_terrier 0.007121414 326 0 500 75
cat-Ragdoll 0.007066399 123 57 175 141
cat-British_Shorthair 0.006924361 0 24 317 208
cat-Egyptian_Mau 0.006903827 364 237 414 260
dog-havanese 0.0066411197 122 55 172 136
dog-american_pit_bull_terrier 0.006538838 336 11 500 205
dog-boxer 0.0064381063 366 241 386 265
dog-yorkshire_terrier 0.0064381063 320 0 500 65
cat-Maine_Coon 0.006372094 0 24 317 208
dog-miniature_pinscher 0.005949348 131 57 500 280
dog-american_pit_bull_terrier 0.0056419075 326 0 500 75
dog-scottish_terrier 0.0054269433 119 57 297 205
cat-Abyssinian 0.0053225458 472 236 500 287
cat-Abyssinian 0.0051196814 386 231 499 335
bella 0.005040705 2 176 30 250
cat-Egyptian_Mau 0.005021155 463 1 500 15
cat-Birman 0.0049436986 241 133 289 146
dog-wheaten_terrier 0.0049054027 123 57 164 121
dog-beagle 0.004792303 231 63 288 83
cat-Egyptian_Mau 0.004755199 469 104 500 180
dog-chihuahua 0.0046818256 485 15 500 39
cat-Siamese 0.004663646 236 135 276 147
cat-Siamese 0.004573852 485 8 500 32
cat-Egyptian_Mau 0.004511535 0 24 317 208
dog-scottish_terrier 0.004487902 0 63 339 250
dog-yorkshire_terrier 0.004485786 121 56 169 129
dog-yorkshire_terrier 0.004314691 290 0 500 97
cat-Russian_Blue 0.004297942 363 229 419 250
dog-havanese 0.004297942 122 57 163 108
dog-miniature_pinscher 0.004297942 337 188 500 335
cat-Birman 0.0042812526 122 55 172 136
dog-leonberger 0.0042812526 466 74 500 170
cat-Egyptian_Mau 0.0041662455 472 236 500 287
dog-american_pit_bull_terrier 0.0041339695 392 0 500 52
dog-yorkshire_terrier 0.004101932 430 14 500 91
cat-Siamese 0.0040228963 484 4 500 25
cat-Bombay 0.003991723 313 0 405 19
cat-Persian 0.003988236 0 24 317 208
dog-wheaten_terrier 0.003976226 0 222 31 292
dog-english_cocker_spaniel 0.0039667785 0 63 339 250
dog-samoyed 0.0039454103 124 95 280 194
dog-yorkshire_terrier 0.003930092 122 57 163 108
dog-german_shorthaired 0.0038844645 201 61 292 160
bella 0.0038844645 2 208 27 275
cat-Egyptian_Mau 0.0038543642 0 177 30 248
cat-Egyptian_Mau 0.0038394034 363 229 419 250
cat-Ragdoll 0.0037948191 128 63 190 158
cat-Egyptian_Mau 0.0036785007 466 240 500 311
dog-havanese 0.0036785007 121 57 289 202
dog-shiba_inu 0.0036775172 0 24 317 208
cat-Bombay 0.0036642253 272 0 364 19
dog-samoyed 0.0036499798 326 0 500 75
bella 0.0036418438 0 24 317 208
dog-english_setter 0.0036076307 118 61 295 203
dog-english_setter 0.0035634935 0 24 317 208
dog-american_pit_bull_terrier 0.0035603344 0 56 358 335
dog-yorkshire_terrier 0.003538072 370 0 500 102
cat-Bombay 0.003510654 121 54 166 129
cat-Egyptian_Mau 0.003510654 0 217 31 285
dog-japanese_chin 0.003510654 122 57 163 108
dog-keeshond 0.0034886897 0 63 339 250
cat-Russian_Blue 0.0034295917 364 237 414 260
cat-Bombay 0.00341627 81 0 182 19
dog-yorkshire_terrier 0.00341627 118 59 296 201
dog-newfoundland 0.003403008 379 47 500 228
cat-Bengal 0.0033897758 0 217 31 285
dog-american_pit_bull_terrier 0.0033897758 366 53 500 222
dog-pomeranian 0.0033766031 430 14 500 91
dog-keeshond 0.0033504367 122 55 172 136
dog-newfoundland 0.003337413 336 11 500 205
dog-leonberger 0.0032476783 47 134 88 167
dog-samoyed 0.0032476783 0 177 30 248
