dog-samoyed 0.96295285 202 38 275 152
dog-leonberger 0.07878402 430 115 499 202
dog-newfoundland 0.05108273 444 114 498 200
dog-keeshond 0.04698664 202 37 275 154
cat-Egyptian_Mau 0.046291888 206 39 274 127
cat-Maine_Coon 0.038610935 202 38 275 152
cat-Ragdoll 0.031380415 206 39 274 127
dog-wheaten_terrier 0.030617774 202 37 275 154
dog-american_bulldog 0.030043364 206 39 274 127
dog-shiba_inu 0.028382123 206 39 274 127
dog-beagle 0.028220981 206 39 274 127
bella 0.024750978 205 39 274 137
dog-pomeranian 0.021450728 0 0 155 47
dog-pomeranian 0.019719124 206 39 274 127
dog-great_pyrenees 0.01784873 206 39 274 127
dog-leonberger 0.01640305 454 127 500 212
dog-leonberger 0.015603542 459 115 498 179
dog-leonberger 0.01495707 456 147 500 233
dog-newfoundland 0.012431651 456 147 500 233
dog-wheaten_terrier 0.012147158 430 115 499 202
dog-english_setter 0.010860324 206 39 274 127
cat-Abyssinian 0.010570496 206 39 274 127
dog-newfoundland 0.010248601 454 127 500 212
dog-leonberger 0.0094490945 445 104 500 194
cat-Persian 0.009376228 437 1 500 30
dog-newfoundland 0.00919655 459 115 498 179
dog-samoyed 0.009161025 208 42 271 83
cat-Birman 0.009040058 182 50 500 334
bella 0.008847356 472 73 500 130
dog-basset_hound 0.008577496 206 39 274 127
dog-boxer 0.008380443 306 89 357 115
cat-Birman 0.008219689 345 123 500 326
cat-Bombay 0.008219689 437 1 500 30
dog-yorkshire_terrier 0.00815624 315 3 500 71
dog-newfoundland 0.008030802 424 120 500 213
cat-Birman 0.007815897 5 0 165 40
cat-Persian 0.007815897 174 112 500 334
dog-great_pyrenees 0.007815897 3 132 70 217
dog-great_pyrenees 0.007121414 4 150 68 243
dog-leonberger 0.006930679 441 131 500 218
dog-pug 0.0067975223 6 0 192 44
dog-leonberger 0.006771207 464 157 500 229
cat-Siamese 0.006513506 6 0 192 44
cat-Siamese 0.0064381063 204 0 347 29
dog-yorkshire_terrier 0.0063635707 201 37 275 144
cat-Persian 0.0061689913 201 37 275 144
cat-Bengal 0.0059803426 206 39 274 127
cat-British_Shorthair 0.005911082 206 39 274 127
dog-leonberger 0.0058653355 461 121 500 193
dog-leonberger 0.005797416 468 115 500 170
dog-english_setter 0.005598247 455 135 500 221
cat-Birman 0.0055119395 45 0 209 38
cat-Siamese 0.0055119395 206 39 274 127
cat-Egyptian_Mau 0.0054905713 469 221 500 292
cat-Bombay 0.0052404404 364 0 406 8
dog-newfoundland 0.005220115 464 157 500 229
dog-leonberger 0.0051797032 0 139 31 205
dog-yorkshire_terrier 0.0051797032 327 0 500 77
dog-english_cocker_spaniel 0.005139619 452 115 500 201
dog-yorkshire_terrier 0.005139619 351 1 500 47
dog-yorkshire_terrier 0.005099833 71 2 240 50
cat-British_Shorthair 0.005060345 371 0 412 8
dog-american_pit_bull_terrier 0.005021155 442 82 500 184
dog-wheaten_terrier 0.0049450397 0 0 301 161
cat-Siamese 0.0049054027 76 1 207 35
dog-american_pit_bull_terrier 0.00484854 282 0 453 36
dog-havanese 0.0048297346 201 38 277 147
dog-newfoundland 0.004773736 461 121 500 193
cat-Bombay 0.004755199 352 0 446 18
dog-great_pyrenees 0.0046818256 208 42 271 83
bella 0.004645556 2 204 32 265
cat-Persian 0.004538417 440 0 500 49
cat-Sphynx 0.00450328 206 39 274 127
dog-leonberger 0.0044683814 427 86 500 191
dog-pug 0.0044547617 98 23 500 334
dog-great_pyrenees 0.004433751 238 0 389 37
dog-newfoundland 0.004399419 441 131 500 218
cat-Russian_Blue 0.0043314993 206 39 274 127
dog-pomeranian 0.004314691 196 5 296 42
dog-pomeranian 0.004264623 121 0 252 39
cat-Egyptian_Mau 0.004231602 208 42 271 83
bella 0.004231602 466 81 498 142
cat-Bombay 0.0041824877 452 115 500 201
dog-american_pit_bull_terrier 0.0041824877 206 39 274 127
dog-wheaten_terrier 0.0041500926 459 115 498 179
cat-British_Shorthair 0.004101932 362 0 459 18
cat-Maine_Coon 0.004070133 208 42 271 83
cat-Bombay 0.0040543377 382 0 483 19
dog-pug 0.0040543377 45 0 209 38
dog-leonberger 0.004038602 314 124 353 142
dog-leonberger 0.00400728 0 153 30 222
dog-leonberger 0.00400728 282 0 453 36
dog-saint_bernard 0.00400728 208 39 277 130
cat-Bombay 0.003991723 377 1 418 8
cat-Bombay 0.003914833 351 0 393 8
dog-boxer 0.003914833 206 39 274 127
dog-yorkshire_terrier 0.003914833 121 0 252 39
dog-yorkshire_terrier 0.0038844645 130 3 254 57
cat-Birman 0.0038693845 1 0 257 91
cat-Birman 0.0038543642 0 283 105 334
