dog-samoyed 0.987375 227 123 315 232
dog-keeshond 0.052037835 227 123 315 232
dog-pomeranian 0.051653802 227 123 315 232
cat-Bengal 0.033589512 406 207 500 374
dog-miniature_pinscher 0.03234434 190 4 499 135
cat-Birman 0.03197956 0 0 414 176
dog-staffordshire_bull_terrier 0.025760561 190 4 499 135
dog-great_pyrenees 0.024145424 229 124 314 231
dog-shiba_inu 0.020100236 227 123 315 232
cat-Bengal 0.01890546 269 3 500 81
dog-american_pit_bull_terrier 0.01879707 53 0 480 176
dog-wheaten_terrier 0.017442495 228 124 314 232
dog-shiba_inu 0.01652956 190 4 499 135
cat-Sphynx 0.016152829 190 4 499 135
dog-great_pyrenees 0.014728606 4 132 68 250
cat-Egyptian_Mau 0.013848603 235 125 303 164
cat-Bombay 0.013222814 24 1 155 28
dog-miniature_pinscher 0.013121277 274 0 500 122
cat-Ragdoll 0.012722701 227 123 315 232
dog-american_pit_bull_terrier 0.012226105 90 13 500 230
cat-Bombay 0.012194127 73 0 238 28
dog-american_pit_bull_terrier 0.0118691325 190 4 499 135
dog-chihuahua 0.011823386 190 4 499 135
cat-Maine_Coon 0.011777848 227 123 315 232
cat-Bombay 0.011732459 185 0 356 34
cat-Siamese 0.011732459 3 0 141 40
dog-samoyed 0.011597365 235 125 303 164
cat-Siamese 0.011201203 0 0 414 176
cat-Egyptian_Mau 0.010935754 6 43 449 375
dog-pomeranian 0.010902375 0 0 438 179
dog-shiba_inu 0.010902375 53 0 480 176
dog-pug 0.010209054 0 0 438 179
dog-staffordshire_bull_terrier 0.010052383 235 125 303 164
dog-yorkshire_terrier 0.009936422 0 0 438 179
dog-wheaten_terrier 0.009821802 235 125 303 164
cat-Bombay 0.009671003 14 0 172 39
dog-great_pyrenees 0.009303957 235 125 303 164
cat-Bengal 0.009090394 316 0 418 24
cat-Bengal 0.009090394 311 3 438 33
cat-Ragdoll 0.009020269 235 125 303 164
dog-chihuahua 0.00891614 53 0 480 176
cat-Egyptian_Mau 0.008711398 234 122 312 226
dog-american_bulldog 0.008478403 232 122 311 230
cat-Bombay 0.008445621 110 0 280 31
cat-Maine_Coon 0.008380443 235 125 303 164
cat-Bengal 0.008315772 273 0 448 46
dog-leonberger 0.008315772 455 84 499 172
cat-Bengal 0.008251607 235 125 303 164
dog-chihuahua 0.008124709 274 0 500 122
dog-miniature_pinscher 0.007725537 53 0 480 176
dog-american_pit_bull_terrier 0.0077019334 179 0 500 207
dog-miniature_pinscher 0.007547915 137 3 430 75
dog-american_pit_bull_terrier 0.007403016 274 0 500 122
cat-Sphynx 0.0073458254 235 125 303 164
cat-Ragdoll 0.0072327554 0 7 368 202
dog-scottish_terrier 0.0068770945 269 0 499 102
cat-Siamese 0.006718874 190 4 499 135
dog-beagle 0.0066928566 234 122 312 226
dog-miniature_pinscher 0.0066928566 156 0 474 97
cat-Bengal 0.006538838 291 0 395 24
cat-Bengal 0.0064631402 344 0 442 21
dog-shiba_inu 0.0064631402 235 125 303 164
dog-miniature_pinscher 0.0063883364 305 0 500 90
cat-Bombay 0.006265521 43 0 228 40
dog-scottish_terrier 0.006192982 235 125 303 164
cat-British_Shorthair 0.006050408 457 96 498 190
cat-Egyptian_Mau 0.0059803426 456 96 497 195
cat-Persian 0.005911082 455 84 499 172
cat-Birman 0.0058199465 14 0 172 39
dog-yorkshire_terrier 0.005774915 285 246 322 258
cat-Bengal 0.0056419075 304 0 434 60
cat-Egyptian_Mau 0.005537063 0 5 416 243
dog-miniature_pinscher 0.005533397 292 8 500 267
dog-miniature_pinscher 0.005448073 269 3 500 81
dog-samoyed 0.005448073 0 83 32 157
cat-Egyptian_Mau 0.005443126 0 68 335 375
cat-Maine_Coon 0.005384952 53 0 480 176
cat-Bengal 0.005260855 374 0 466 21
dog-pug 0.0051797032 274 247 311 256
cat-Sphynx 0.0051596165 274 0 500 122
dog-miniature_pinscher 0.005139619 406 207 500 374
dog-yorkshire_terrier 0.005139619 381 268 423 282
cat-Russian_Blue 0.005099833 190 4 499 135
dog-english_setter 0.005060345 235 125 303 164
cat-Bombay 0.005001664 36 0 137 22
dog-saint_bernard 0.005001664 235 125 303 164
cat-Bengal 0.004924506 214 0 408 45
dog-basset_hound 0.0048674047 406 207 500 374
cat-Siamese 0.0048297346 485 3 500 29
bella 0.0048297346 234 121 312 233
dog-american_pit_bull_terrier 0.004810989 305 0 500 90
dog-leonberger 0.004792303 0 129 15 162
dog-american_bulldog 0.0047706366 0 0 464 282
dog-staffordshire_bull_terrier 0.0047000647 274 0 500 122
cat-Bengal 0.004573852 272 2 412 34
dog-samoyed 0.004573852 224 126 306 194
dog-scottish_terrier 0.004573852 310 2 498 65
cat-Siamese 0.004538417 27 0 201 40
dog-scottish_terrier 0.004485786 53 0 480 176
dog-miniature_pinscher 0.004438758 90 13 500 230
