dog-samoyed 0.16158468 244 97 342 200
dog-great_pyrenees 0.03978783 243 93 341 199
dog-wheaten_terrier 0.03346294 233 68 396 199
dog-samoyed 0.0299865 233 68 396 199
dog-shiba_inu 0.024892807 244 97 342 200
dog-wheaten_terrier 0.023779988 243 93 341 199
dog-basset_hound 0.01784873 0 0 294 122
dog-keeshond 0.016215026 233 68 396 199
bella 0.015845358 244 97 342 200
dog-american_bulldog 0.014172375 244 97 342 200
dog-samoyed 0.012624949 202 15 457 209
dog-beagle 0.0122886 0 0 312 131
dog-basset_hound 0.010091305 13 8 181 123
dog-english_cocker_spaniel 0.0098775625 0 9 433 237
cat-Bengal 0.00963366 158 0 243 23
cat-Ragdoll 0.009559393 244 97 342 200
cat-Russian_Blue 0.009559393 141 0 301 43
dog-great_pyrenees 0.009268016 233 68 396 199
dog-wheaten_terrier 0.009268016 202 15 457 209
cat-Egyptian_Mau 0.008577496 244 97 342 200
dog-basset_hound 0.00857529 0 9 433 237
dog-havanese 0.008478403 240 69 354 195
cat-Maine_Coon 0.008412987 104 0 443 187
dog-havanese 0.008283615 202 15 457 209
dog-english_setter 0.00815624 243 93 341 199
cat-Bombay 0.007999748 155 0 325 43
cat-Persian 0.0076658726 202 15 457 209
dog-english_cocker_spaniel 0.007482022 0 0 363 176
dog-basset_hound 0.0073458254 50 0 420 169
cat-Birman 0.007260859 27 1 64 9
cat-Egyptian_Mau 0.007066399 158 0 243 23
bella 0.007011801 0 105 32 189
cat-Bengal 0.006903827 137 0 213 22
dog-great_pyrenees 0.0068770945 202 15 457 209
dog-leonberger 0.0067975223 0 299 32 374
dog-beagle 0.006744981 0 6 205 149
cat-Bengal 0.0065897703 141 0 301 43
cat-Maine_Coon 0.006538838 202 15 457 209
cat-Bengal 0.0064647794 0 1 420 242
cat-Bengal 0.0063883364 136 0 230 37
dog-chihuahua 0.0063745677 237 72 500 375
dog-german_shorthaired 0.0060035884 0 0 294 122
cat-Bengal 0.005943954 0 0 363 176
dog-basset_hound 0.0057525337 0 0 224 132
dog-wheaten_terrier 0.005648315 45 13 444 215
cat-Egyptian_Mau 0.0056419075 137 0 213 22
dog-american_pit_bull_terrier 0.0056419075 319 0 500 88
dog-keeshond 0.0054905713 202 15 457 209
cat-Bengal 0.0053018928 0 0 384 147
cat-Russian_Blue 0.005281329 483 116 500 157
bella 0.0052404404 474 91 500 160
cat-Bombay 0.005001664 178 1 226 10
cat-Bengal 0.0049436986 100 0 188 20
cat-Bengal 0.004886389 109 0 215 32
dog-havanese 0.004839182 209 0 500 205
cat-Bombay 0.004755199 27 1 64 9
dog-wheaten_terrier 0.0046818256 244 88 442 207
dog-beagle 0.004645556 389 75 446 99
cat-Bengal 0.00450328 154 2 257 35
dog-beagle 0.0044510365 6 10 374 171
cat-Russian_Blue 0.004433751 126 0 362 58
dog-leonberger 0.004416555 357 77 429 100
cat-Abyssinian 0.004297942 118 0 200 20
dog-wheaten_terrier 0.004297942 0 113 32 195
cat-Egyptian_Mau 0.004264623 0 0 224 132
dog-havanese 0.0041795373 158 9 500 220
cat-Egyptian_Mau 0.0041500926 100 0 188 20
dog-english_cocker_spaniel 0.0041451454 31 0 452 179
dog-pomeranian 0.004117906 244 97 342 200
dog-basset_hound 0.0040228963 482 123 500 167
dog-english_setter 0.00400728 202 15 457 209
dog-boxer 0.003976226 481 118 500 162
dog-keeshond 0.0039454103 244 97 340 201
cat-Egyptian_Mau 0.003943652 45 13 444 215
dog-american_pit_bull_terrier 0.003914833 50 0 420 169
bella 0.0038693845 0 95 31 155
cat-Bengal 0.0037948191 126 0 362 58
dog-staffordshire_bull_terrier 0.0037948191 20 0 171 45
cat-Egyptian_Mau 0.0037800968 389 75 446 99
cat-Abyssinian 0.003750801 486 163 500 195
cat-Bombay 0.00370726 165 1 215 10
cat-Bengal 0.0036785007 0 0 224 132
cat-Bombay 0.0036642253 118 0 200 20
cat-Ragdoll 0.0036499798 202 15 457 209
cat-British_Shorthair 0.003635794 178 1 226 10
cat-Egyptian_Mau 0.003635794 20 0 171 45
cat-Bombay 0.003620714 237 72 500 375
dog-samoyed 0.0035935938 104 0 443 187
dog-samoyed 0.0035547316 178 0 500 179
cat-Egyptian_Mau 0.003538072 6 10 374 171
dog-wheaten_terrier 0.0035294294 109 0 495 186
dog-wheaten_terrier 0.0035116374 178 0 500 179
dog-leonberger 0.003510654 331 76 416 101
cat-Bombay 0.0034698844 255 0 357 21
dog-keeshond 0.0034698844 0 299 32 374
cat-Bengal 0.0034564137 0 149 29 227
dog-english_setter 0.0034295917 233 68 396 199
dog-beagle 0.00341627 99 113 172 134
cat-Egyptian_Mau 0.003403008 141 0 301 43
cat-Persian 0.0033504367 162 0 460 114
