dog-samoyed 0.9924813 116 5 245 156
dog-great_pyrenees 0.1305069 118 6 243 155
dog-pomeranian 0.055310667 118 6 243 155
cat-Maine_Coon 0.038538516 118 6 243 155
cat-Ragdoll 0.03746751 116 5 245 154
dog-wheaten_terrier 0.037397146 118 6 243 155
dog-keeshond 0.031380415 116 5 245 154
dog-shiba_inu 0.027014792 119 7 242 155
bella 0.016914904 119 7 242 155
dog-american_bulldog 0.014842421 116 5 245 154
cat-Egyptian_Mau 0.0119611025 116 10 239 158
dog-miniature_pinscher 0.011578292 112 4 500 264
cat-Egyptian_Mau 0.011331767 467 172 500 254
bella 0.011288077 469 200 498 291
dog-havanese 0.0097461045 118 6 243 155
cat-Persian 0.009090394 116 5 245 154
dog-miniature_pinscher 0.008511305 357 1 500 49
cat-Egyptian_Mau 0.006903827 469 198 500 280
dog-miniature_pinscher 0.006718874 294 0 500 136
cat-Abyssinian 0.006513506 463 166 499 263
dog-miniature_pinscher 0.0062940717 195 38 500 374
cat-Bombay 0.0062898993 340 0 479 37
dog-miniature_pinscher 0.006265521 316 0 500 98
dog-basset_hound 0.0059571564 464 174 499 272
dog-english_setter 0.005888164 110 0 245 153
dog-newfoundland 0.0056419075 260 0 413 38
dog-basset_hound 0.005576551 468 91 500 189
dog-yorkshire_terrier 0.0054269433 110 0 245 153
dog-basset_hound 0.005139619 469 200 498 291
dog-pug 0.005139619 260 0 413 38
dog-miniature_pinscher 0.004984796 147 0 500 188
dog-samoyed 0.004773736 129 3 322 139
bella 0.004645556 469 109 500 201
cat-Egyptian_Mau 0.004609585 469 97 500 180
cat-Bombay 0.0045561194 369 0 464 21
dog-wheaten_terrier 0.0045360327 0 0 284 161
cat-Abyssinian 0.004264623 467 161 500 244
dog-shiba_inu 0.004264623 467 172 500 254
cat-Birman 0.0041662455 0 324 103 373
cat-Persian 0.0041662455 281 0 412 30
dog-miniature_pinscher 0.004117906 267 7 500 201
cat-Egyptian_Mau 0.004101932 468 150 500 233
cat-Russian_Blue 0.004070133 467 172 500 254
dog-basset_hound 0.0038844645 467 131 500 233
cat-Egyptian_Mau 0.0037948191 0 98 39 183
dog-miniature_pinscher 0.0037948191 340 0 479 37
dog-american_pit_bull_terrier 0.0036499798 110 0 245 153
cat-Maine_Coon 0.003538072 129 3 322 139
dog-samoyed 0.003510654 119 6 239 93
dog-staffordshire_bull_terrier 0.0034834146 110 0 245 153
dog-havanese 0.0034698844 260 0 413 38
cat-Egyptian_Mau 0.0034564137 473 218 500 291
cat-Ragdoll 0.003442973 166 0 238 26
dog-newfoundland 0.00341627 0 181 30 257
dog-staffordshire_bull_terrier 0.003403008 338 1 484 45
cat-Bengal 0.0033766031 418 0 491 23
dog-american_pit_bull_terrier 0.0033766031 260 0 413 38
dog-english_cocker_spaniel 0.003372252 86 13 500 256
bella 0.0033115149 472 101 500 176
cat-Bengal 0.0032858253 119 1 152 10
dog-basset_hound 0.0032858253 116 5 245 154
cat-Bengal 0.0031974912 467 172 500 254
cat-Bombay 0.0031974912 290 0 429 36
cat-Egyptian_Mau 0.0031974912 467 0 500 75
dog-yorkshire_terrier 0.0031850636 0 0 201 102
cat-Egyptian_Mau 0.0031726956 418 0 491 23
dog-miniature_pinscher 0.003148079 463 168 499 258
bella 0.003123641 471 192 500 268
bella 0.003123641 414 225 454 278
bella 0.0030994117 473 227 500 300
cat-Siamese 0.0030753613 230 2 328 32
bella 0.0030515194 464 175 499 268
dog-japanese_chin 0.0030278265 110 0 245 153
dog-chihuahua 0.0029926598 467 172 500 254
dog-miniature_pinscher 0.0029904544 95 0 500 182
bella 0.002981037 224 222 257 278
dog-boxer 0.0029694438 229 1 353 32
cat-Egyptian_Mau 0.0029579103 0 314 120 374
dog-english_cocker_spaniel 0.0029579103 304 218 403 268
dog-staffordshire_bull_terrier 0.0029579103 467 181 500 263
cat-Abyssinian 0.0029008687 470 184 500 258
cat-Bombay 0.0028895736 418 2 493 30
dog-american_pit_bull_terrier 0.0028769374 147 0 500 188
dog-yorkshire_terrier 0.0028671622 260 0 413 38
cat-Bombay 0.0028449 357 1 500 49
dog-leonberger 0.0028449 260 0 413 38
cat-Egyptian_Mau 0.0028228462 119 1 152 10
dog-german_shorthaired 0.002807647 218 73 500 374
cat-Bengal 0.0027900338 462 0 499 64
dog-staffordshire_bull_terrier 0.0027900338 260 0 413 38
dog-great_pyrenees 0.0027791858 129 3 322 139
cat-Bengal 0.0027362108 435 267 500 372
cat-Egyptian_Mau 0.0027362108 0 122 32 192
cat-Bengal 0.0027149916 381 0 475 22
dog-leonberger 0.0027149916 467 181 500 263
dog-american_pit_bull_terrier 0.0027049184 112 4 500 264
dog-miniature_pinscher 0.0027044415 397 0 500 55
dog-leonberger 0.002683431 292 0 420 30
dog-miniature_pinscher 0.002683431 447 141 500 233
cat-Siamese 0.002673 233 0 316 24
