dog-chihuahua 0.59172326 226 29 366 245
dog-staffordshire_bull_terrier 0.300335 226 29 366 245
cat-Siamese 0.28061634 226 29 366 245
dog-american_pit_bull_terrier 0.26511872 226 29 366 245
dog-shiba_inu 0.17217183 226 29 366 245
dog-pug 0.16291204 226 29 366 245
dog-pomeranian 0.13072866 226 29 366 245
dog-scottish_terrier 0.084341794 226 29 366 245
dog-keeshond 0.07963872 226 29 366 245
cat-Sphynx 0.045522004 226 29 366 245
dog-miniature_pinscher 0.04360953 226 29 366 245
cat-Bombay 0.040999025 223 30 365 214
dog-boxer 0.030157417 226 29 366 245
dog-american_bulldog 0.028274596 226 29 366 245
dog-yorkshire_terrier 0.028220981 226 29 366 245
dog-leonberger 0.022286177 226 29 366 245
cat-Russian_Blue 0.015724003 223 30 365 214
dog-chihuahua 0.012594014 205 11 500 248
dog-american_bulldog 0.011158019 219 147 379 245
dog-american_pit_bull_terrier 0.01076594 205 11 500 248
dog-shiba_inu 0.010633498 205 11 500 248
cat-Bengal 0.010328144 474 279 500 328
cat-Abyssinian 0.010288298 223 30 365 214
cat-Maine_Coon 0.010209054 223 30 365 214
cat-Bombay 0.009936422 486 303 500 333
cat-Egyptian_Mau 0.00985986 0 160 30 239
dog-pomeranian 0.009232849 205 11 500 248
dog-leonberger 0.009161025 274 354 331 375
bella 0.008577496 0 157 29 223
cat-Abyssinian 0.008315772 486 298 500 331
cat-Siamese 0.008229524 205 11 500 248
dog-american_bulldog 0.008062005 224 181 376 243
dog-american_bulldog 0.007924736 205 11 500 248
bella 0.007785648 473 260 500 328
cat-Bombay 0.0076658726 67 0 218 28
cat-British_Shorthair 0.007064134 0 0 386 242
cat-Maine_Coon 0.006903827 288 334 337 356
cat-Bengal 0.0065642595 436 0 472 9
dog-chihuahua 0.0063883364 486 207 500 238
dog-pug 0.006290406 203 50 500 287
dog-beagle 0.0062898993 436 0 472 9
dog-basset_hound 0.006241262 469 85 500 166
dog-miniature_pinscher 0.0061689913 486 213 500 244
dog-saint_bernard 0.0059571564 370 280 492 375
dog-newfoundland 0.005888164 226 29 366 245
dog-basset_hound 0.005774915 0 158 26 222
cat-Birman 0.005769342 205 11 500 248
cat-Birman 0.0056858957 0 0 148 41
dog-keeshond 0.0056316257 205 11 500 248
dog-samoyed 0.0056114495 205 11 500 248
cat-Bombay 0.005598247 109 0 261 37
bella 0.005598247 463 39 500 126
cat-Egyptian_Mau 0.005405903 0 151 27 211
dog-miniature_pinscher 0.005384952 335 0 366 10
dog-boxer 0.0053668916 205 11 500 248
dog-american_bulldog 0.0053664744 0 0 402 263
dog-leonberger 0.0053640604 256 355 313 375
dog-basset_hound 0.0051596165 0 149 29 211
dog-boxer 0.005139619 219 147 379 245
cat-Birman 0.0051196814 223 30 367 242
dog-shiba_inu 0.005099833 312 0 406 41
dog-leonberger 0.005021155 61 199 103 234
dog-american_bulldog 0.004726827 139 0 390 247
dog-yorkshire_terrier 0.0046468377 205 11 500 248
cat-Bengal 0.0046132505 0 0 386 242
dog-boxer 0.0045916736 338 7 489 66
cat-Abyssinian 0.0045561194 476 285 500 330
dog-leonberger 0.004538417 0 160 30 239
cat-Persian 0.004433751 0 331 113 375
dog-keeshond 0.004399419 202 0 361 184
dog-staffordshire_bull_terrier 0.004306257 205 11 500 248
dog-scottish_terrier 0.004297942 225 34 355 126
cat-Maine_Coon 0.0042812526 300 335 354 356
dog-japanese_chin 0.004264623 178 54 201 66
dog-english_cocker_spaniel 0.0041339695 0 80 74 231
cat-Russian_Blue 0.004117906 0 158 26 222
dog-miniature_pinscher 0.004117906 486 298 500 331
dog-great_pyrenees 0.003998071 205 11 500 248
cat-Abyssinian 0.003991723 228 42 269 104
dog-samoyed 0.003976226 226 29 366 245
cat-British_Shorthair 0.0039704144 0 0 345 197
cat-Abyssinian 0.0038844645 487 309 500 336
dog-miniature_pinscher 0.0038844645 472 89 500 162
cat-Egyptian_Mau 0.0038693845 433 0 467 9
dog-yorkshire_terrier 0.0037948191 140 0 280 40
dog-great_pyrenees 0.0037362278 397 70 441 83
dog-beagle 0.003734678 205 11 500 248
dog-shiba_inu 0.00370726 397 70 441 83
dog-staffordshire_bull_terrier 0.00370726 65 258 120 281
dog-shiba_inu 0.0036785007 323 0 450 36
dog-english_cocker_spaniel 0.0036499798 469 85 500 166
cat-Egyptian_Mau 0.0036216974 0 194 32 279
dog-great_pyrenees 0.0036216974 303 1 387 42
cat-Egyptian_Mau 0.0036076307 473 279 500 328
dog-pug 0.0035935938 109 0 261 37
dog-miniature_pinscher 0.0035796463 441 0 478 10
cat-Bombay 0.0035657287 228 42 269 104
cat-Bombay 0.0035657287 103 1 269 50
cat-Russian_Blue 0.003538072 486 298 500 331
dog-miniature_pinscher 0.003538072 486 202 500 233
