dog-scottish_terrier 0.9763105 160 23 302 242
dog-shiba_inu 0.11961368 160 23 302 242
dog-miniature_pinscher 0.0897733 160 26 303 240
cat-Bombay 0.05033064 159 23 302 201
cat-Russian_Blue 0.044183314 159 23 302 224
dog-english_cocker_spaniel 0.037047178 160 26 303 240
cat-Bengal 0.03676948 159 23 302 201
cat-Maine_Coon 0.035144836 159 23 302 201
dog-staffordshire_bull_terrier 0.026963502 160 23 302 237
cat-Abyssinian 0.023825377 159 23 302 201
cat-Siamese 0.02182281 159 23 302 201
dog-chihuahua 0.021125197 159 23 302 224
bella 0.018582165 0 139 28 194
dog-yorkshire_terrier 0.018159509 160 26 303 240
dog-basset_hound 0.017917335 469 165 497 245
dog-boxer 0.017442495 317 88 376 113
dog-keeshond 0.01495707 161 20 302 241
cat-British_Shorthair 0.014678061 0 0 331 235
dog-german_shorthaired 0.0122886 156 23 302 231
dog-wheaten_terrier 0.012194127 160 26 303 240
cat-Egyptian_Mau 0.011201203 466 121 497 207
dog-scottish_terrier 0.0097568035 0 0 331 235
bella 0.0097461045 469 159 497 238
dog-basset_hound 0.009559393 466 124 499 222
dog-basset_hound 0.009522498 159 23 302 201
cat-Egyptian_Mau 0.009303957 470 129 500 199
cat-Bengal 0.008790404 0 0 331 235
dog-basset_hound 0.0087451935 464 86 500 188
bella 0.00818792 466 126 497 219
dog-american_pit_bull_terrier 0.0080932975 159 23 302 201
dog-yorkshire_terrier 0.007748723 172 0 500 251
dog-english_setter 0.0076362193 159 23 302 201
cat-Egyptian_Mau 0.007606685 0 142 27 202
cat-Egyptian_Mau 0.0075187087 159 23 302 201
dog-american_bulldog 0.0074896216 0 149 31 215
cat-Egyptian_Mau 0.007460654 469 142 500 224
dog-boxer 0.007403016 65 181 99 221
cat-Egyptian_Mau 0.0072327554 468 107 500 186
dog-shiba_inu 0.007176876 375 2 470 41
cat-Egyptian_Mau 0.0069576204 469 165 497 245
cat-British_Shorthair 0.0068770945 159 23 302 201
cat-Sphynx 0.006771207 159 23 302 201
dog-shiba_inu 0.0065642595 0 142 27 202
cat-Maine_Coon 0.0065157413 172 0 500 251
bella 0.0064381063 472 174 500 241
dog-newfoundland 0.0063635707 159 23 302 224
cat-Ragdoll 0.006073922 400 30 441 39
dog-yorkshire_terrier 0.0058425963 381 0 500 129
dog-miniature_pinscher 0.0058199465 234 1 264 13
dog-english_cocker_spaniel 0.0056901276 0 0 331 235
dog-pomeranian 0.0056200325 400 30 441 39
dog-staffordshire_bull_terrier 0.005598247 377 255 439 276
cat-Birman 0.0055549145 485 35 499 64
dog-miniature_pinscher 0.0055119395 228 1 255 13
cat-British_Shorthair 0.005399257 0 0 313 188
dog-american_pit_bull_terrier 0.0053018928 369 0 500 119
dog-miniature_pinscher 0.0053018928 235 0 265 9
dog-scottish_terrier 0.0053018928 163 31 294 126
cat-Ragdoll 0.005281329 159 23 302 201
dog-english_cocker_spaniel 0.0051596165 464 42 499 151
dog-pug 0.0051196814 317 88 376 113
cat-Bombay 0.005099833 293 0 371 21
dog-pug 0.004886389 17 0 160 41
cat-Birman 0.004792303 400 30 441 39
dog-japanese_chin 0.004773736 483 28 499 57
dog-miniature_pinscher 0.004755199 221 1 248 13
dog-wheaten_terrier 0.0047451854 0 0 331 235
dog-staffordshire_bull_terrier 0.004573852 313 256 375 277
cat-Bengal 0.00450328 163 31 294 126
bella 0.004416555 466 84 500 170
dog-staffordshire_bull_terrier 0.004399419 302 256 357 278
dog-samoyed 0.0043715835 172 0 500 251
dog-wheaten_terrier 0.0043586493 172 0 500 251
dog-havanese 0.0043314993 400 30 441 39
cat-Maine_Coon 0.004297942 163 31 294 126
dog-miniature_pinscher 0.004264623 247 0 277 10
dog-staffordshire_bull_terrier 0.004264623 377 247 442 271
dog-american_bulldog 0.0042480826 400 30 441 39
dog-great_pyrenees 0.004215151 368 0 497 44
dog-miniature_pinscher 0.004215151 245 2 277 13
dog-samoyed 0.0041987896 160 26 303 240
dog-staffordshire_bull_terrier 0.0041662455 77 221 112 271
dog-yorkshire_terrier 0.0041500926 361 183 500 375
bella 0.004101932 471 136 500 210
dog-scottish_terrier 0.0040892065 172 0 500 251
cat-Bombay 0.0040543377 315 0 394 20
dog-scottish_terrier 0.0040390193 118 14 355 221
dog-miniature_pinscher 0.004038602 163 31 294 126
dog-basset_hound 0.00400728 466 74 500 161
cat-Maine_Coon 0.003914833 423 0 498 42
dog-beagle 0.003914833 159 23 302 201
dog-staffordshire_bull_terrier 0.003914833 335 153 390 176
dog-samoyed 0.0038844645 166 25 294 104
cat-Egyptian_Mau 0.0038543642 473 214 500 281
dog-basset_hound 0.0038543642 80 251 108 291
cat-Bombay 0.0038244724 25 0 117 21
dog-miniature_pinscher 0.0037800968 272 0 303 9
dog-pomeranian 0.0037800968 381 0 500 129
dog-basset_hound 0.00370726 472 157 500 228
dog-american_bulldog 0.0036785007 0 141 29 202
