dog-scottish_terrier 0.9884026 56 58 277 422
dog-shiba_inu 0.14270914 52 50 275 425
dog-keeshond 0.12421301 56 58 277 422
cat-Bengal 0.09610939 52 56 275 425
dog-miniature_pinscher 0.08133048 52 56 275 425
dog-chihuahua 0.06479663 52 54 277 421
dog-wheaten_terrier 0.061114907 52 54 277 421
cat-Maine_Coon 0.054882944 52 54 277 421
dog-english_cocker_spaniel 0.034228206 52 56 275 425
dog-staffordshire_bull_terrier 0.031143814 53 52 275 423
cat-Bombay 0.030100346 197 65 263 223
dog-yorkshire_terrier 0.027343094 52 56 275 425
dog-miniature_pinscher 0.026912302 190 68 264 205
cat-Bengal 0.025809616 190 68 264 205
dog-basset_hound 0.023197621 350 264 373 397
dog-scottish_terrier 0.02194783 0 22 280 465
cat-Egyptian_Mau 0.017986208 0 0 62 32
dog-newfoundland 0.017644465 53 57 275 421
cat-Russian_Blue 0.0173091 56 58 277 422
cat-Bombay 0.016774803 52 56 275 425
cat-Bengal 0.01652956 0 0 76 33
dog-german_shorthaired 0.015306354 200 62 263 191
dog-newfoundland 0.014842421 0 27 29 168
dog-japanese_chin 0.014728606 288 97 315 114
dog-scottish_terrier 0.014281929 160 64 268 313
dog-basset_hound 0.013428271 350 231 374 361
cat-Russian_Blue 0.012007356 2 0 101 51
cat-Egyptian_Mau 0.011687249 353 151 375 261
cat-Bengal 0.011331767 0 0 57 27
cat-Egyptian_Mau 0.010902375 352 263 375 374
dog-shiba_inu 0.010448635 272 1 375 68
dog-american_pit_bull_terrier 0.010248601 43 0 238 81
dog-samoyed 0.009763926 52 56 275 425
dog-american_pit_bull_terrier 0.008348048 0 27 29 168
dog-boxer 0.008251607 252 66 269 81
dog-shiba_inu 0.00818792 43 0 238 81
dog-boxer 0.008062005 255 65 276 83
dog-shiba_inu 0.007937998 10 0 108 36
dog-miniature_pinscher 0.0077555478 43 0 238 81
cat-Bombay 0.007695645 173 63 267 290
cat-Egyptian_Mau 0.0075772405 1 0 98 35
cat-Siamese 0.0073458254 2 0 101 51
dog-english_cocker_spaniel 0.007230133 0 0 243 410
bella 0.007066399 351 267 372 393
cat-British_Shorthair 0.007065475 0 73 279 412
dog-havanese 0.00704214 52 56 275 425
dog-american_pit_bull_terrier 0.007011801 52 50 275 425
dog-staffordshire_bull_terrier 0.006984651 166 277 196 297
dog-miniature_pinscher 0.0068058074 59 36 375 463
cat-Egyptian_Mau 0.006771207 352 229 375 337
cat-Bengal 0.006767392 0 71 286 495
cat-Bombay 0.0066411197 2 0 101 51
cat-Persian 0.0066154003 0 411 73 500
dog-newfoundland 0.0066154003 0 98 25 210
dog-english_cocker_spaniel 0.006538838 0 98 25 210
dog-havanese 0.006538838 288 97 315 114
dog-english_setter 0.006344408 52 56 275 425
dog-chihuahua 0.006226152 59 36 375 463
cat-Egyptian_Mau 0.006121278 351 280 372 405
dog-english_cocker_spaniel 0.0059803426 190 68 264 205
dog-leonberger 0.0059571564 0 27 29 168
dog-basset_hound 0.0058487356 0 73 279 412
cat-Egyptian_Mau 0.0058199465 354 293 375 393
dog-scottish_terrier 0.005797416 190 68 264 205
dog-miniature_pinscher 0.0057302415 0 0 62 32
cat-Egyptian_Mau 0.005708039 353 203 375 312
cat-Egyptian_Mau 0.0056858957 355 180 375 279
dog-german_shorthaired 0.0056419075 53 52 275 423
cat-Bengal 0.0055549145 0 0 31 31
dog-japanese_chin 0.0055119395 286 105 309 118
cat-Bengal 0.0054692626 0 0 43 41
bella 0.0054692626 351 222 373 344
dog-miniature_pinscher 0.005384952 160 64 268 313
cat-Egyptian_Mau 0.0053432584 0 0 39 36
dog-newfoundland 0.005260855 0 61 26 174
bella 0.0051596165 354 221 375 318
dog-english_cocker_spaniel 0.0050646663 0 22 280 465
dog-american_pit_bull_terrier 0.0049436986 301 0 375 71
cat-Birman 0.004924506 2 0 101 51
dog-wheaten_terrier 0.004897237 0 0 279 433
dog-leonberger 0.0048674047 364 1 375 29
dog-yorkshire_terrier 0.0048674047 0 31 25 141
cat-Bombay 0.004647374 87 67 375 425
cat-Egyptian_Mau 0.004609585 0 0 36 27
dog-leonberger 0.0045970976 0 73 279 412
dog-leonberger 0.004573852 205 322 279 366
cat-Bengal 0.0045699477 0 0 243 410
cat-Egyptian_Mau 0.0045561194 283 331 375 500
dog-scottish_terrier 0.004538417 0 27 28 158
cat-Russian_Blue 0.0043314993 0 0 62 32
dog-american_pit_bull_terrier 0.0043314993 308 0 375 57
dog-newfoundland 0.0042227507 0 0 243 410
cat-Abyssinian 0.0041662455 2 0 101 51
dog-shiba_inu 0.004159987 0 0 243 410
cat-Bengal 0.0041500926 2 0 101 51
dog-scottish_terrier 0.004128903 59 36 375 463
dog-basset_hound 0.004117906 354 281 375 380
dog-staffordshire_bull_terrier 0.004101932 65 0 244 77
cat-Egyptian_Mau 0.00400728 12 0 128 51
cat-Russian_Blue 0.00400728 26 0 155 54
