dog-scottish_terrier 0.9756698 223 18 318 178
dog-english_cocker_spaniel 0.3250919 221 23 320 174
dog-wheaten_terrier 0.20882356 220 22 319 177
cat-Bengal 0.14463145 221 23 320 174
dog-staffordshire_bull_terrier 0.11838511 222 18 319 177
cat-Maine_Coon 0.0931817 221 23 320 174
dog-shiba_inu 0.06766981 221 23 320 174
dog-miniature_pinscher 0.06233102 222 19 320 176
dog-samoyed 0.046291888 220 22 319 177
dog-keeshond 0.044348598 222 18 319 177
dog-yorkshire_terrier 0.027014792 220 22 319 177
cat-Abyssinian 0.02048856 231 18 315 105
dog-newfoundland 0.017712295 221 17 318 177
cat-Egyptian_Mau 0.016152829 466 197 498 279
cat-Bombay 0.015189052 334 0 471 26
cat-Bombay 0.0151307285 83 0 169 18
cat-Sphynx 0.014899641 231 18 315 105
dog-yorkshire_terrier 0.013689488 25 31 84 130
cat-Bombay 0.0122886 82 0 213 24
cat-Bombay 0.010986954 221 19 319 171
cat-Siamese 0.010860324 231 18 315 105
dog-chihuahua 0.010818452 229 18 315 106
bella 0.010693759 221 23 320 174
dog-english_cocker_spaniel 0.010489106 217 117 324 178
dog-german_shorthaired 0.010408312 216 19 324 175
dog-havanese 0.009974927 220 22 319 177
dog-chihuahua 0.009708464 222 19 320 176
dog-shiba_inu 0.009522498 227 20 312 82
cat-Bengal 0.0094490945 230 20 312 81
cat-British_Shorthair 0.009268016 221 19 319 171
cat-Bengal 0.008813173 232 19 309 55
cat-Egyptian_Mau 0.008610755 221 23 320 174
dog-basset_hound 0.008544326 220 22 319 177
dog-beagle 0.008315772 231 18 315 105
dog-american_pit_bull_terrier 0.008142501 199 6 500 232
dog-yorkshire_terrier 0.007999748 30 28 67 100
cat-Russian_Blue 0.007876694 221 19 319 171
cat-Egyptian_Mau 0.0074896216 231 21 309 67
cat-Maine_Coon 0.0074896216 227 20 312 82
cat-Egyptian_Mau 0.007460654 0 196 31 263
dog-keeshond 0.0070390403 227 20 312 82
dog-staffordshire_bull_terrier 0.0069576204 238 19 312 54
dog-samoyed 0.006823957 227 20 312 82
dog-great_pyrenees 0.0066669285 231 21 309 67
cat-Egyptian_Mau 0.0066154003 470 206 500 267
cat-Sphynx 0.0065897703 238 19 312 54
cat-Ragdoll 0.0065642595 231 18 315 105
dog-american_pit_bull_terrier 0.0064882636 223 19 320 178
dog-wheaten_terrier 0.0059921145 0 0 334 238
dog-pomeranian 0.0059571564 227 20 312 82
cat-Ragdoll 0.0058653355 278 20 317 67
dog-yorkshire_terrier 0.005708039 15 25 299 168
dog-german_shorthaired 0.0056419075 225 19 312 129
dog-yorkshire_terrier 0.0056200325 0 32 65 155
cat-Egyptian_Mau 0.0055119395 231 18 315 105
cat-Bengal 0.005447358 0 0 334 238
dog-miniature_pinscher 0.0054269433 316 4 500 71
dog-shiba_inu 0.0054269433 238 19 312 54
dog-yorkshire_terrier 0.0053432584 205 0 336 158
cat-Bombay 0.0052404404 340 0 435 20
cat-Egyptian_Mau 0.005139619 0 225 28 278
dog-american_pit_bull_terrier 0.005139619 316 4 500 71
dog-scottish_terrier 0.005099833 205 0 336 158
dog-beagle 0.005060345 64 127 104 155
dog-american_pit_bull_terrier 0.005001664 57 0 226 37
cat-British_Shorthair 0.0048058033 0 0 334 238
dog-english_cocker_spaniel 0.0047829747 199 6 500 232
dog-yorkshire_terrier 0.004609585 18 34 92 168
dog-miniature_pinscher 0.004538417 0 0 33 9
dog-miniature_pinscher 0.004412204 199 6 500 232
cat-Sphynx 0.004399419 313 0 433 27
dog-english_setter 0.004365325 220 22 319 177
dog-havanese 0.0043483675 26 28 83 121
cat-Egyptian_Mau 0.004314691 0 179 31 247
cat-Bengal 0.004297942 95 30 321 235
dog-wheaten_terrier 0.004297942 26 28 83 121
dog-american_bulldog 0.0042812526 231 18 315 105
dog-wheaten_terrier 0.0042401254 0 0 316 177
dog-scottish_terrier 0.0041824877 227 20 312 82
dog-leonberger 0.004173368 195 49 500 332
dog-english_cocker_spaniel 0.0041422844 0 0 337 318
dog-english_cocker_spaniel 0.004101932 150 118 192 133
bella 0.004101932 1 223 28 279
dog-yorkshire_terrier 0.004070133 227 20 312 82
dog-basset_hound 0.0040567517 0 0 334 238
cat-Egyptian_Mau 0.004038602 0 99 32 167
cat-Bombay 0.00400728 227 22 291 83
cat-Egyptian_Mau 0.0039607882 0 30 14 56
dog-american_pit_bull_terrier 0.0039461553 195 49 500 332
dog-american_bulldog 0.003902495 199 6 500 232
dog-basset_hound 0.0038698316 199 6 500 232
cat-Russian_Blue 0.0038693845 322 0 448 26
dog-scottish_terrier 0.0038394034 232 19 309 55
dog-yorkshire_terrier 0.0038244724 225 19 312 129
dog-beagle 0.0038096309 72 117 108 149
dog-great_pyrenees 0.0038096309 27 0 163 38
dog-samoyed 0.0037948191 238 19 312 54
dog-samoyed 0.0037948191 205 0 336 158
cat-Maine_Coon 0.003750801 232 19 309 55
dog-boxer 0.0037362278 231 18 315 105
