dog-shiba_inu 0.9372108 172 31 348 251
dog-chihuahua 0.48340455 171 32 348 252
dog-miniature_pinscher 0.13028541 171 32 348 252
cat-Sphynx 0.10484338 172 31 348 251
dog-american_pit_bull_terrier 0.08122775 171 32 348 252
cat-Bengal 0.07133201 0 1 42 92
dog-staffordshire_bull_terrier 0.040540725 171 32 348 252
dog-scottish_terrier 0.038466215 171 31 349 251
dog-saint_bernard 0.028382123 365 0 453 23
dog-shiba_inu 0.026405513 350 0 446 23
dog-american_bulldog 0.022933573 365 0 453 23
cat-Ragdoll 0.02199021 333 0 410 23
dog-leonberger 0.02056709 365 0 453 23
cat-Ragdoll 0.01897803 316 0 394 25
dog-shiba_inu 0.018957078 175 4 500 252
dog-chihuahua 0.018534064 175 4 500 252
bella 0.01784873 2 212 132 375
dog-american_bulldog 0.017644465 346 0 427 22
dog-great_pyrenees 0.015967667 333 0 410 23
dog-american_bulldog 0.015845358 334 0 409 19
cat-Egyptian_Mau 0.014392346 346 0 427 22
dog-shiba_inu 0.013480097 333 0 410 23
dog-beagle 0.013428271 420 3 500 159
dog-basset_hound 0.013121277 411 185 500 375
dog-boxer 0.013020486 378 0 497 40
dog-great_pyrenees 0.012383789 316 0 394 25
dog-saint_bernard 0.012007356 346 0 427 22
dog-great_pyrenees 0.011029482 356 0 441 22
cat-Ragdoll 0.010408312 356 0 441 22
cat-Abyssinian 0.010209054 170 31 350 251
cat-Ragdoll 0.010169655 299 1 379 28
cat-Siamese 0.010130405 334 0 409 19
cat-Egyptian_Mau 0.009671003 334 0 409 19
dog-saint_bernard 0.009559393 387 0 474 24
dog-basset_hound 0.009376228 430 178 500 342
dog-shiba_inu 0.009268016 0 0 49 97
cat-Siamese 0.00919655 346 0 427 22
cat-Egyptian_Mau 0.009161025 0 1 39 77
dog-leonberger 0.00895071 346 0 423 19
cat-Abyssinian 0.008847356 334 0 409 19
dog-american_bulldog 0.008847356 316 0 394 25
cat-Abyssinian 0.008711398 360 177 500 375
bella 0.008711398 4 139 77 316
cat-Abyssinian 0.008644164 0 2 44 93
cat-Maine_Coon 0.008511305 345 346 390 371
dog-shiba_inu 0.008315772 0 264 216 375
dog-beagle 0.008283615 171 32 348 252
dog-american_bulldog 0.008251607 171 32 348 252
cat-Sphynx 0.008240819 175 4 500 252
dog-miniature_pinscher 0.008062005 164 35 342 161
dog-leonberger 0.007937998 0 106 30 183
cat-Abyssinian 0.007794559 175 4 500 252
cat-Sphynx 0.007785648 178 37 334 129
cat-Bengal 0.0077190995 0 3 352 238
dog-english_setter 0.0075772405 171 31 353 249
cat-Abyssinian 0.007547915 346 0 427 22
cat-Maine_Coon 0.0075176656 175 4 500 252
dog-beagle 0.0074896216 334 0 409 19
dog-basset_hound 0.007460654 420 3 500 159
dog-shiba_inu 0.0074317753 316 0 394 25
cat-Siamese 0.0073648095 175 4 500 252
bella 0.006930679 356 0 441 22
cat-Russian_Blue 0.006850481 343 0 484 39
cat-British_Shorthair 0.006842673 0 3 352 238
cat-Bengal 0.0067975223 0 0 38 69
cat-Birman 0.006771207 334 0 409 19
dog-japanese_chin 0.006744981 221 217 280 243
cat-Sphynx 0.006718874 434 0 458 15
cat-Bengal 0.0064381063 430 178 500 342
dog-beagle 0.0062898993 378 0 497 40
dog-staffordshire_bull_terrier 0.0062170923 217 95 246 113
cat-Ragdoll 0.0061724186 175 4 500 252
dog-samoyed 0.00614509 333 0 410 23
dog-miniature_pinscher 0.006050408 0 1 43 89
dog-miniature_pinscher 0.0060269535 430 178 500 342
dog-pomeranian 0.0060035884 334 0 409 19
dog-saint_bernard 0.0060035884 334 0 409 19
dog-shiba_inu 0.0059340596 175 128 339 252
cat-Maine_Coon 0.005911082 366 0 434 16
cat-Bengal 0.005774915 474 250 500 320
dog-samoyed 0.0056419075 316 0 394 25
dog-american_bulldog 0.005576551 378 0 497 40
dog-miniature_pinscher 0.005448073 6 1 125 71
dog-miniature_pinscher 0.0053806603 175 4 500 252
cat-Siamese 0.0053432584 316 0 394 25
cat-Siamese 0.0053432584 343 0 484 39
dog-japanese_chin 0.0053432584 346 0 427 22
dog-japanese_chin 0.0053018928 252 243 271 266
cat-Egyptian_Mau 0.005281329 0 7 48 108
cat-Ragdoll 0.0051797032 172 69 227 182
cat-Sphynx 0.005139619 343 0 484 39
dog-great_pyrenees 0.005099833 299 1 379 28
dog-japanese_chin 0.0048674047 238 249 260 283
dog-pomeranian 0.0048348606 175 4 500 252
cat-Egyptian_Mau 0.004810989 378 0 497 40
dog-beagle 0.004789561 175 4 500 252
dog-samoyed 0.004773736 171 32 348 252
cat-Sphynx 0.004755199 339 7 492 63
dog-japanese_chin 0.0046818256 256 246 276 276
dog-shiba_inu 0.0045954287 144 32 375 336
