dog-shiba_inu 0.9019207 135 103 204 195
dog-samoyed 0.61508787 135 103 202 196
cat-Maine_Coon 0.2014988 136 102 203 197
bella 0.19713515 135 103 202 196
cat-Egyptian_Mau 0.096365094 136 102 203 197
dog-scottish_terrier 0.07450026 136 102 203 197
cat-Egyptian_Mau 0.053998828 126 189 200 266
dog-american_pit_bull_terrier 0.046724975 136 102 203 197
cat-Sphynx 0.036220074 137 102 204 195
dog-chihuahua 0.035813183 137 102 204 195
dog-basset_hound 0.035144836 136 102 203 197
dog-american_bulldog 0.032589734 136 102 203 197
dog-american_bulldog 0.029090762 125 192 201 266
dog-beagle 0.026963502 136 102 203 197
dog-keeshond 0.024145424 136 102 203 197
dog-saint_bernard 0.022586048 126 190 201 266
cat-Russian_Blue 0.022457063 136 102 203 197
cat-Abyssinian 0.021948248 137 102 204 195
dog-beagle 0.021491766 126 189 200 266
dog-yorkshire_terrier 0.019756913 232 0 500 84
dog-staffordshire_bull_terrier 0.018869251 136 102 203 197
dog-leonberger 0.017270029 116 124 500 360
dog-yorkshire_terrier 0.015724003 142 0 500 102
dog-basset_hound 0.015663654 126 189 200 266
cat-Bengal 0.015014738 137 102 204 195
cat-Ragdoll 0.014281929 137 102 204 195
cat-Russian_Blue 0.012870759 0 300 96 362
dog-yorkshire_terrier 0.012624949 180 0 430 49
dog-english_setter 0.012007356 136 102 203 197
dog-japanese_chin 0.0118691325 126 190 201 266
cat-British_Shorthair 0.010288298 156 205 500 362
dog-yorkshire_terrier 0.009232223 371 5 500 161
dog-yorkshire_terrier 0.009090394 335 0 500 84
cat-British_Shorthair 0.009055257 126 189 200 266
cat-Siamese 0.009020269 136 102 203 197
dog-pomeranian 0.00898543 137 102 204 195
dog-pomeranian 0.008813173 67 0 375 118
cat-Ragdoll 0.007968813 126 191 201 267
cat-Siamese 0.007937998 3 0 135 40
dog-yorkshire_terrier 0.007907301 350 3 500 58
cat-Birman 0.007846236 14 0 165 38
cat-Egyptian_Mau 0.007846236 0 0 33 13
dog-shiba_inu 0.007846236 134 106 198 155
cat-British_Shorthair 0.007725537 136 102 203 197
dog-yorkshire_terrier 0.007460654 197 2 407 68
dog-great_pyrenees 0.007374376 135 101 202 189
dog-miniature_pinscher 0.007260859 136 102 203 197
dog-wheaten_terrier 0.006984651 135 103 202 196
dog-english_cocker_spaniel 0.0069576204 136 102 203 197
dog-yorkshire_terrier 0.0062898993 325 1 500 80
cat-Abyssinian 0.006265521 126 189 200 266
dog-samoyed 0.00614509 134 106 198 155
cat-Bombay 0.0058653355 151 0 314 27
dog-yorkshire_terrier 0.0058425963 251 0 500 117
dog-great_pyrenees 0.005556226 120 67 500 342
dog-american_bulldog 0.0053169727 0 32 232 343
dog-japanese_chin 0.005185187 116 124 500 360
bella 0.0050800443 466 166 498 257
dog-yorkshire_terrier 0.005060345 220 0 404 38
dog-shiba_inu 0.0049436986 7 0 139 48
dog-havanese 0.004886389 170 0 490 87
dog-great_pyrenees 0.0048784018 134 0 500 205
dog-havanese 0.0048339665 175 0 500 243
cat-Russian_Blue 0.004773736 270 253 500 362
dog-yorkshire_terrier 0.0047183633 259 0 500 54
bella 0.0046818256 126 189 200 266
dog-samoyed 0.004609585 325 1 500 80
cat-British_Shorthair 0.004573852 339 243 369 253
dog-basset_hound 0.0045561194 465 243 497 326
dog-english_cocker_spaniel 0.00450328 460 37 499 128
dog-english_cocker_spaniel 0.004365325 462 66 500 159
cat-Bombay 0.004297942 61 0 224 28
dog-havanese 0.004297942 371 5 500 161
dog-wheaten_terrier 0.004297942 352 10 500 104
cat-Egyptian_Mau 0.004264623 0 52 30 136
cat-Russian_Blue 0.0042480826 126 189 200 266
dog-american_bulldog 0.00421685 0 0 288 325
cat-Russian_Blue 0.004215151 338 193 500 362
dog-basset_hound 0.0041662455 466 156 499 252
cat-Bombay 0.0041339695 421 1 500 35
cat-Maine_Coon 0.004117906 134 106 198 155
dog-yorkshire_terrier 0.004085988 329 0 487 41
cat-Egyptian_Mau 0.004070133 0 174 31 244
cat-Bombay 0.003914833 99 0 265 27
dog-american_bulldog 0.003906369 68 86 470 342
dog-american_pit_bull_terrier 0.0038693845 257 75 350 143
bella 0.0038096309 472 185 500 257
cat-Egyptian_Mau 0.0037800968 0 309 103 362
dog-english_cocker_spaniel 0.0037800968 0 52 30 136
dog-japanese_chin 0.0037654042 183 103 198 120
dog-basset_hound 0.003721714 0 52 30 136
dog-basset_hound 0.00370726 469 220 497 309
cat-Persian 0.0036928654 232 0 500 84
dog-pomeranian 0.0036928654 3 0 135 40
dog-havanese 0.0035243332 318 75 395 144
cat-British_Shorthair 0.0034970045 0 309 103 362
dog-yorkshire_terrier 0.0034970045 272 0 448 39
bella 0.0034970045 473 202 500 275
bella 0.0034564137 471 159 500 231
dog-american_pit_bull_terrier 0.0034134984 0 0 239 295
