dog-shiba_inu 0.5983122 138 161 289 284
cat-Sphynx 0.46490157 138 161 289 284
dog-staffordshire_bull_terrier 0.40922078 138 161 286 281
cat-Russian_Blue 0.38306418 138 161 289 284
dog-chihuahua 0.29057807 138 161 289 284
cat-Siamese 0.16211456 143 157 278 276
dog-keeshond 0.1470645 138 161 289 284
dog-american_pit_bull_terrier 0.109705776 138 161 289 284
cat-Bengal 0.10932484 140 160 292 285
cat-Egyptian_Mau 0.09704757 143 157 278 276
cat-Abyssinian 0.08803314 143 157 278 276
cat-Birman 0.080501914 141 160 275 275
dog-scottish_terrier 0.054903865 138 161 289 284
dog-miniature_pinscher 0.053601146 138 161 289 284
cat-British_Shorthair 0.041152894 143 157 278 276
cat-Ragdoll 0.034618855 143 157 278 276
dog-german_shorthaired 0.03448853 138 161 289 284
dog-leonberger 0.033971995 138 161 289 284
dog-beagle 0.032283276 138 161 289 284
cat-Maine_Coon 0.03197956 138 161 289 284
dog-american_bulldog 0.031143814 141 160 275 275
dog-boxer 0.022977382 138 161 289 284
bella 0.022586048 141 160 275 275
cat-Bombay 0.019493878 138 161 289 284
dog-basset_hound 0.01724279 141 160 275 275
dog-yorkshire_terrier 0.016657054 128 12 255 127
dog-pug 0.014447838 141 160 275 275
dog-pomeranian 0.013428271 141 160 275 275
cat-Maine_Coon 0.013020486 73 240 120 294
dog-yorkshire_terrier 0.012527943 138 161 289 284
cat-British_Shorthair 0.012336105 65 246 89 261
dog-samoyed 0.012100399 138 161 289 284
cat-Persian 0.01001358 83 291 116 306
cat-Egyptian_Mau 0.00963366 157 304 328 500
bella 0.0087451935 0 431 80 500
dog-yorkshire_terrier 0.0075772405 244 5 333 77
cat-Egyptian_Mau 0.0075651407 0 198 315 500
dog-staffordshire_bull_terrier 0.0074317753 143 166 206 263
dog-newfoundland 0.007176876 134 16 256 121
dog-english_setter 0.006984651 138 161 289 284
dog-basset_hound 0.006513506 24 224 40 256
cat-British_Shorthair 0.006265521 68 244 93 256
dog-boxer 0.006241262 143 166 206 263
dog-yorkshire_terrier 0.005911082 0 0 257 239
dog-miniature_pinscher 0.0058199465 244 5 333 77
cat-British_Shorthair 0.005797416 33 289 54 307
dog-english_cocker_spaniel 0.0056419075 73 240 120 294
dog-miniature_pinscher 0.0056200325 182 1 207 12
cat-Bombay 0.0053640604 250 0 304 30
dog-great_pyrenees 0.005361527 165 0 333 355
dog-basset_hound 0.0053225458 73 240 120 294
dog-basset_hound 0.005220115 209 102 235 132
dog-basset_hound 0.005021453 0 241 321 500
cat-Maine_Coon 0.0049823225 0 198 315 500
cat-Egyptian_Mau 0.0049317777 0 241 321 500
cat-Abyssinian 0.0048674047 157 304 328 500
cat-Bombay 0.0048297346 276 2 333 44
dog-german_shorthaired 0.004810989 140 164 190 254
cat-Bombay 0.0047367513 191 2 213 11
cat-British_Shorthair 0.004645556 61 243 84 258
cat-Egyptian_Mau 0.004627526 73 290 333 500
dog-yorkshire_terrier 0.0045916736 221 0 333 132
bella 0.0045208335 140 164 190 254
cat-Bengal 0.00450328 106 0 170 28
bella 0.00450328 1 248 21 317
dog-basset_hound 0.004433751 21 234 37 251
cat-Bombay 0.004399419 100 0 162 28
cat-Bombay 0.0043314993 182 1 207 12
dog-english_cocker_spaniel 0.0041987896 212 54 235 64
dog-shiba_inu 0.0041987896 150 159 231 237
dog-staffordshire_bull_terrier 0.0041987896 160 161 229 220
dog-pomeranian 0.0041971505 87 0 333 335
cat-Bengal 0.0041824877 221 161 291 272
dog-yorkshire_terrier 0.0041662455 211 11 333 125
cat-British_Shorthair 0.0040543377 191 2 213 11
dog-staffordshire_bull_terrier 0.004047394 0 241 321 500
cat-Egyptian_Mau 0.00400728 73 240 120 294
dog-basset_hound 0.00400728 15 240 32 258
dog-american_pit_bull_terrier 0.003976226 221 0 333 132
cat-Maine_Coon 0.0039607882 59 242 111 296
dog-german_shorthaired 0.0039454103 182 1 207 12
dog-wheaten_terrier 0.0039454103 138 161 289 284
dog-english_cocker_spaniel 0.0038878024 0 0 247 259
cat-Persian 0.0038439333 0 0 294 417
dog-great_pyrenees 0.0038419962 111 0 320 371
cat-Egyptian_Mau 0.0038244724 316 263 333 349
dog-english_cocker_spaniel 0.0038244724 141 160 275 275
dog-staffordshire_bull_terrier 0.0037654042 190 424 215 438
cat-Persian 0.003750801 143 155 285 284
dog-basset_hound 0.003750801 16 233 33 251
dog-newfoundland 0.00370726 47 100 128 172
dog-havanese 0.003643304 87 0 333 335
dog-shiba_inu 0.003621906 0 198 315 500
dog-english_cocker_spaniel 0.0036216974 2 245 21 261
dog-japanese_chin 0.0036216974 184 296 214 315
dog-basset_hound 0.0035657287 6 239 24 256
cat-Maine_Coon 0.003538072 93 0 174 37
cat-Siamese 0.003538072 2 0 93 53
cat-Sphynx 0.003538072 221 168 291 285
dog-basset_hound 0.0035243332 2 245 21 261
