dog-shiba_inu 0.94417685 97 148 192 256
cat-Maine_Coon 0.09568694 97 147 192 257
bella 0.09057447 96 148 193 256
dog-staffordshire_bull_terrier 0.075858176 98 148 195 258
dog-samoyed 0.048047364 97 147 192 257
dog-scottish_terrier 0.044847906 97 147 192 257
dog-american_pit_bull_terrier 0.03690806 98 148 195 258
cat-Egyptian_Mau 0.027066171 98 148 195 258
dog-leonberger 0.024053544 0 103 24 212
dog-american_pit_bull_terrier 0.01923427 139 0 350 104
cat-Sphynx 0.018334448 98 148 195 258
cat-Bengal 0.017712295 98 148 195 258
cat-Russian_Blue 0.017110884 98 148 195 258
dog-keeshond 0.017110884 98 148 195 258
cat-Egyptian_Mau 0.01542455 351 99 374 198
dog-chihuahua 0.015306354 98 148 195 258
cat-Birman 0.014672041 0 103 24 212
dog-american_bulldog 0.013902068 98 148 195 258
dog-wheaten_terrier 0.013222814 256 152 296 188
dog-wheaten_terrier 0.012821227 248 152 282 188
cat-Siamese 0.011642218 98 148 195 258
cat-Bombay 0.010693759 0 103 24 212
cat-Siamese 0.010448635 0 103 24 212
dog-leonberger 0.0097461045 307 184 338 239
dog-keeshond 0.009268016 0 133 23 246
dog-scottish_terrier 0.00912565 63 151 192 280
cat-Abyssinian 0.009020269 98 148 195 258
dog-yorkshire_terrier 0.0080932975 0 113 24 227
cat-Abyssinian 0.007815897 2 102 23 192
dog-scottish_terrier 0.0077555478 0 133 23 246
dog-leonberger 0.007725537 316 181 341 230
cat-Egyptian_Mau 0.007695645 0 103 24 212
dog-shiba_inu 0.0076362193 0 0 121 85
dog-japanese_chin 0.007606685 0 103 24 212
dog-beagle 0.0075772405 98 148 195 258
dog-english_cocker_spaniel 0.007562846 0 9 246 299
dog-newfoundland 0.0073458254 0 113 24 227
dog-wheaten_terrier 0.0069576204 98 148 195 258
dog-english_cocker_spaniel 0.006771207 98 148 195 258
dog-english_setter 0.006744981 98 148 195 258
dog-miniature_pinscher 0.0066928566 98 148 195 258
dog-basset_hound 0.0065642595 97 147 192 257
cat-Maine_Coon 0.006538838 22 71 47 88
cat-Ragdoll 0.0064882636 0 103 24 212
cat-Birman 0.006192982 96 147 141 185
cat-Egyptian_Mau 0.006121278 248 152 282 188
cat-Egyptian_Mau 0.006097555 241 152 271 187
cat-Egyptian_Mau 0.0059803426 355 125 375 208
cat-Persian 0.005911082 282 183 327 198
dog-pomeranian 0.0058653355 0 103 24 212
dog-yorkshire_terrier 0.0058425963 282 183 327 198
cat-Russian_Blue 0.0056200325 0 103 24 212
dog-keeshond 0.0054692626 0 103 24 212
cat-Siamese 0.0053225458 2 102 23 178
dog-leonberger 0.005220115 287 183 330 197
dog-boxer 0.0051596165 212 153 261 188
dog-wheaten_terrier 0.005139619 0 133 23 246
dog-staffordshire_bull_terrier 0.0051196814 31 128 83 169
cat-British_Shorthair 0.005060345 98 148 195 258
dog-beagle 0.005060345 230 152 265 187
dog-havanese 0.005060345 282 183 327 198
dog-staffordshire_bull_terrier 0.005060345 49 128 90 169
dog-english_cocker_spaniel 0.0050013363 0 0 211 279
dog-english_cocker_spaniel 0.0049054027 268 113 290 129
dog-wheaten_terrier 0.0049054027 300 168 339 202
cat-Egyptian_Mau 0.0048674047 0 133 23 246
dog-american_bulldog 0.0048297346 249 0 332 78
dog-wheaten_terrier 0.0047823787 0 9 246 299
dog-english_cocker_spaniel 0.0047367513 268 111 292 122
cat-Egyptian_Mau 0.004663646 230 152 265 187
dog-beagle 0.0045916736 247 1 364 82
dog-wheaten_terrier 0.0045208335 267 152 306 189
bella 0.0044510365 183 322 226 390
cat-British_Shorthair 0.004416555 0 113 24 227
dog-boxer 0.004399419 49 128 90 169
dog-wheaten_terrier 0.004365325 241 152 271 187
dog-scottish_terrier 0.0043605864 0 9 246 299
cat-Ragdoll 0.0043314993 109 149 191 244
cat-Bengal 0.004314691 0 144 23 253
cat-Egyptian_Mau 0.004264623 353 89 375 178
cat-Egyptian_Mau 0.0042480826 256 152 296 188
bella 0.0042480826 0 166 24 245
cat-Persian 0.004085988 0 103 24 212
dog-staffordshire_bull_terrier 0.004085988 0 113 24 227
dog-beagle 0.004038602 212 153 261 188
dog-leonberger 0.004038602 228 165 266 189
cat-Maine_Coon 0.0040228963 0 133 23 246
dog-leonberger 0.00400728 0 133 23 246
cat-Russian_Blue 0.003991723 92 106 121 119
cat-Egyptian_Mau 0.0039454103 357 187 375 276
dog-english_cocker_spaniel 0.003914833 63 151 192 280
dog-shiba_inu 0.003914833 139 0 350 104
dog-chihuahua 0.0038844645 0 103 24 212
dog-english_cocker_spaniel 0.0038844645 101 149 256 290
cat-Bengal 0.0038394034 0 103 24 212
dog-boxer 0.003721714 31 128 83 169
dog-samoyed 0.0036785007 0 133 23 246
cat-Bombay 0.0036499798 2 102 23 178
dog-leonberger 0.0035518706 2 102 23 178
dog-basset_hound 0.003538072 0 123 24 238
