dog-shiba_inu 0.86196685 21 125 334 398
dog-staffordshire_bull_terrier 0.3752051 21 125 334 398
dog-beagle 0.2666436 13 127 333 402
bella 0.11457315 21 125 334 398
dog-american_bulldog 0.10613519 21 116 334 399
cat-Sphynx 0.078500986 10 127 333 400
dog-american_pit_bull_terrier 0.04922211 10 127 333 400
cat-Maine_Coon 0.04867658 10 127 333 400
cat-Egyptian_Mau 0.042802155 10 127 333 400
cat-Russian_Blue 0.040937692 21 116 334 399
dog-chihuahua 0.036151946 13 135 334 392
cat-Abyssinian 0.034310192 21 116 334 399
dog-samoyed 0.028436035 13 127 333 402
cat-Siamese 0.025616705 21 116 334 399
dog-scottish_terrier 0.023021251 10 127 333 400
dog-shiba_inu 0.021510243 8 0 334 416
cat-Ragdoll 0.018440217 10 127 333 400
dog-american_bulldog 0.014036894 8 0 334 416
bella 0.0137218535 8 0 334 416
dog-shiba_inu 0.012466311 7 91 334 500
dog-staffordshire_bull_terrier 0.011549294 8 0 334 416
cat-Bombay 0.010328144 208 0 318 39
cat-Bombay 0.009936422 9 0 113 51
dog-shiba_inu 0.008711398 168 99 332 369
dog-pomeranian 0.008617312 13 124 334 402
cat-Egyptian_Mau 0.008475542 8 0 334 416
dog-boxer 0.008352548 31 88 334 402
dog-havanese 0.008315772 277 7 331 146
dog-staffordshire_bull_terrier 0.007864505 7 91 334 500
cat-Bombay 0.0074896216 173 0 284 39
dog-staffordshire_bull_terrier 0.0074317753 233 3 332 71
dog-yorkshire_terrier 0.0074317753 239 0 334 53
dog-newfoundland 0.007066399 239 0 334 53
dog-basset_hound 0.0067771673 21 116 334 399
cat-Egyptian_Mau 0.006771207 0 285 20 402
dog-keeshond 0.006757647 21 116 334 399
dog-havanese 0.006718874 253 0 334 191
cat-Bombay 0.0063635707 31 0 148 53
cat-Birman 0.0061463416 31 88 334 402
cat-Bombay 0.0058653355 139 0 250 40
cat-Bengal 0.005598247 0 369 22 485
bella 0.005533397 118 241 154 277
dog-shiba_inu 0.0055119395 23 145 220 392
dog-wheaten_terrier 0.0055119395 278 21 331 195
dog-yorkshire_terrier 0.0054905713 277 7 331 146
dog-keeshond 0.005405903 278 21 331 195
cat-Ragdoll 0.0054056942 8 0 334 416
cat-Siamese 0.005384952 1 0 95 50
dog-american_pit_bull_terrier 0.0053225458 239 0 334 53
cat-Bombay 0.005260855 107 0 218 41
dog-leonberger 0.005260855 0 257 21 346
cat-Bombay 0.0051998794 62 0 183 53
dog-miniature_pinscher 0.0051596165 233 3 332 71
dog-great_pyrenees 0.0051196814 253 0 334 191
dog-havanese 0.0051196814 291 5 334 135
dog-basset_hound 0.004962951 302 157 333 308
dog-pug 0.0049436986 239 0 334 53
cat-Bombay 0.0049054027 149 0 266 51
dog-basset_hound 0.0048674047 0 334 20 447
dog-yorkshire_terrier 0.0048674047 291 5 334 135
dog-basset_hound 0.00484854 0 295 20 414
dog-staffordshire_bull_terrier 0.004810989 168 99 332 369
cat-Birman 0.004792303 115 0 232 51
cat-Bombay 0.0046818256 239 0 334 53
dog-english_setter 0.004583955 0 0 253 392
cat-Egyptian_Mau 0.004538417 0 334 20 447
dog-samoyed 0.004466206 30 8 334 382
cat-British_Shorthair 0.004433751 274 2 334 41
dog-havanese 0.0043483675 213 0 334 223
cat-Siamese 0.0043314993 324 4 334 39
cat-Siamese 0.004314691 97 0 216 52
cat-Bombay 0.0042812526 115 0 232 51
cat-Bombay 0.0042480826 182 0 303 51
cat-Maine_Coon 0.0042351484 8 0 334 416
cat-Sphynx 0.0041463077 16 11 334 386
dog-great_pyrenees 0.004117906 292 23 334 176
dog-yorkshire_terrier 0.004101932 253 0 334 191
cat-Birman 0.0040543377 79 0 200 52
dog-scottish_terrier 0.003991723 239 0 334 53
bella 0.0039607882 1 331 20 451
dog-american_pit_bull_terrier 0.003930092 253 0 334 191
dog-newfoundland 0.003914833 278 21 331 195
cat-Bengal 0.0038844645 0 394 28 500
cat-Russian_Blue 0.0038844645 115 0 226 41
dog-english_cocker_spaniel 0.0038244724 0 308 20 425
cat-Ragdoll 0.0037615895 127 0 334 347
cat-Bengal 0.003750801 15 133 326 405
dog-newfoundland 0.0037362278 274 2 334 41
dog-yorkshire_terrier 0.0037273765 31 88 334 402
dog-american_pit_bull_terrier 0.003721714 277 0 334 53
dog-english_cocker_spaniel 0.00370726 0 346 20 461
dog-yorkshire_terrier 0.00370726 277 0 334 53
cat-Siamese 0.0036871433 8 0 334 416
dog-keeshond 0.0036642253 292 23 334 176
dog-havanese 0.0036499798 233 3 332 71
dog-leonberger 0.0036173165 0 0 253 392
dog-beagle 0.0036101937 8 0 334 416
cat-Birman 0.0035796463 149 0 266 51
dog-leonberger 0.0035796463 10 127 333 400
bella 0.0035657287 306 281 333 385
