cat-Siamese 0.99383104 146 38 375 292
cat-Sphynx 0.13523209 148 36 377 289
dog-boxer 0.10818896 148 36 377 289
dog-chihuahua 0.0638316 148 36 377 289
cat-Abyssinian 0.051653802 146 38 375 290
cat-Russian_Blue 0.0498659 148 36 377 289
cat-Birman 0.04292524 150 38 374 293
cat-Bombay 0.03718677 148 36 377 289
cat-Siamese 0.032100707 165 187 365 284
dog-pug 0.029423594 148 36 377 289
dog-shiba_inu 0.022499979 148 36 377 289
cat-Siamese 0.021130592 169 47 500 305
dog-staffordshire_bull_terrier 0.016849011 150 38 374 293
cat-Siamese 0.016277462 168 223 350 284
cat-Ragdoll 0.015483975 148 36 377 289
cat-Siamese 0.015102357 0 52 387 315
cat-Siamese 0.013902068 342 0 420 19
cat-Maine_Coon 0.012336105 148 36 377 289
dog-pomeranian 0.011302322 150 38 374 293
dog-miniature_pinscher 0.011288077 147 46 373 176
cat-Birman 0.010368168 168 223 350 284
dog-saint_bernard 0.009821802 148 36 377 289
cat-Sphynx 0.009450346 0 52 387 315
cat-Egyptian_Mau 0.009303957 363 1 462 44
dog-chihuahua 0.009268016 157 56 214 162
cat-Siamese 0.008401364 108 62 382 375
cat-Sphynx 0.008319378 169 47 500 305
cat-Siamese 0.008315772 322 0 393 21
dog-chihuahua 0.008105457 169 47 500 305
dog-shiba_inu 0.007876694 168 223 350 284
dog-german_shorthaired 0.0076362193 279 38 369 138
dog-leonberger 0.007588297 150 38 374 293
cat-Birman 0.007587582 167 0 500 271
dog-japanese_chin 0.0074896216 148 36 377 289
dog-pug 0.0072636902 0 25 392 334
dog-leonberger 0.006903827 0 118 31 196
cat-Siamese 0.0066928566 328 2 408 27
dog-pug 0.006678343 169 47 500 305
dog-american_pit_bull_terrier 0.0066669285 148 36 377 289
dog-shiba_inu 0.0066669285 363 1 462 44
cat-Bengal 0.0062898993 147 46 373 176
cat-Birman 0.006146133 0 52 387 315
cat-Ragdoll 0.005906582 167 0 500 271
dog-boxer 0.005872637 0 52 387 315
dog-pug 0.0058199465 272 320 292 343
cat-British_Shorthair 0.005793661 143 36 365 298
dog-scottish_terrier 0.0057525337 148 36 377 289
dog-staffordshire_bull_terrier 0.0057302415 201 182 240 213
dog-pomeranian 0.005598247 0 82 141 146
cat-Bombay 0.005454749 0 52 387 315
bella 0.005384952 1 203 31 285
cat-Birman 0.005284369 108 62 382 375
dog-staffordshire_bull_terrier 0.0051998794 185 59 218 73
cat-Birman 0.0051596165 353 0 436 18
dog-pug 0.0051196814 266 320 285 343
dog-boxer 0.0050543845 108 62 382 375
cat-Ragdoll 0.0050404966 0 11 387 266
dog-staffordshire_bull_terrier 0.004987091 108 62 382 375
cat-Egyptian_Mau 0.004982263 353 0 420 15
dog-boxer 0.0048899353 167 0 500 271
dog-pug 0.004886389 278 321 299 343
dog-scottish_terrier 0.004810989 147 46 373 176
dog-boxer 0.004773736 363 0 499 44
dog-pug 0.004755199 285 314 306 340
cat-Egyptian_Mau 0.0047367513 148 36 377 289
dog-wheaten_terrier 0.0047367513 0 139 31 224
cat-British_Shorthair 0.0046833456 0 52 387 315
dog-miniature_pinscher 0.0044958293 108 62 382 375
dog-chihuahua 0.004485786 485 130 500 159
dog-boxer 0.004433751 168 223 350 284
cat-Birman 0.004231602 331 0 406 20
cat-Russian_Blue 0.004191309 108 62 382 375
cat-Russian_Blue 0.004101932 363 0 499 44
dog-miniature_pinscher 0.004085988 148 36 377 289
dog-yorkshire_terrier 0.004070133 154 52 191 109
cat-Egyptian_Mau 0.004038602 403 0 490 45
cat-Sphynx 0.004038602 270 43 370 160
dog-leonberger 0.004038602 413 142 500 249
cat-Bengal 0.003936857 143 36 365 298
bella 0.003930092 148 36 377 289
dog-staffordshire_bull_terrier 0.003914833 191 63 223 80
cat-Bengal 0.003888011 0 25 392 334
cat-Siamese 0.0038844645 349 2 444 46
dog-american_pit_bull_terrier 0.0038598478 108 62 382 375
dog-basset_hound 0.0038588345 108 62 382 375
cat-Bombay 0.0038362443 169 47 500 305
cat-Abyssinian 0.0038193762 0 11 387 266
dog-leonberger 0.0038096309 437 173 500 273
dog-japanese_chin 0.003783226 108 62 382 375
dog-staffordshire_bull_terrier 0.003750801 204 81 235 94
dog-wheaten_terrier 0.003750801 0 118 31 196
dog-pug 0.0036289692 108 62 382 375
cat-Ragdoll 0.0036076307 313 1 385 32
bella 0.0035518706 2 249 31 331
dog-staffordshire_bull_terrier 0.0035406947 169 47 500 305
bella 0.003510654 2 136 30 227
dog-newfoundland 0.0034698844 0 124 31 205
dog-pug 0.0034698844 168 223 350 284
dog-staffordshire_bull_terrier 0.0034698844 282 186 326 208
dog-yorkshire_terrier 0.003468722 143 36 365 298
