cat-Ragdoll 0.809276 146 45 369 256
cat-Birman 0.6315943 145 46 368 254
cat-Siamese 0.558327 146 45 368 254
cat-British_Shorthair 0.300335 146 45 368 254
cat-Russian_Blue 0.10894504 146 45 368 254
dog-pug 0.094010174 146 45 368 254
cat-Egyptian_Mau 0.07864237 146 45 368 254
dog-american_bulldog 0.06954175 146 45 368 254
dog-japanese_chin 0.063482374 146 45 368 254
cat-Persian 0.03825006 146 45 368 254
cat-Abyssinian 0.03649378 146 45 368 254
bella 0.034618855 145 46 368 254
dog-shiba_inu 0.027014792 145 46 368 254
dog-keeshond 0.02620542 146 45 368 254
dog-saint_bernard 0.025565207 146 45 368 254
dog-boxer 0.023375303 145 46 368 254
cat-Ragdoll 0.01948607 160 11 500 252
cat-Bengal 0.015906394 1 157 43 256
cat-Maine_Coon 0.014899641 146 45 368 254
dog-samoyed 0.012920469 145 46 368 254
dog-pomeranian 0.011288077 146 45 368 254
cat-Ragdoll 0.010818303 0 8 377 255
cat-Bengal 0.010735154 0 158 35 236
cat-Persian 0.010652512 0 295 83 375
cat-Birman 0.010171324 160 11 500 252
dog-basset_hound 0.00963366 146 45 368 254
cat-British_Shorthair 0.009286195 0 8 377 255
cat-Egyptian_Mau 0.009268016 0 158 35 236
cat-Egyptian_Mau 0.009232223 469 212 496 292
dog-scottish_terrier 0.00895071 145 51 357 175
dog-german_shorthaired 0.008251607 277 52 364 151
cat-Siamese 0.008123338 160 11 500 252
dog-leonberger 0.007403016 146 45 368 254
cat-Egyptian_Mau 0.007289082 473 210 500 274
dog-basset_hound 0.007011801 0 165 35 252
cat-Ragdoll 0.0069576204 3 295 71 375
dog-keeshond 0.006930679 0 312 100 375
cat-British_Shorthair 0.006718874 3 295 71 375
dog-american_bulldog 0.0066194236 160 11 500 252
dog-basset_hound 0.0062898993 469 110 500 207
dog-great_pyrenees 0.005995065 117 0 379 264
cat-Birman 0.0059063137 0 8 377 255
cat-Egyptian_Mau 0.005888164 459 213 497 308
dog-boxer 0.0058837533 160 11 500 252
cat-Persian 0.0056781173 0 8 377 255
dog-japanese_chin 0.0056325197 0 8 377 255
cat-British_Shorthair 0.005553663 161 49 500 296
cat-Bengal 0.0055119395 150 42 195 124
dog-basset_hound 0.0054269433 1 157 45 262
dog-pug 0.005388081 0 8 377 255
dog-shiba_inu 0.005349636 160 11 500 252
cat-Bombay 0.0053432584 32 0 116 21
dog-shiba_inu 0.0053432584 147 171 330 252
dog-japanese_chin 0.005308509 160 11 500 252
cat-Maine_Coon 0.0052803755 160 11 500 252
dog-boxer 0.0052404404 364 43 416 67
dog-great_pyrenees 0.005217135 160 11 500 252
bella 0.0052166283 160 11 500 252
cat-Bengal 0.005139619 3 145 71 270
dog-staffordshire_bull_terrier 0.005099833 201 153 245 177
cat-Siamese 0.005071312 0 51 382 308
cat-Abyssinian 0.00498569 160 11 500 252
cat-Abyssinian 0.004924506 473 191 500 255
cat-Abyssinian 0.0049054027 473 166 500 233
dog-boxer 0.0049054027 350 44 401 68
cat-Bengal 0.0047897696 0 8 377 255
dog-staffordshire_bull_terrier 0.004755199 145 46 368 254
cat-Maine_Coon 0.0047000647 241 0 290 14
cat-Sphynx 0.0046710074 0 8 377 255
cat-Abyssinian 0.004609585 151 43 212 134
dog-yorkshire_terrier 0.0045225024 160 11 500 252
cat-Maine_Coon 0.0044510365 3 295 71 375
dog-scottish_terrier 0.0044510365 0 59 30 131
dog-shiba_inu 0.0041824877 156 0 198 14
dog-leonberger 0.0041500926 209 349 273 374
dog-miniature_pinscher 0.0041500926 2 138 70 268
dog-chihuahua 0.0041173697 161 49 500 296
cat-Bombay 0.0040543377 53 0 142 21
dog-shiba_inu 0.0040543377 168 0 201 13
dog-staffordshire_bull_terrier 0.0040543377 190 68 223 80
dog-staffordshire_bull_terrier 0.004038602 186 44 221 58
cat-Egyptian_Mau 0.0040228963 470 227 500 307
dog-beagle 0.0039607882 145 46 368 254
cat-Sphynx 0.0038844645 178 14 209 26
dog-miniature_pinscher 0.0038096309 0 158 35 236
cat-Egyptian_Mau 0.0037654042 1 157 43 256
cat-Abyssinian 0.0037368238 0 8 377 255
dog-american_pit_bull_terrier 0.0037362278 35 0 193 45
cat-Persian 0.0037309825 160 11 500 252
cat-Ragdoll 0.0037214458 166 0 500 220
cat-Abyssinian 0.00370726 473 210 500 274
dog-basset_hound 0.0036642253 473 134 500 205
cat-Abyssinian 0.0036499798 147 171 330 252
dog-yorkshire_terrier 0.003635794 0 65 30 140
cat-Bombay 0.0035657287 150 42 195 124
dog-newfoundland 0.0035657287 0 65 30 140
dog-beagle 0.0035614371 160 11 500 252
dog-miniature_pinscher 0.0035518706 5 10 197 102
dog-basset_hound 0.0035243332 459 213 497 308
dog-pomeranian 0.003493905 160 11 500 252
