cat-Siamese 0.96458924 206 43 348 216
cat-Birman 0.4600463 205 44 348 215
dog-pug 0.15329549 207 43 349 215
dog-pomeranian 0.09057447 205 44 348 215
cat-Abyssinian 0.08945459 208 41 347 215
cat-Sphynx 0.060197055 208 41 347 215
cat-Bombay 0.059756577 207 43 349 215
dog-boxer 0.059646964 208 41 347 215
cat-Ragdoll 0.058131576 205 44 348 215
cat-Russian_Blue 0.044018656 208 41 347 215
dog-chihuahua 0.038035095 208 41 347 215
dog-japanese_chin 0.03435868 207 43 349 215
dog-american_bulldog 0.023315042 0 18 355 237
cat-British_Shorthair 0.022393554 0 18 355 237
cat-Siamese 0.016979992 113 49 344 230
cat-Bengal 0.015503228 0 18 355 237
dog-shiba_inu 0.015405148 0 18 355 237
dog-beagle 0.015110552 0 18 355 237
dog-english_setter 0.013307363 0 18 355 237
dog-boxer 0.01263839 0 18 355 237
cat-Sphynx 0.01259774 0 18 355 237
dog-american_pit_bull_terrier 0.011915505 0 18 355 237
dog-pug 0.011681318 0 18 355 237
dog-chihuahua 0.011466682 186 18 500 239
dog-leonberger 0.010671228 0 18 355 237
cat-Russian_Blue 0.010627955 0 18 355 237
dog-yorkshire_terrier 0.010570496 207 43 349 215
dog-yorkshire_terrier 0.010408312 171 0 222 19
cat-Bombay 0.010209054 330 0 463 30
cat-Birman 0.00985986 209 151 338 209
cat-Egyptian_Mau 0.009644985 0 18 355 237
cat-Ragdoll 0.009557873 0 18 355 237
dog-german_shorthaired 0.009511501 0 18 355 237
dog-wheaten_terrier 0.009319007 0 18 355 237
dog-miniature_pinscher 0.009263784 0 18 355 237
dog-keeshond 0.009096891 0 18 355 237
dog-leonberger 0.008711398 172 0 222 21
dog-japanese_chin 0.008644164 224 208 245 239
dog-great_pyrenees 0.00837642 0 18 355 237
dog-basset_hound 0.008279443 60 42 429 375
bella 0.0082587 0 18 355 237
dog-saint_bernard 0.008235753 0 18 355 237
dog-basset_hound 0.008213669 0 18 355 237
cat-Persian 0.008037716 0 18 355 237
cat-Siamese 0.008036703 186 18 500 239
dog-japanese_chin 0.007999748 229 208 252 240
dog-staffordshire_bull_terrier 0.007999748 208 41 347 215
dog-scottish_terrier 0.007946998 0 18 355 237
dog-japanese_chin 0.007695645 355 199 402 226
dog-english_cocker_spaniel 0.0076362193 466 214 498 311
dog-newfoundland 0.0074456334 0 18 355 237
dog-leonberger 0.007385701 60 42 429 375
dog-american_pit_bull_terrier 0.007376373 186 18 500 239
cat-Maine_Coon 0.007121414 205 44 348 215
dog-staffordshire_bull_terrier 0.006853014 0 18 355 237
cat-Birman 0.0066928566 366 0 497 40
dog-pomeranian 0.006642729 0 18 355 237
cat-Siamese 0.0066411197 87 0 225 38
dog-shiba_inu 0.0065897703 208 41 347 215
cat-Egyptian_Mau 0.006338924 208 41 347 215
cat-Abyssinian 0.0063323677 0 18 355 237
cat-Birman 0.006241262 113 49 344 230
dog-havanese 0.006212741 0 18 355 237
dog-leonberger 0.00614509 486 140 499 164
cat-Siamese 0.0058234334 0 18 355 237
dog-japanese_chin 0.0057766736 0 18 355 237
dog-keeshond 0.005774915 0 307 102 375
cat-Sphynx 0.005655974 186 18 500 239
cat-Bombay 0.0056419075 126 0 195 25
cat-Siamese 0.005576551 337 0 484 39
cat-Birman 0.0055313706 0 18 355 237
dog-basset_hound 0.0054692626 467 89 497 167
bella 0.005448073 232 143 280 169
cat-Abyssinian 0.0054269433 165 0 222 26
dog-leonberger 0.005384952 207 43 349 215
cat-Persian 0.0053432584 171 0 222 19
dog-yorkshire_terrier 0.005304426 0 18 355 237
dog-chihuahua 0.005290866 0 18 355 237
dog-samoyed 0.005272895 0 18 355 237
cat-Siamese 0.0051998794 337 178 390 207
dog-japanese_chin 0.0051998794 220 207 240 238
dog-miniature_pinscher 0.0051351786 186 18 500 239
dog-staffordshire_bull_terrier 0.005021155 362 4 496 55
cat-Persian 0.004962951 58 1 115 14
dog-american_bulldog 0.0049193203 186 18 500 239
cat-Siamese 0.004792303 163 0 227 24
cat-Egyptian_Mau 0.0046818256 0 274 33 284
dog-american_pit_bull_terrier 0.004583329 189 75 500 375
dog-american_bulldog 0.004485786 351 179 410 205
dog-boxer 0.004474342 186 18 500 239
dog-staffordshire_bull_terrier 0.004474312 60 42 429 375
dog-american_bulldog 0.004404187 0 43 374 375
cat-Bombay 0.004399419 44 1 210 47
dog-pug 0.004339844 186 18 500 239
dog-boxer 0.0043314993 337 178 390 207
dog-staffordshire_bull_terrier 0.004314691 100 171 129 184
dog-japanese_chin 0.004297942 232 218 250 248
cat-Maine_Coon 0.004258901 0 18 355 237
cat-Siamese 0.004231602 487 40 500 70
cat-Abyssinian 0.004215151 128 0 191 26
