cat-Siamese 0.93789685 184 12 457 275
cat-Birman 0.57314986 169 10 452 282
cat-Russian_Blue 0.29787827 185 14 458 275
dog-pug 0.12189466 185 12 458 277
cat-British_Shorthair 0.105763435 185 14 458 275
cat-Ragdoll 0.08389038 185 14 458 275
cat-Bombay 0.073696256 182 14 459 280
dog-keeshond 0.05809006 166 14 450 280
dog-boxer 0.051558197 185 14 458 275
dog-shiba_inu 0.027169228 185 14 458 275
cat-Abyssinian 0.026902229 166 14 450 280
dog-japanese_chin 0.022586048 182 14 459 280
cat-Persian 0.018618494 169 10 452 282
dog-basset_hound 0.018369645 58 36 88 46
dog-basset_hound 0.015663654 73 35 100 47
cat-Sphynx 0.01495707 185 14 458 275
dog-pomeranian 0.014938295 169 10 452 282
cat-Egyptian_Mau 0.012053788 185 14 458 275
dog-great_pyrenees 0.011642218 0 88 73 237
dog-leonberger 0.010693759 185 113 206 131
dog-basset_hound 0.00919655 1 197 87 375
cat-Maine_Coon 0.009090394 185 14 458 275
dog-chihuahua 0.0087451935 185 12 458 277
dog-japanese_chin 0.00818792 231 254 252 282
dog-english_cocker_spaniel 0.0077555478 2 189 66 361
dog-scottish_terrier 0.0074896216 185 14 458 275
dog-staffordshire_bull_terrier 0.0073458254 185 14 458 275
dog-american_bulldog 0.007317394 185 14 458 275
dog-leonberger 0.007317394 185 14 458 275
dog-japanese_chin 0.006930679 233 259 251 291
cat-British_Shorthair 0.0067781806 69 38 440 285
dog-american_pit_bull_terrier 0.0066928566 0 88 73 237
cat-Siamese 0.006459683 69 38 440 285
cat-Bombay 0.0064131618 323 1 358 9
dog-pug 0.006241262 62 81 120 103
cat-Russian_Blue 0.0061689913 1 291 68 375
dog-basset_hound 0.006121278 185 14 458 275
cat-Bengal 0.006087601 166 14 450 280
cat-Birman 0.006050408 189 87 346 266
dog-basset_hound 0.006050408 44 37 78 46
dog-boxer 0.0060035884 110 79 170 107
dog-japanese_chin 0.0059803426 239 259 256 293
cat-British_Shorthair 0.0059359074 0 0 433 268
dog-boxer 0.005797416 113 86 172 114
dog-yorkshire_terrier 0.0057292283 166 14 450 280
cat-Birman 0.005636215 139 0 500 234
dog-japanese_chin 0.005576551 224 254 248 281
cat-Ragdoll 0.0055636466 0 0 433 268
cat-Birman 0.0055549145 183 198 352 266
dog-japanese_chin 0.0055119395 238 254 257 284
cat-Birman 0.0053732395 0 0 450 296
dog-english_setter 0.0051596165 1 93 70 248
cat-British_Shorthair 0.005001664 323 1 358 9
cat-Bombay 0.0049436986 342 0 433 20
dog-havanese 0.004886389 436 131 453 155
cat-Bengal 0.004837692 0 0 433 268
dog-miniature_pinscher 0.0048297346 79 0 109 15
dog-japanese_chin 0.0047183633 227 259 246 290
bella 0.0045787096 177 0 487 261
dog-basset_hound 0.004573852 78 38 104 50
dog-wheaten_terrier 0.0045561194 0 87 31 170
cat-British_Shorthair 0.0045208335 0 221 81 375
dog-basset_hound 0.0044510365 0 190 66 355
dog-boxer 0.004416555 134 86 180 115
cat-Birman 0.004399419 323 1 358 9
dog-english_setter 0.004365325 0 180 74 375
cat-Siamese 0.004325062 0 0 433 268
dog-staffordshire_bull_terrier 0.004264623 308 100 341 116
dog-yorkshire_terrier 0.0042287707 0 0 433 268
dog-wheaten_terrier 0.004215151 0 207 72 366
cat-Bengal 0.004101932 0 221 81 375
cat-Birman 0.004038602 179 151 361 266
cat-Egyptian_Mau 0.003976226 0 221 81 375
dog-yorkshire_terrier 0.003976226 11 69 352 220
cat-Bombay 0.0039607882 412 2 494 30
dog-boxer 0.0039454103 151 86 183 123
dog-miniature_pinscher 0.003930092 83 0 116 11
dog-boxer 0.0038844645 316 1 350 11
dog-boxer 0.0038844645 319 0 406 22
dog-pug 0.0038610697 0 0 433 268
cat-Egyptian_Mau 0.0037948191 0 41 28 98
dog-japanese_chin 0.0037362278 244 254 265 285
dog-boxer 0.0036785007 128 80 180 108
dog-japanese_chin 0.0036785007 54 81 107 103
dog-saint_bernard 0.0036785007 267 260 304 344
cat-Russian_Blue 0.0036642253 0 316 99 374
cat-Persian 0.003660649 0 0 450 296
dog-basset_hound 0.0036499798 72 38 98 50
cat-Bengal 0.0035657287 0 0 31 65
cat-British_Shorthair 0.0034834146 1 291 68 375
dog-boxer 0.0034295917 94 79 155 104
cat-Siamese 0.00341627 94 79 155 104
cat-Persian 0.003403008 341 329 500 375
dog-yorkshire_terrier 0.003324449 0 0 294 92
cat-Siamese 0.0032476783 110 79 170 107
dog-english_cocker_spaniel 0.003235042 58 36 88 46
cat-Russian_Blue 0.0032224953 0 28 28 86
cat-Bombay 0.0031850636 334 1 374 10
dog-boxer 0.0031850636 107 71 169 97
dog-keeshond 0.0031499863 0 0 450 296
