cat-Siamese 0.9945519 123 24 337 288
cat-Birman 0.19163004 123 20 338 290
cat-Bombay 0.18359363 122 25 338 292
cat-Russian_Blue 0.1187934 122 25 338 292
dog-boxer 0.06512755 122 25 338 292
cat-Sphynx 0.05986643 122 25 338 292
dog-chihuahua 0.053403348 122 25 338 292
dog-pug 0.050237358 122 25 338 292
cat-Abyssinian 0.042722195 122 25 338 292
cat-Siamese 0.0291183 0 44 343 316
dog-newfoundland 0.02203226 0 221 34 310
dog-leonberger 0.021615326 121 29 338 293
cat-Siamese 0.019345105 114 165 333 283
cat-Ragdoll 0.01820755 0 7 350 282
dog-miniature_pinscher 0.01802075 123 31 333 170
dog-scottish_terrier 0.017917335 121 29 338 293
cat-Birman 0.017576873 118 216 308 283
cat-Birman 0.015703738 0 44 343 316
dog-newfoundland 0.01542455 2 216 33 278
dog-pomeranian 0.01521498 117 21 342 288
cat-Maine_Coon 0.015189052 400 334 500 399
cat-Maine_Coon 0.015072614 121 29 338 293
dog-german_shorthaired 0.014672041 0 234 33 328
dog-newfoundland 0.014559507 1 224 37 340
cat-Siamese 0.014392346 5 3 133 59
dog-pug 0.01432544 0 7 350 282
dog-staffordshire_bull_terrier 0.013955712 210 24 245 36
dog-leonberger 0.013795376 2 216 33 278
cat-Sphynx 0.012932748 0 7 350 282
dog-japanese_chin 0.012431651 119 29 336 286
dog-american_pit_bull_terrier 0.011777848 0 234 33 328
dog-staffordshire_bull_terrier 0.011508137 121 29 338 293
dog-yorkshire_terrier 0.011115015 121 29 338 293
cat-Ragdoll 0.010891885 117 21 342 288
dog-pomeranian 0.010420024 0 7 350 282
dog-german_shorthaired 0.010288298 0 218 34 301
cat-Bombay 0.010130405 20 5 160 62
cat-British_Shorthair 0.009618133 0 7 350 282
dog-shiba_inu 0.009412587 121 29 338 293
dog-american_pit_bull_terrier 0.009055257 121 29 338 293
dog-scottish_terrier 0.00891614 123 31 333 170
dog-newfoundland 0.008881688 121 29 338 293
dog-japanese_chin 0.008878738 0 7 350 282
dog-english_cocker_spaniel 0.008813173 0 234 33 328
dog-basset_hound 0.008711398 0 252 32 346
dog-leonberger 0.008677721 303 263 331 303
cat-Siamese 0.008511305 118 216 308 283
dog-staffordshire_bull_terrier 0.008478403 0 234 33 328
cat-Siamese 0.008445621 2 0 128 44
cat-Abyssinian 0.008419156 0 7 350 282
dog-pug 0.00818792 20 5 160 62
cat-Ragdoll 0.008124709 0 224 126 399
cat-Bengal 0.008062005 123 31 333 170
cat-Bombay 0.007999748 28 0 109 31
cat-Russian_Blue 0.007987827 0 7 350 282
dog-german_shorthaired 0.007606685 254 34 336 142
cat-Bombay 0.0074722767 0 44 343 316
cat-Birman 0.0074317753 115 167 336 284
cat-Russian_Blue 0.007374376 210 24 245 36
dog-yorkshire_terrier 0.0070938766 0 234 33 328
dog-boxer 0.006958246 0 7 350 282
dog-leonberger 0.0068770945 0 221 34 310
dog-shiba_inu 0.006744981 123 31 333 170
cat-Siamese 0.0064882636 227 3 320 25
dog-keeshond 0.0063883364 121 29 338 293
dog-shiba_inu 0.0063883364 118 216 308 283
cat-British_Shorthair 0.006338924 121 29 338 293
dog-american_bulldog 0.0062669814 0 7 350 282
cat-Bengal 0.0062170923 121 29 338 293
dog-miniature_pinscher 0.006192982 0 234 33 328
cat-Siamese 0.0059571564 28 0 109 31
cat-Sphynx 0.0059340596 123 31 333 170
dog-leonberger 0.005911082 293 267 327 309
dog-saint_bernard 0.005708039 121 29 338 293
dog-chihuahua 0.0056419075 376 12 497 62
dog-leonberger 0.0055549145 217 301 248 343
dog-english_setter 0.005448073 0 234 33 328
cat-Ragdoll 0.0053640604 130 4 200 34
dog-keeshond 0.0053239465 0 7 350 282
dog-miniature_pinscher 0.0053018928 121 29 338 293
dog-staffordshire_bull_terrier 0.0053018928 167 62 197 77
dog-american_pit_bull_terrier 0.0051797032 376 12 497 62
dog-staffordshire_bull_terrier 0.0051797032 215 29 250 40
bella 0.0051596165 121 29 338 293
cat-Bombay 0.005139619 19 0 151 44
cat-Bombay 0.005139619 247 39 335 162
cat-Siamese 0.0051196814 230 0 311 20
dog-chihuahua 0.005099833 421 4 500 65
dog-wheaten_terrier 0.005060345 417 113 500 261
dog-staffordshire_bull_terrier 0.005040705 167 67 197 82
dog-shiba_inu 0.004974067 0 7 350 282
cat-Persian 0.0049701333 0 7 350 282
cat-Ragdoll 0.004962951 133 0 201 25
cat-Siamese 0.004950881 147 0 500 282
cat-Bengal 0.004924506 0 252 32 346
dog-chihuahua 0.004901409 0 7 350 282
cat-Sphynx 0.0048297346 20 5 160 62
cat-Persian 0.004792303 121 29 338 293
dog-staffordshire_bull_terrier 0.0046818256 0 218 34 301
dog-leonberger 0.004663646 0 203 33 261
