cat-Siamese 0.93947065 91 35 288 209
dog-chihuahua 0.37387583 91 35 287 208
cat-Sphynx 0.3504214 91 35 287 208
cat-Abyssinian 0.19930798 91 35 287 208
cat-Bombay 0.1338675 91 35 287 208
dog-shiba_inu 0.057705313 92 34 286 209
cat-Birman 0.05644402 91 35 287 208
dog-pug 0.049039632 91 35 287 208
cat-Russian_Blue 0.030043364 92 34 286 209
dog-leonberger 0.02199021 0 390 63 500
dog-boxer 0.020804495 92 34 286 209
cat-Abyssinian 0.016215026 349 131 375 247
dog-chihuahua 0.013955593 101 1 375 297
cat-Egyptian_Mau 0.013532162 349 333 374 458
cat-Ragdoll 0.012722701 91 35 287 208
cat-British_Shorthair 0.011874795 0 0 264 213
cat-Maine_Coon 0.011777848 92 34 286 209
dog-pomeranian 0.010902375 92 34 286 209
cat-Birman 0.010735154 137 143 238 205
cat-Egyptian_Mau 0.009783864 351 363 375 476
cat-Siamese 0.0097154975 101 1 375 297
cat-Bengal 0.009490967 0 0 264 213
cat-Siamese 0.00895071 182 48 284 196
cat-Egyptian_Mau 0.008813173 351 150 373 260
cat-Egyptian_Mau 0.008412987 353 347 375 439
dog-basset_hound 0.008156747 77 8 327 463
bella 0.008124709 1 0 25 85
cat-Persian 0.007898688 0 0 264 213
bella 0.0077555478 0 0 24 41
cat-Bengal 0.0075644255 0 7 299 293
cat-Russian_Blue 0.007475972 0 0 264 213
dog-japanese_chin 0.0071491003 149 401 192 434
cat-Persian 0.006984651 136 399 184 431
dog-leonberger 0.006744981 1 228 22 319
dog-shiba_inu 0.006636411 101 1 375 297
cat-Bombay 0.006428629 0 0 264 213
cat-Birman 0.0062939823 122 0 375 224
cat-Egyptian_Mau 0.0062898993 0 1 26 22
cat-Egyptian_Mau 0.0062898993 355 165 375 254
cat-Egyptian_Mau 0.006233722 0 0 264 213
cat-Russian_Blue 0.0062170923 196 1 220 12
cat-Bombay 0.0061689913 18 0 116 55
cat-Siamese 0.0061359107 87 16 329 260
bella 0.006121278 92 34 286 209
dog-shiba_inu 0.006019056 87 16 329 260
dog-pomeranian 0.005922973 122 0 375 224
cat-British_Shorthair 0.00589028 0 7 299 293
dog-staffordshire_bull_terrier 0.005862057 101 1 375 297
cat-Bengal 0.0058425963 92 34 286 209
dog-yorkshire_terrier 0.00556463 0 0 264 213
cat-Siamese 0.0054269433 4 0 93 52
cat-Abyssinian 0.0053432584 354 156 375 246
cat-Siamese 0.0053311586 0 0 264 213
cat-Birman 0.005320281 0 0 264 213
dog-staffordshire_bull_terrier 0.005281329 197 76 228 102
cat-Egyptian_Mau 0.005260855 92 34 286 209
cat-Bombay 0.005220115 262 1 290 12
cat-Persian 0.0051797032 149 401 192 434
cat-Russian_Blue 0.0051797032 4 0 93 52
cat-Bengal 0.0051596165 349 131 375 247
dog-miniature_pinscher 0.0051196814 204 0 227 12
cat-Abyssinian 0.0050795376 0 0 264 213
cat-Ragdoll 0.0050605834 0 0 264 213
dog-great_pyrenees 0.0050468445 122 0 375 224
dog-boxer 0.005040705 196 1 220 12
cat-Sphynx 0.0050394833 101 1 375 297
dog-chihuahua 0.0050245523 122 0 375 224
cat-Sphynx 0.0048674047 182 48 284 196
cat-Siamese 0.0048170686 122 0 375 224
cat-Maine_Coon 0.004792303 77 0 132 53
cat-Bombay 0.0047367513 28 0 88 28
cat-Egyptian_Mau 0.0047000647 4 0 93 52
cat-Siamese 0.004611194 0 7 299 293
cat-Maine_Coon 0.004592657 101 1 375 297
cat-Abyssinian 0.004538417 196 1 220 12
cat-Bengal 0.0045208335 294 0 375 46
cat-Bengal 0.0044510365 0 135 25 240
dog-staffordshire_bull_terrier 0.004419625 95 3 312 344
dog-yorkshire_terrier 0.0043881536 101 1 375 297
dog-keeshond 0.0043857694 0 0 264 213
dog-boxer 0.004365325 18 0 116 55
dog-scottish_terrier 0.004314691 94 38 285 204
cat-Egyptian_Mau 0.004297942 0 135 25 240
dog-shiba_inu 0.004297942 355 165 375 254
dog-miniature_pinscher 0.004250467 101 1 375 297
dog-japanese_chin 0.0042480826 202 200 218 239
dog-japanese_chin 0.0041987896 196 198 213 239
dog-american_bulldog 0.0041767955 0 0 264 213
cat-Egyptian_Mau 0.0041662455 351 136 375 237
dog-staffordshire_bull_terrier 0.0041662455 147 112 173 141
cat-Ragdoll 0.0041172206 122 0 375 224
dog-staffordshire_bull_terrier 0.004070133 193 72 221 95
dog-staffordshire_bull_terrier 0.0040581822 122 0 375 224
dog-basset_hound 0.0040543377 82 173 375 486
dog-staffordshire_bull_terrier 0.004038602 94 38 285 204
cat-British_Shorthair 0.0040228963 269 1 302 13
dog-boxer 0.0039797425 122 0 375 224
dog-shiba_inu 0.0039700866 0 0 264 213
cat-Abyssinian 0.003930092 353 130 375 217
cat-Bombay 0.003914833 269 1 302 13
