cat-Siamese 0.87663436 55 0 322 287
cat-Sphynx 0.47365183 59 2 327 291
cat-Russian_Blue 0.41447732 59 2 327 291
dog-chihuahua 0.3744712 59 2 327 291
dog-pug 0.17638767 55 0 322 287
dog-boxer 0.16478512 55 0 322 287
cat-Bombay 0.13636366 59 2 327 291
dog-shiba_inu 0.12970212 59 2 327 291
cat-Abyssinian 0.1023047 56 1 319 286
cat-Birman 0.091148764 59 2 327 291
dog-staffordshire_bull_terrier 0.09024951 59 2 327 291
dog-keeshond 0.036967397 59 2 327 291
dog-keeshond 0.030967504 71 156 230 273
cat-British_Shorthair 0.027169406 69 0 333 291
cat-Birman 0.024145424 66 45 156 278
cat-Bengal 0.023734689 188 13 319 232
cat-Bengal 0.023419946 50 0 329 278
dog-american_bulldog 0.022360295 69 0 333 291
dog-boxer 0.02220124 188 13 319 232
cat-Bombay 0.020061791 185 27 322 267
dog-scottish_terrier 0.019165069 59 2 327 291
cat-Sphynx 0.018761098 188 13 319 232
dog-basset_hound 0.01812473 57 0 322 277
cat-Ragdoll 0.017736852 69 0 333 291
cat-Birman 0.01640305 71 174 225 274
cat-Ragdoll 0.01640305 66 45 156 278
dog-american_pit_bull_terrier 0.016340137 56 1 319 286
dog-pomeranian 0.016277462 53 0 322 283
dog-japanese_chin 0.015483975 55 0 320 288
dog-japanese_chin 0.01542455 84 2 108 18
cat-Russian_Blue 0.0151307285 188 13 319 232
dog-shiba_inu 0.0140636265 95 198 220 276
dog-beagle 0.013795376 57 0 319 287
dog-leonberger 0.013428271 188 13 319 232
dog-pug 0.013171941 84 2 108 18
cat-Abyssinian 0.013121277 188 13 319 232
dog-keeshond 0.012527943 188 13 319 232
dog-pomeranian 0.012100399 66 45 156 278
cat-Siamese 0.011633694 69 0 333 277
dog-leonberger 0.011434704 69 0 333 291
dog-pomeranian 0.011288077 82 178 224 274
dog-shiba_inu 0.011176646 0 0 329 332
dog-german_shorthaired 0.011072159 50 0 329 278
bella 0.010488123 69 0 333 291
cat-Siamese 0.010237813 0 0 329 332
dog-staffordshire_bull_terrier 0.010209054 188 13 319 232
dog-yorkshire_terrier 0.010160953 69 0 333 291
dog-miniature_pinscher 0.010057777 69 0 333 291
cat-Maine_Coon 0.010052383 56 1 319 286
dog-keeshond 0.0098980665 80 197 217 275
dog-chihuahua 0.009303957 185 27 322 267
dog-miniature_pinscher 0.00912565 185 27 322 267
dog-german_shorthaired 0.0087791085 188 13 319 232
dog-havanese 0.008711398 277 0 330 109
cat-Bombay 0.008697838 0 0 329 332
cat-Siamese 0.008544326 185 27 322 267
dog-saint_bernard 0.0081983805 69 0 333 291
dog-pug 0.008185834 0 0 329 332
cat-Bengal 0.00817278 0 0 329 332
cat-Persian 0.008012772 69 0 333 291
dog-pug 0.007986486 95 0 333 265
cat-Persian 0.0077555478 80 2 106 17
dog-japanese_chin 0.0076658726 66 45 156 278
bella 0.0076658726 1 268 20 351
cat-Birman 0.007463634 69 0 333 277
cat-Egyptian_Mau 0.007289082 57 0 319 287
dog-english_setter 0.007204771 188 13 319 232
dog-boxer 0.007073641 95 0 333 265
dog-newfoundland 0.007066399 188 13 319 232
dog-staffordshire_bull_terrier 0.0067507625 41 0 316 416
dog-basset_hound 0.0066411197 203 43 327 218
cat-Birman 0.0065142214 0 0 329 332
cat-Ragdoll 0.0064882636 188 13 319 232
dog-saint_bernard 0.0064882636 188 13 319 232
cat-Sphynx 0.006472081 0 0 329 332
dog-chihuahua 0.0064426363 0 0 329 332
cat-Bombay 0.006338924 234 39 333 275
cat-Egyptian_Mau 0.0062530637 0 0 329 332
cat-Bombay 0.006192982 80 2 106 17
dog-havanese 0.00614509 80 2 106 17
cat-Birman 0.005774915 84 2 108 18
dog-shiba_inu 0.0056638718 71 156 230 273
cat-Bombay 0.0056200325 304 1 325 13
cat-Birman 0.0055119395 64 0 150 217
dog-yorkshire_terrier 0.0055119395 232 82 333 462
dog-wheaten_terrier 0.0054905713 195 0 321 217
dog-leonberger 0.005405903 120 282 141 344
dog-newfoundland 0.005384952 62 10 89 81
dog-yorkshire_terrier 0.0052404404 80 2 106 17
dog-yorkshire_terrier 0.005220115 239 63 333 355
dog-yorkshire_terrier 0.0051998794 0 0 127 124
cat-Bombay 0.0051797032 182 0 275 40
cat-Egyptian_Mau 0.005139619 188 13 319 232
cat-Egyptian_Mau 0.0051196814 0 266 20 356
cat-Abyssinian 0.0049995184 0 0 329 332
cat-Abyssinian 0.00484854 324 5 333 38
dog-japanese_chin 0.00484854 218 248 239 296
dog-leonberger 0.00484854 53 474 93 499
dog-havanese 0.004792303 291 0 333 94
cat-Russian_Blue 0.0047829747 0 0 329 332
