cat-Siamese 0.93045825 94 7 320 244
cat-Birman 0.597373 93 8 320 245
dog-pug 0.114566505 93 8 319 244
cat-Ragdoll 0.06954175 93 8 319 244
cat-Russian_Blue 0.045183778 93 8 319 244
cat-Russian_Blue 0.038670927 0 2 326 264
cat-Siamese 0.036798596 0 2 326 264
cat-British_Shorthair 0.036216944 0 2 326 264
cat-Birman 0.029406011 0 2 326 264
cat-Sphynx 0.023894966 0 2 326 264
cat-Bombay 0.022977382 93 9 318 241
dog-keeshond 0.02120477 0 2 326 264
dog-boxer 0.020884216 93 8 319 244
dog-pug 0.017716736 0 2 326 264
cat-Ragdoll 0.015978515 0 2 326 264
cat-Abyssinian 0.01391685 0 2 326 264
cat-British_Shorthair 0.013532162 93 8 319 244
cat-Egyptian_Mau 0.013428271 0 131 30 218
dog-boxer 0.013200641 0 2 326 264
dog-japanese_chin 0.012821227 93 9 318 241
dog-shiba_inu 0.012199223 0 2 326 264
cat-Birman 0.012194127 115 133 308 239
dog-staffordshire_bull_terrier 0.012194127 93 8 319 244
cat-Bombay 0.012066513 0 2 326 264
dog-pomeranian 0.011029482 93 8 319 244
cat-British_Shorthair 0.01049915 0 0 316 213
dog-pomeranian 0.010391593 0 2 326 264
cat-Persian 0.010264397 0 2 326 264
cat-Bombay 0.010248601 405 1 443 11
cat-Abyssinian 0.010130405 93 9 318 241
cat-Russian_Blue 0.009485722 0 365 74 439
dog-american_bulldog 0.009403408 0 2 326 264
cat-Russian_Blue 0.009238869 0 0 316 213
dog-german_shorthaired 0.00912565 235 6 314 110
dog-shiba_inu 0.009020269 93 8 319 244
cat-Egyptian_Mau 0.00898543 0 98 30 187
dog-basset_hound 0.008791894 0 46 318 439
dog-shiba_inu 0.008283615 473 235 500 308
dog-chihuahua 0.008282006 0 2 326 264
dog-chihuahua 0.008124709 93 9 318 241
dog-yorkshire_terrier 0.008124709 93 9 318 241
dog-american_bulldog 0.008060247 0 0 316 213
cat-Bengal 0.007924855 0 2 326 264
dog-japanese_chin 0.007831514 0 2 326 264
cat-Egyptian_Mau 0.007822871 0 2 326 264
cat-Siamese 0.0077555478 0 365 74 439
dog-keeshond 0.007695645 93 9 318 241
cat-Abyssinian 0.0074896216 473 115 500 199
cat-Bombay 0.007176876 395 0 429 10
cat-Bombay 0.007121414 410 1 453 14
dog-leonberger 0.007121414 102 0 323 236
cat-Egyptian_Mau 0.007011801 471 101 500 196
dog-scottish_terrier 0.0066928566 91 15 309 155
dog-staffordshire_bull_terrier 0.0066928566 239 133 272 157
cat-Ragdoll 0.0065897703 0 364 83 439
cat-Egyptian_Mau 0.0063883364 0 166 32 243
cat-Bombay 0.006241262 485 132 500 168
dog-leonberger 0.0059137344 0 2 326 264
cat-Ragdoll 0.00581944 0 0 316 213
dog-pug 0.0056200325 198 326 222 355
cat-Abyssinian 0.0054838657 0 0 316 213
dog-basset_hound 0.0053994358 0 2 326 264
cat-Bengal 0.0053225458 473 105 500 192
dog-miniature_pinscher 0.0052404404 314 0 500 98
cat-Bombay 0.0051596165 337 2 422 37
cat-Sphynx 0.0050800443 93 8 319 244
dog-chihuahua 0.005060345 97 11 170 108
dog-staffordshire_bull_terrier 0.005060345 145 393 181 409
dog-japanese_chin 0.005021155 160 303 202 317
dog-yorkshire_terrier 0.0049188137 0 2 326 264
cat-Bengal 0.004755199 437 1 500 64
dog-staffordshire_bull_terrier 0.0047548115 0 2 326 264
cat-Birman 0.0047493577 0 0 316 213
dog-scottish_terrier 0.00474447 0 2 326 264
cat-Birman 0.0047397017 95 0 439 220
cat-Egyptian_Mau 0.0046818256 474 231 500 299
cat-Russian_Blue 0.004663646 485 132 500 168
dog-japanese_chin 0.004645556 115 133 308 239
dog-american_bulldog 0.004609585 102 0 323 236
dog-miniature_pinscher 0.0045916736 290 1 500 139
dog-american_bulldog 0.0045561194 332 172 378 198
cat-Persian 0.0045004785 0 0 316 213
cat-Egyptian_Mau 0.004485786 0 154 27 224
dog-american_pit_bull_terrier 0.0044683814 102 0 323 236
cat-Maine_Coon 0.0044629574 0 2 326 264
dog-keeshond 0.0043770373 0 0 316 213
dog-yorkshire_terrier 0.004297942 82 7 145 39
dog-pug 0.0041987896 201 332 222 361
cat-Russian_Blue 0.0041662455 222 18 312 156
cat-Egyptian_Mau 0.0041500926 2 116 30 201
dog-boxer 0.0041166246 0 0 316 213
dog-beagle 0.004087001 0 0 316 213
cat-Bombay 0.004038602 424 1 459 12
cat-Egyptian_Mau 0.0040327013 0 0 316 213
dog-pug 0.003998667 0 0 316 213
cat-Siamese 0.0039785504 0 0 316 213
dog-staffordshire_bull_terrier 0.0039454103 424 349 459 368
bella 0.0039454103 0 23 34 108
cat-Bengal 0.0038844645 410 0 482 28
cat-Sphynx 0.0038764477 0 0 316 213
