cat-Sphynx 0.95695716 13 3 222 221
cat-Abyssinian 0.5525397 14 1 220 220
dog-beagle 0.19102567 12 3 221 221
dog-boxer 0.12421301 12 3 221 221
dog-shiba_inu 0.074097276 12 3 221 221
cat-Egyptian_Mau 0.039268762 12 3 221 221
dog-japanese_chin 0.037750274 52 380 86 417
cat-Persian 0.033148527 20 1 54 16
cat-Russian_Blue 0.030807436 0 0 233 251
dog-chihuahua 0.02887091 12 3 221 221
cat-Sphynx 0.02705273 19 0 326 256
dog-staffordshire_bull_terrier 0.023241937 12 3 221 221
cat-Sphynx 0.021186143 0 0 196 236
dog-yorkshire_terrier 0.020293474 230 1 364 91
cat-Bengal 0.020177335 11 1 220 221
cat-Siamese 0.01923427 12 3 221 221
cat-Russian_Blue 0.018664837 0 0 218 214
dog-miniature_pinscher 0.016535044 0 0 233 251
cat-Egyptian_Mau 0.014661044 0 0 218 214
dog-basset_hound 0.01286304 0 0 233 251
dog-japanese_chin 0.012527943 60 379 96 413
dog-beagle 0.012065768 0 0 218 214
cat-Birman 0.010944575 52 380 86 417
dog-american_pit_bull_terrier 0.010408312 15 4 226 230
dog-pug 0.009412587 20 1 54 16
cat-Sphynx 0.009340018 89 6 219 212
dog-japanese_chin 0.00898543 20 1 54 16
dog-leonberger 0.008412987 51 380 88 416
dog-great_pyrenees 0.008315772 60 379 96 413
dog-pug 0.008219689 198 0 364 78
dog-boxer 0.008208811 0 0 218 214
dog-boxer 0.007968813 237 108 277 138
dog-leonberger 0.007846236 1 215 21 286
cat-Egyptian_Mau 0.0077555478 104 368 141 399
dog-american_bulldog 0.0076658726 55 380 91 415
dog-leonberger 0.0076362193 292 331 320 379
cat-Abyssinian 0.007481694 19 0 326 256
dog-boxer 0.0070390403 225 107 268 139
dog-american_bulldog 0.006930679 257 107 296 137
cat-Abyssinian 0.0068894625 0 0 196 236
dog-leonberger 0.0066411197 302 322 326 369
cat-Bombay 0.0065897703 11 1 220 221
dog-japanese_chin 0.006538838 244 370 292 405
dog-boxer 0.0063883364 247 108 287 137
dog-chihuahua 0.0063370466 19 0 326 256
dog-american_pit_bull_terrier 0.006265521 198 0 364 78
dog-yorkshire_terrier 0.006241262 20 1 54 16
dog-japanese_chin 0.006097555 261 353 301 388
cat-Sphynx 0.0059803426 128 11 218 173
dog-staffordshire_bull_terrier 0.005931318 0 0 218 214
dog-boxer 0.0057302415 247 117 287 148
cat-Egyptian_Mau 0.005708039 92 369 134 399
cat-Sphynx 0.005708039 17 11 134 210
dog-saint_bernard 0.005708039 54 382 90 417
cat-Abyssinian 0.0056419075 17 11 134 210
dog-miniature_pinscher 0.0056194365 0 0 218 214
dog-american_bulldog 0.005533397 15 4 226 230
cat-Bengal 0.0055235624 0 0 196 236
dog-havanese 0.0054905713 20 1 54 16
dog-shiba_inu 0.005432844 0 0 218 214
dog-saint_bernard 0.0054269433 237 379 282 423
dog-saint_bernard 0.005405903 60 379 96 413
bella 0.005384952 105 367 139 401
dog-basset_hound 0.0051998794 220 370 364 495
cat-Ragdoll 0.0050800443 60 379 96 413
cat-Egyptian_Mau 0.005021155 0 220 19 294
dog-basset_hound 0.0049497485 0 0 218 214
dog-staffordshire_bull_terrier 0.004924506 120 114 175 163
dog-great_pyrenees 0.0049054027 104 368 141 399
dog-havanese 0.0049054027 219 253 302 454
dog-miniature_pinscher 0.00483796 34 0 364 291
dog-staffordshire_bull_terrier 0.0048297346 74 124 100 154
cat-Birman 0.004609585 20 1 54 16
dog-saint_bernard 0.004538417 261 353 301 388
dog-basset_hound 0.00450328 337 107 363 214
cat-Siamese 0.004485786 70 5 285 179
dog-staffordshire_bull_terrier 0.004485786 61 50 89 76
cat-Ragdoll 0.004433751 19 1 49 16
dog-american_pit_bull_terrier 0.0043314993 312 110 364 267
dog-american_bulldog 0.0043101013 0 0 218 214
cat-Ragdoll 0.0042812526 105 376 140 411
dog-boxer 0.0042480826 225 117 269 149
dog-japanese_chin 0.0041987896 246 355 292 389
dog-saint_bernard 0.004101932 13 3 222 221
dog-leonberger 0.004070133 0 197 24 276
dog-leonberger 0.004038602 38 383 82 419
dog-chihuahua 0.0040228963 344 228 364 300
cat-Egyptian_Mau 0.00400728 122 365 161 397
dog-miniature_pinscher 0.0039837956 42 0 346 237
dog-pug 0.0038844645 218 0 355 60
cat-Ragdoll 0.0038693845 78 370 123 400
dog-saint_bernard 0.0038543642 177 377 217 410
cat-Ragdoll 0.0038394034 67 371 112 403
cat-Ragdoll 0.0038394034 105 367 139 401
dog-great_pyrenees 0.0038394034 92 369 134 399
cat-British_Shorthair 0.003835857 0 0 218 214
dog-great_pyrenees 0.0037800968 51 380 88 416
dog-english_setter 0.003750801 184 163 296 302
dog-havanese 0.003721714 188 163 212 181
dog-american_bulldog 0.00370726 267 116 304 149
