cat-Sphynx 0.97520185 44 4 269 229
dog-boxer 0.39047584 44 4 269 229
cat-Siamese 0.12721825 44 0 273 234
cat-Russian_Blue 0.08819005 44 0 273 234
cat-Abyssinian 0.08449274 43 2 269 232
dog-staffordshire_bull_terrier 0.038464993 33 0 274 229
dog-shiba_inu 0.03547752 44 0 273 234
cat-Egyptian_Mau 0.021906376 44 0 273 234
dog-beagle 0.016979992 44 0 273 234
dog-chihuahua 0.01602915 44 0 273 234
cat-Bombay 0.0140636265 260 0 399 25
dog-saint_bernard 0.0136368275 44 0 273 234
cat-Sphynx 0.011746973 0 0 254 203
cat-Ragdoll 0.011331767 44 0 273 234
cat-Bombay 0.011029482 44 0 273 234
cat-Sphynx 0.010470122 61 1 426 231
dog-leonberger 0.010408312 467 23 498 101
dog-boxer 0.009115815 61 1 426 231
cat-Bengal 0.00815624 44 0 273 234
bella 0.0076658726 44 0 273 234
dog-boxer 0.007545352 0 0 231 217
cat-Sphynx 0.0067975223 176 3 268 112
cat-Siamese 0.006765038 61 1 426 231
dog-miniature_pinscher 0.0066154003 44 0 273 234
cat-Maine_Coon 0.0065642595 44 0 273 234
dog-havanese 0.0064882636 361 138 395 151
dog-japanese_chin 0.0064882636 44 0 273 234
dog-german_shorthaired 0.0064225197 33 0 274 229
dog-pug 0.006192982 44 0 273 234
cat-Maine_Coon 0.006121278 99 158 140 173
dog-basset_hound 0.006121278 44 0 273 234
dog-american_pit_bull_terrier 0.006097555 44 0 273 234
dog-american_bulldog 0.0059328973 33 0 274 229
cat-Sphynx 0.005911082 75 146 246 228
cat-Birman 0.0057525337 44 0 273 234
cat-Bombay 0.0057302415 293 0 438 24
cat-Ragdoll 0.0052404404 233 1 263 8
cat-Siamese 0.0051797032 241 0 335 19
dog-english_setter 0.005060345 266 198 320 256
dog-pomeranian 0.005040705 445 15 500 101
cat-Bombay 0.005021155 249 0 349 20
cat-Birman 0.0049436986 241 1 273 8
dog-american_bulldog 0.004886389 233 1 263 8
cat-Bombay 0.0048674047 335 0 480 26
dog-great_pyrenees 0.004755199 233 1 263 8
dog-japanese_chin 0.0047367513 467 21 499 95
dog-pomeranian 0.0047000647 233 1 263 8
dog-beagle 0.0046818256 233 1 263 8
dog-english_setter 0.0046818256 280 142 327 187
dog-leonberger 0.0046818256 44 0 273 234
dog-english_setter 0.004645556 285 176 323 238
dog-pomeranian 0.004485786 44 0 273 234
bella 0.004485786 3 213 31 290
dog-basset_hound 0.004433751 327 69 399 88
cat-Birman 0.004382342 241 0 335 19
cat-Persian 0.004365325 367 136 398 150
bella 0.004365325 2 182 108 332
cat-Birman 0.0043483675 233 1 263 8
cat-Bengal 0.0043314993 44 8 267 123
cat-Abyssinian 0.004297942 241 0 335 19
dog-wheaten_terrier 0.0042812526 425 174 500 325
dog-saint_bernard 0.004264623 349 150 406 173
cat-Egyptian_Mau 0.0041824877 1 267 77 332
dog-great_pyrenees 0.004117906 46 0 125 21
dog-boxer 0.004101932 225 0 393 36
dog-beagle 0.0040671527 0 0 254 203
dog-american_pit_bull_terrier 0.0040228963 298 243 324 254
cat-Birman 0.0039607882 359 0 500 37
dog-beagle 0.003914833 176 3 268 112
dog-staffordshire_bull_terrier 0.0038281977 0 0 254 203
cat-Abyssinian 0.00370726 233 1 263 8
cat-Bombay 0.003635794 280 0 382 20
cat-Siamese 0.003635794 240 0 363 25
dog-staffordshire_bull_terrier 0.0035421848 61 1 426 231
dog-wheaten_terrier 0.0034698844 100 0 131 8
dog-great_pyrenees 0.00341627 44 0 273 234
dog-havanese 0.003403008 374 140 403 151
dog-basset_hound 0.0033432543 10 12 285 332
dog-wheaten_terrier 0.003337413 112 0 145 8
cat-Egyptian_Mau 0.0032879412 0 0 254 203
cat-British_Shorthair 0.0032730699 241 0 335 19
cat-Siamese 0.0032730699 359 0 500 37
dog-american_bulldog 0.0032730699 176 3 268 112
cat-Maine_Coon 0.0032603443 99 162 140 177
dog-american_pit_bull_terrier 0.0032603443 292 242 317 253
dog-great_pyrenees 0.0032476783 26 0 89 20
dog-saint_bernard 0.0032224953 369 150 415 173
dog-shiba_inu 0.0032224953 176 3 268 112
cat-Russian_Blue 0.0031726956 176 3 268 112
dog-beagle 0.0031726956 327 69 399 88
cat-Ragdoll 0.0030994117 238 0 268 11
dog-american_pit_bull_terrier 0.0030873716 452 93 500 194
dog-scottish_terrier 0.0030873716 44 0 273 234
dog-scottish_terrier 0.0030753613 44 8 267 123
cat-Russian_Blue 0.0030278265 225 0 393 36
dog-german_shorthaired 0.0030278265 176 3 268 112
cat-Sphynx 0.0030160546 69 92 264 231
cat-Egyptian_Mau 0.002981037 2 192 126 332
dog-basset_hound 0.002981037 467 284 500 329
cat-Bombay 0.0029579103 85 0 180 20
