cat-Sphynx 0.6610482 189 88 280 190
dog-shiba_inu 0.50781184 190 90 280 189
dog-staffordshire_bull_terrier 0.25423115 190 89 279 189
dog-beagle 0.18300885 190 90 280 189
dog-american_bulldog 0.12765265 190 90 280 189
dog-boxer 0.0994702 191 88 279 191
dog-american_pit_bull_terrier 0.07751766 190 90 280 189
dog-chihuahua 0.068912506 191 88 279 191
cat-Siamese 0.047602654 191 88 279 191
cat-Abyssinian 0.044348598 191 88 279 191
dog-miniature_pinscher 0.034749627 191 88 279 191
dog-saint_bernard 0.032899052 191 88 279 191
dog-english_setter 0.02625531 191 88 279 191
cat-Egyptian_Mau 0.023330778 472 208 500 282
cat-Russian_Blue 0.021864563 191 88 279 191
cat-Egyptian_Mau 0.021781176 191 88 279 191
dog-pomeranian 0.01609087 191 88 279 191
dog-basset_hound 0.01495707 191 88 279 191
cat-Bengal 0.013480097 191 88 279 191
bella 0.012053788 189 88 280 190
cat-Ragdoll 0.011072159 191 88 279 191
dog-leonberger 0.010735154 0 149 28 191
dog-great_pyrenees 0.010652512 191 88 279 191
dog-leonberger 0.00912565 191 88 279 191
dog-german_shorthaired 0.009055257 191 88 279 191
cat-Bengal 0.008677721 192 93 272 130
cat-Egyptian_Mau 0.00818792 471 218 500 298
dog-scottish_terrier 0.008062005 191 88 279 191
dog-leonberger 0.0073458254 0 136 27 180
dog-japanese_chin 0.007289082 191 88 279 191
dog-beagle 0.0072327554 338 246 371 288
dog-pug 0.006771207 191 88 279 191
cat-Egyptian_Mau 0.006241262 340 1 435 34
dog-miniature_pinscher 0.00614509 385 0 423 9
dog-miniature_pinscher 0.0056858957 1 32 16 64
cat-Egyptian_Mau 0.005405903 462 0 500 59
cat-Bengal 0.0053225458 474 248 500 307
cat-Egyptian_Mau 0.005260855 192 93 272 130
dog-wheaten_terrier 0.0050184727 0 0 295 173
dog-boxer 0.004982263 401 187 458 207
dog-yorkshire_terrier 0.004810989 0 0 271 84
cat-Sphynx 0.0047000647 206 81 274 104
cat-Bengal 0.0045208335 452 17 500 100
cat-Bengal 0.004433751 473 229 500 291
cat-Egyptian_Mau 0.004433751 459 36 500 119
cat-Egyptian_Mau 0.004399419 474 199 500 264
cat-Maine_Coon 0.004365325 183 0 500 147
dog-newfoundland 0.0043483675 191 88 279 191
bella 0.0043483675 338 246 371 288
dog-american_pit_bull_terrier 0.0042812526 338 244 371 281
cat-Egyptian_Mau 0.004215151 355 33 406 55
dog-leonberger 0.004215151 0 121 32 174
dog-staffordshire_bull_terrier 0.004215151 338 244 371 281
cat-Bengal 0.0041339695 194 89 269 115
dog-german_shorthaired 0.003976226 395 0 439 8
cat-Sphynx 0.0039607882 340 1 435 34
dog-english_cocker_spaniel 0.0037489533 0 0 267 195
dog-keeshond 0.0036785007 191 88 279 191
cat-Sphynx 0.0035657287 194 135 273 185
dog-shiba_inu 0.0035657287 206 81 274 104
dog-staffordshire_bull_terrier 0.0035657287 485 121 500 149
dog-havanese 0.00356251 0 0 244 214
dog-newfoundland 0.0035389364 0 0 278 236
cat-Sphynx 0.003538072 192 93 272 130
cat-Egyptian_Mau 0.003510654 374 195 500 334
cat-Bengal 0.0034834146 456 27 500 115
dog-boxer 0.0034834146 129 146 172 164
dog-miniature_pinscher 0.0034698844 1 22 18 57
cat-Siamese 0.003442973 381 1 454 26
cat-Bombay 0.0034295917 401 0 444 8
bella 0.0034295917 1 237 36 298
cat-Bombay 0.00341627 191 88 279 191
cat-Egyptian_Mau 0.00341627 371 0 500 43
cat-Bombay 0.003403008 303 0 353 9
cat-Egyptian_Mau 0.0033897758 199 88 274 115
dog-german_shorthaired 0.0033897758 338 244 371 281
dog-shiba_inu 0.0033897758 91 0 268 38
dog-shiba_inu 0.0033766031 362 1 451 35
dog-yorkshire_terrier 0.0033766031 372 41 500 214
dog-wheaten_terrier 0.0033342838 0 0 309 218
cat-Persian 0.0032380223 0 0 267 195
cat-Egyptian_Mau 0.0031974912 474 248 500 307
dog-boxer 0.0031726956 84 0 225 26
dog-boxer 0.0031726956 302 123 353 143
dog-boxer 0.0031726956 388 186 442 207
dog-german_shorthaired 0.0031726956 385 0 423 9
cat-Bombay 0.0031603575 219 0 304 17
cat-Sphynx 0.0031603575 194 89 269 115
dog-shiba_inu 0.003148079 192 93 272 130
dog-samoyed 0.0031358302 191 88 279 191
dog-scottish_terrier 0.0031333268 0 0 267 195
dog-leonberger 0.0031115115 0 140 17 168
dog-american_pit_bull_terrier 0.0030873716 105 0 262 33
cat-British_Shorthair 0.0030515194 297 1 346 9
cat-Egyptian_Mau 0.0030515194 0 0 27 28
dog-boxer 0.0030278265 303 129 355 151
cat-Egyptian_Mau 0.0030160546 463 5 500 76
cat-Egyptian_Mau 0.0030043423 378 33 435 55
cat-Egyptian_Mau 0.0030043423 377 3 500 60
dog-yorkshire_terrier 0.002981037 363 10 500 163
