cat-Sphynx 0.9830851 106 0 337 223
dog-boxer 0.13892841 108 1 338 223
dog-miniature_pinscher 0.12613788 108 1 338 223
cat-Siamese 0.09790668 104 0 339 227
cat-Russian_Blue 0.0889785 108 1 338 223
cat-Abyssinian 0.08647764 104 0 339 227
dog-shiba_inu 0.08166611 104 0 339 227
dog-staffordshire_bull_terrier 0.07517639 108 1 338 223
dog-beagle 0.060640544 104 0 339 227
dog-chihuahua 0.049773455 104 0 339 227
dog-german_shorthaired 0.024452984 108 0 359 219
cat-Bombay 0.023868859 114 0 344 225
dog-basset_hound 0.023021251 147 233 324 321
cat-Egyptian_Mau 0.020804495 104 0 339 227
cat-Bengal 0.020293474 104 0 339 227
dog-japanese_chin 0.01554364 2 0 47 78
cat-Russian_Blue 0.014615655 327 0 450 25
dog-american_pit_bull_terrier 0.014290452 108 0 359 219
cat-Bombay 0.014009565 107 22 133 71
cat-Egyptian_Mau 0.012771875 147 233 324 321
dog-saint_bernard 0.011552662 104 0 339 227
dog-basset_hound 0.011158019 104 0 339 227
cat-Sphynx 0.010891259 0 0 336 174
cat-Abyssinian 0.010248601 319 0 408 18
cat-Bombay 0.010248601 334 0 459 24
cat-Egyptian_Mau 0.008677721 0 22 32 101
dog-beagle 0.008555353 0 0 336 174
dog-pug 0.008035541 108 0 359 219
dog-beagle 0.007876694 306 0 336 8
cat-Siamese 0.0077555478 327 0 488 35
cat-Birman 0.0076362193 327 0 488 35
cat-Sphynx 0.0075392425 0 30 346 259
dog-scottish_terrier 0.007080972 108 0 359 219
dog-english_setter 0.0069901645 108 0 359 219
cat-Bombay 0.0067975223 327 0 422 19
cat-Abyssinian 0.006744981 108 22 134 64
dog-american_bulldog 0.0064763427 0 0 336 174
cat-Siamese 0.0064631402 44 1 132 25
dog-american_bulldog 0.0063635707 104 0 339 227
dog-pomeranian 0.006265521 21 0 47 12
dog-miniature_pinscher 0.006241262 110 23 197 145
dog-english_cocker_spaniel 0.0062170923 464 42 499 132
cat-Egyptian_Mau 0.006192982 0 46 32 127
cat-Ragdoll 0.006192982 11 0 73 17
cat-Abyssinian 0.006097555 313 0 339 11
cat-Egyptian_Mau 0.006097555 319 0 408 18
bella 0.0060269535 466 60 498 144
dog-miniature_pinscher 0.0059705377 0 0 336 174
cat-Ragdoll 0.0059340596 306 0 336 8
dog-boxer 0.005911082 299 0 471 37
dog-leonberger 0.005911082 0 0 34 67
dog-japanese_chin 0.0058653355 104 0 339 227
cat-Ragdoll 0.0058199465 1 0 40 78
cat-Birman 0.0057525337 18 0 95 17
cat-Russian_Blue 0.0056727827 0 0 336 174
cat-British_Shorthair 0.0054785907 0 0 336 174
dog-basset_hound 0.0054692626 0 46 32 127
dog-leonberger 0.0054269433 439 1 500 74
cat-Russian_Blue 0.0053018928 327 0 488 35
cat-Siamese 0.005260855 375 1 499 49
dog-beagle 0.0051998794 318 0 345 8
cat-Ragdoll 0.0051797032 104 0 339 227
cat-Egyptian_Mau 0.005139619 0 3 33 76
dog-miniature_pinscher 0.005100459 95 20 393 332
dog-leonberger 0.0050342083 108 0 359 219
cat-Siamese 0.004982263 319 0 408 18
cat-Russian_Blue 0.0048674047 327 0 422 19
cat-Abyssinian 0.004816711 0 0 336 174
cat-Bengal 0.0047047734 0 0 336 174
cat-British_Shorthair 0.0047000647 319 0 408 18
dog-basset_hound 0.0047000647 0 22 32 101
cat-Abyssinian 0.004645556 306 0 336 8
cat-Sphynx 0.0045888424 141 0 500 225
cat-Bengal 0.004485786 319 0 408 18
cat-Egyptian_Mau 0.0044739544 0 0 336 174
cat-Bombay 0.004382342 327 0 488 35
cat-Bombay 0.0043741167 0 0 336 174
cat-Bengal 0.0043314993 114 5 305 67
dog-beagle 0.0043314993 313 0 339 11
cat-Persian 0.004297942 454 0 500 30
dog-german_shorthaired 0.004250169 0 0 336 174
cat-Egyptian_Mau 0.0042480826 306 0 336 8
dog-chihuahua 0.004117906 107 22 133 71
dog-great_pyrenees 0.004117906 19 1 49 10
cat-Abyssinian 0.004070133 327 0 488 35
cat-Siamese 0.004070133 486 0 500 21
dog-yorkshire_terrier 0.004070133 0 0 186 86
cat-British_Shorthair 0.0040649176 0 0 355 221
dog-miniature_pinscher 0.004038602 141 157 289 221
dog-american_bulldog 0.0039607882 11 0 73 17
cat-Bengal 0.003930092 101 5 333 117
cat-Egyptian_Mau 0.003899634 309 1 393 23
cat-Siamese 0.003899634 38 0 124 19
dog-english_cocker_spaniel 0.0038244724 0 54 32 135
dog-basset_hound 0.0037800968 464 42 499 132
cat-Maine_Coon 0.0037362278 9 0 42 13
dog-american_bulldog 0.0037362278 306 0 336 8
dog-newfoundland 0.0037132204 0 0 355 221
dog-miniature_pinscher 0.0036785007 107 22 133 71
cat-Siamese 0.0036216974 282 2 481 47
