cat-Sphynx 0.9439706 242 16 349 127
cat-Abyssinian 0.27125168 242 15 349 127
cat-Russian_Blue 0.1962094 242 15 349 126
dog-boxer 0.07263672 242 15 349 126
dog-beagle 0.0684129 242 16 350 129
dog-shiba_inu 0.06536579 242 16 350 129
cat-Bengal 0.062103122 242 16 350 129
dog-miniature_pinscher 0.054802597 242 16 350 129
cat-Egyptian_Mau 0.031026185 242 16 350 129
cat-Siamese 0.028544158 242 16 350 129
bella 0.025083154 2 228 31 307
dog-chihuahua 0.023509443 242 15 349 126
dog-staffordshire_bull_terrier 0.022457063 242 15 349 126
dog-basset_hound 0.01672113 242 16 350 129
cat-Bombay 0.016593188 242 16 350 129
dog-german_shorthaired 0.013795376 242 16 350 129
cat-Birman 0.012479693 59 7 335 118
cat-Birman 0.012431651 0 0 289 84
cat-Siamese 0.008577496 59 7 335 118
cat-Birman 0.008348048 1 0 144 40
dog-pug 0.008251607 59 7 335 118
cat-Birman 0.007460654 358 0 500 44
dog-leonberger 0.007289082 435 172 500 250
cat-Russian_Blue 0.0066669285 310 0 345 9
dog-pomeranian 0.0061709583 200 0 500 166
cat-Maine_Coon 0.0061689913 251 11 432 118
cat-Bengal 0.0061264336 0 28 335 348
dog-yorkshire_terrier 0.005911082 251 11 432 118
dog-staffordshire_bull_terrier 0.0057525337 310 0 345 9
cat-Sphynx 0.0056419075 189 23 349 138
bella 0.0055549145 2 212 30 284
bella 0.0055119395 466 216 498 299
cat-Persian 0.0054269433 440 0 500 75
dog-leonberger 0.0053640604 374 165 500 224
dog-yorkshire_terrier 0.0053161383 200 0 500 166
bella 0.005260855 472 226 500 291
dog-saint_bernard 0.0051998794 242 16 350 129
cat-Maine_Coon 0.0051797032 393 273 424 284
dog-american_pit_bull_terrier 0.0051448643 200 0 500 166
dog-american_pit_bull_terrier 0.0051448643 201 8 500 248
dog-miniature_pinscher 0.0051196814 251 11 432 118
cat-Bengal 0.005025089 0 0 381 354
dog-chihuahua 0.005013287 201 8 500 248
cat-Birman 0.005001664 24 0 202 41
cat-Bengal 0.004994929 151 9 395 322
dog-yorkshire_terrier 0.004933417 201 8 500 248
cat-Egyptian_Mau 0.0048674047 0 230 31 305
dog-great_pyrenees 0.00484854 336 164 491 229
dog-samoyed 0.0048348606 200 0 500 166
bella 0.0047000647 1 57 29 142
dog-basset_hound 0.0046818256 151 266 247 313
dog-staffordshire_bull_terrier 0.004663646 322 0 357 8
cat-Egyptian_Mau 0.004627526 0 299 105 354
dog-basset_hound 0.0045561194 144 261 223 310
cat-British_Shorthair 0.004538417 0 285 92 354
cat-Ragdoll 0.0044510365 59 7 335 118
dog-chihuahua 0.004433751 251 11 432 118
cat-Ragdoll 0.004399419 239 16 350 123
cat-Russian_Blue 0.004365325 322 0 357 8
cat-Sphynx 0.0043314993 59 7 335 118
cat-Abyssinian 0.004314691 227 20 346 173
dog-american_pit_bull_terrier 0.004264623 242 16 350 129
bella 0.004264623 3 169 37 236
cat-Siamese 0.004215151 1 0 144 40
cat-Bengal 0.004117906 246 17 330 59
dog-staffordshire_bull_terrier 0.004070133 308 2 345 14
bella 0.004038602 2 99 32 189
dog-pomeranian 0.003983617 201 8 500 248
cat-Bengal 0.0039683282 0 0 330 181
cat-Ragdoll 0.0039454103 48 0 319 93
cat-Bombay 0.003899634 36 0 198 27
dog-wheaten_terrier 0.0038995147 200 0 500 166
dog-staffordshire_bull_terrier 0.0038844645 335 0 370 8
dog-japanese_chin 0.0038543642 242 16 350 129
cat-Persian 0.0038394034 440 0 500 45
dog-yorkshire_terrier 0.0038394034 48 0 319 93
cat-Egyptian_Mau 0.0038152933 0 0 330 181
dog-chihuahua 0.003750652 200 0 500 166
dog-shiba_inu 0.0037362278 251 11 432 118
bella 0.0037362278 3 135 35 223
dog-miniature_pinscher 0.0037160814 201 8 500 248
cat-Bombay 0.00370726 48 0 319 93
dog-great_pyrenees 0.0036928654 344 143 500 218
cat-Russian_Blue 0.0036216974 314 1 351 12
dog-leonberger 0.0036216974 428 157 500 232
dog-american_bulldog 0.0035657287 242 16 350 129
cat-Bombay 0.0035518706 76 0 228 28
dog-wheaten_terrier 0.00341627 0 93 31 177
cat-Persian 0.003403008 460 0 500 51
dog-leonberger 0.003403008 351 188 473 241
dog-leonberger 0.0033766031 442 189 500 277
cat-Bengal 0.00336349 240 18 342 87
dog-great_pyrenees 0.0033504367 4 53 72 164
cat-Siamese 0.0033115149 48 0 319 93
dog-great_pyrenees 0.0033115149 2 122 79 227
dog-wheaten_terrier 0.0033107102 0 0 330 181
cat-Egyptian_Mau 0.0032858253 472 238 500 302
cat-Bengal 0.0032476783 152 138 500 354
cat-Russian_Blue 0.0032099485 296 1 331 10
dog-leonberger 0.0032099485 378 182 500 240
