cat-Russian_Blue 0.97974527 122 120 238 219
cat-Bombay 0.32809874 122 120 238 219
cat-Abyssinian 0.28378138 122 121 238 219
cat-Bengal 0.2613309 122 121 238 219
cat-Sphynx 0.2613309 122 120 238 219
dog-german_shorthaired 0.08601588 122 119 238 219
dog-boxer 0.07185128 122 119 238 219
cat-Egyptian_Mau 0.041462272 122 119 238 219
cat-British_Shorthair 0.036016077 122 119 238 219
dog-miniature_pinscher 0.028007507 122 119 238 219
cat-Siamese 0.0255166 122 121 238 219
dog-staffordshire_bull_terrier 0.016657054 122 119 238 219
dog-scottish_terrier 0.014842421 122 119 238 219
dog-leonberger 0.014392346 463 221 498 281
dog-basset_hound 0.014281929 122 119 238 219
dog-shiba_inu 0.012673736 122 119 238 219
cat-Siamese 0.012431651 0 0 146 38
dog-beagle 0.011777848 122 119 238 219
cat-Bengal 0.010529697 287 0 432 26
dog-saint_bernard 0.00985986 461 222 500 299
dog-leonberger 0.00963366 122 119 238 219
cat-Birman 0.009559393 239 0 419 37
cat-Birman 0.009485722 10 0 175 37
cat-Birman 0.008445621 63 0 255 36
cat-Birman 0.007907301 116 0 305 36
dog-newfoundland 0.007460654 122 119 238 219
dog-chihuahua 0.007403016 122 119 238 219
cat-Birman 0.0072327554 296 0 444 36
dog-keeshond 0.0067975223 122 119 238 219
cat-Birman 0.0066928566 166 0 360 36
cat-Birman 0.0066411197 0 294 110 332
dog-boxer 0.0066411197 320 250 368 276
dog-yorkshire_terrier 0.0059571564 122 119 238 219
dog-pug 0.005911082 419 275 448 308
dog-pomeranian 0.005797416 84 0 430 147
cat-Russian_Blue 0.005598247 368 244 425 266
cat-Persian 0.005577892 0 0 259 206
dog-pomeranian 0.0055549145 47 0 398 110
dog-yorkshire_terrier 0.005533397 263 205 303 217
dog-german_shorthaired 0.0052404404 424 148 463 156
cat-Russian_Blue 0.005220115 349 245 411 267
cat-Egyptian_Mau 0.0051797032 378 251 432 272
dog-pug 0.0051797032 122 119 238 219
cat-Bombay 0.0051596165 0 0 33 11
dog-boxer 0.0050800443 349 245 411 267
cat-Sphynx 0.005040705 182 121 237 182
dog-staffordshire_bull_terrier 0.004982263 368 244 425 266
dog-yorkshire_terrier 0.004969001 0 0 240 224
cat-Birman 0.00484854 122 119 238 219
dog-japanese_chin 0.00484854 122 119 238 219
cat-Bombay 0.004792303 247 0 413 27
dog-staffordshire_bull_terrier 0.004573852 349 245 411 267
cat-Egyptian_Mau 0.00450328 0 0 80 21
cat-Maine_Coon 0.004485786 122 119 238 219
cat-Bengal 0.004433751 339 0 445 26
cat-Bombay 0.004433751 381 1 448 24
dog-boxer 0.0043314993 330 245 395 267
dog-leonberger 0.0041987896 470 228 500 285
cat-Bengal 0.0041662455 2 0 98 21
cat-Persian 0.004129082 1 0 286 228
cat-Bombay 0.004101932 196 0 366 27
cat-Russian_Blue 0.004101932 368 252 419 273
cat-Birman 0.00400728 0 0 228 46
dog-great_pyrenees 0.0039350092 144 0 500 177
cat-Russian_Blue 0.003930092 247 0 413 27
cat-Egyptian_Mau 0.003914833 368 252 419 273
dog-basset_hound 0.0038543642 424 148 463 156
dog-boxer 0.0038394034 130 111 321 216
dog-yorkshire_terrier 0.0038394034 174 0 430 61
cat-Bombay 0.0038244724 146 0 317 27
dog-american_pit_bull_terrier 0.0037800968 122 119 238 219
cat-Russian_Blue 0.0037654042 378 251 432 272
dog-american_pit_bull_terrier 0.0037263334 0 99 240 333
dog-staffordshire_bull_terrier 0.003721714 380 241 440 264
cat-Persian 0.00370726 165 0 455 82
cat-Siamese 0.0036642253 22 0 202 37
dog-american_pit_bull_terrier 0.0036593974 0 94 311 333
cat-Russian_Blue 0.0035935938 380 241 440 264
cat-Bengal 0.003538072 424 148 463 156
cat-Birman 0.0035243332 130 111 321 216
dog-boxer 0.0035243332 334 251 392 273
dog-staffordshire_bull_terrier 0.003510654 368 252 419 273
cat-Egyptian_Mau 0.0034970045 422 1 457 11
dog-leonberger 0.0034826994 0 71 284 333
cat-Bombay 0.0033766031 96 0 267 27
dog-boxer 0.0033115149 221 118 273 146
dog-pug 0.0032986403 425 270 454 304
cat-Bengal 0.0032476783 360 0 439 19
cat-Russian_Blue 0.003235042 352 252 406 273
dog-staffordshire_bull_terrier 0.003235042 158 119 234 152
cat-Bombay 0.0032224953 0 0 36 64
dog-havanese 0.0032224953 322 321 352 331
cat-Maine_Coon 0.0031974912 166 0 436 47
cat-Siamese 0.0031726956 130 111 321 216
dog-saint_bernard 0.003123641 466 219 500 281
bella 0.0030994117 473 47 500 105
dog-boxer 0.0030753613 352 252 406 273
cat-Egyptian_Mau 0.0030634105 388 238 455 263
dog-pomeranian 0.003039658 121 0 422 85
dog-havanese 0.0030367076 144 0 500 177
