cat-Sphynx 0.9932811 100 58 286 274
dog-staffordshire_bull_terrier 0.06441766 100 58 286 274
dog-miniature_pinscher 0.063482374 100 58 286 274
dog-boxer 0.048226327 100 58 286 274
dog-leonberger 0.03185886 458 77 499 203
cat-Siamese 0.023419946 100 58 286 274
cat-Abyssinian 0.02275914 100 63 287 269
dog-shiba_inu 0.021615326 100 58 286 274
dog-chihuahua 0.021125197 100 58 286 274
cat-Sphynx 0.017718911 0 27 322 303
dog-chihuahua 0.015714437 90 51 447 307
dog-pug 0.015663654 369 423 397 459
cat-Russian_Blue 0.014392346 320 377 392 406
cat-Russian_Blue 0.014117897 100 58 286 274
dog-beagle 0.012576342 100 63 287 269
cat-Sphynx 0.011687249 179 91 285 251
dog-pug 0.011508137 362 421 391 459
dog-german_shorthaired 0.011115015 0 100 32 206
dog-leonberger 0.011115015 460 63 498 156
cat-Persian 0.010448635 382 0 500 51
dog-yorkshire_terrier 0.009708464 279 0 500 70
dog-leonberger 0.008813173 0 285 33 385
dog-beagle 0.008711398 100 57 165 175
dog-japanese_chin 0.008677721 457 60 499 163
cat-Sphynx 0.008219689 104 69 273 202
cat-Bengal 0.008204877 0 27 322 303
dog-boxer 0.0075772405 111 165 184 263
dog-basset_hound 0.007547915 0 100 32 206
dog-staffordshire_bull_terrier 0.0072327554 320 377 392 406
cat-Sphynx 0.006984651 108 131 271 276
dog-pug 0.0068080723 90 51 447 307
dog-miniature_pinscher 0.0067975223 173 0 210 13
cat-Sphynx 0.006768137 0 85 340 377
dog-samoyed 0.0066928566 279 0 500 70
dog-yorkshire_terrier 0.0066411197 347 0 500 57
dog-pomeranian 0.0066154003 327 0 500 64
dog-keeshond 0.006513506 347 0 500 57
cat-Bengal 0.0064131618 94 62 285 246
dog-yorkshire_terrier 0.0063635707 328 0 500 111
cat-Siamese 0.006349236 90 51 447 307
dog-miniature_pinscher 0.0062983334 0 27 322 303
cat-Russian_Blue 0.006165862 0 27 322 303
dog-staffordshire_bull_terrier 0.006050408 188 163 227 190
dog-pug 0.0060269535 23 0 151 54
dog-miniature_pinscher 0.0059571564 99 2 140 19
dog-staffordshire_bull_terrier 0.0059340596 149 168 183 195
cat-Sphynx 0.005888164 99 66 232 246
cat-Abyssinian 0.0057936907 0 27 322 303
cat-Russian_Blue 0.0055119395 311 378 373 410
dog-wheaten_terrier 0.0055119395 363 219 426 245
dog-japanese_chin 0.0054269433 164 339 192 354
dog-pug 0.0054269433 288 170 346 201
dog-yorkshire_terrier 0.0054269433 23 0 151 54
cat-Siamese 0.0053386986 108 74 500 409
dog-beagle 0.00532037 0 27 322 303
dog-newfoundland 0.0053018928 0 100 32 206
dog-leonberger 0.0052404404 462 73 500 175
cat-Persian 0.005220115 320 0 500 56
dog-american_pit_bull_terrier 0.0052117705 90 51 447 307
dog-leonberger 0.0051404536 0 83 307 500
cat-British_Shorthair 0.0051144063 0 27 322 303
dog-staffordshire_bull_terrier 0.004982263 311 378 373 410
cat-Egyptian_Mau 0.004954487 0 27 322 303
dog-saint_bernard 0.004924506 0 288 41 391
dog-shiba_inu 0.0049185753 0 27 322 303
dog-havanese 0.0049054027 61 53 82 94
dog-miniature_pinscher 0.0049054027 161 0 197 12
dog-newfoundland 0.0049054027 458 85 499 218
dog-miniature_pinscher 0.004886389 0 110 31 218
dog-staffordshire_bull_terrier 0.0047964454 90 51 447 307
dog-pug 0.0047418773 99 23 500 317
dog-leonberger 0.0047183633 0 110 31 218
dog-pug 0.004645556 355 409 385 454
dog-boxer 0.004643351 0 27 322 303
cat-Maine_Coon 0.0045561194 382 0 500 51
dog-boxer 0.0045561194 1 96 32 209
cat-Birman 0.00450328 460 354 499 436
dog-yorkshire_terrier 0.004416555 267 0 461 55
dog-havanese 0.004399419 276 0 500 116
cat-Bengal 0.004365325 0 110 31 218
dog-havanese 0.004365325 100 479 134 497
dog-keeshond 0.0043483675 279 0 500 70
dog-leonberger 0.0043314993 0 267 42 364
dog-yorkshire_terrier 0.0043314993 402 0 500 57
cat-Siamese 0.004308969 0 85 340 377
dog-miniature_pinscher 0.004297942 106 0 146 14
dog-japanese_chin 0.0042812526 462 73 500 175
dog-staffordshire_bull_terrier 0.004234612 43 76 458 500
dog-german_shorthaired 0.0041989684 0 27 322 303
dog-yorkshire_terrier 0.004109949 90 51 447 307
dog-samoyed 0.004101932 328 0 500 111
dog-havanese 0.004038602 321 177 393 212
cat-Birman 0.0039899647 90 51 447 307
dog-boxer 0.0039607882 100 57 165 175
cat-Egyptian_Mau 0.0039454103 320 377 392 406
cat-Bombay 0.0039003491 0 27 322 303
dog-samoyed 0.0038844645 385 0 500 69
cat-Siamese 0.0038826466 99 23 500 317
cat-Siamese 0.0038625896 0 27 322 303
dog-pug 0.0038394034 29 2 156 77
