dog-boxer 0.8098782 203 46 358 196
dog-staffordshire_bull_terrier 0.7599387 202 46 359 199
dog-american_bulldog 0.33982766 201 46 359 196
dog-american_pit_bull_terrier 0.17106116 199 46 359 198
dog-german_shorthaired 0.09534946 200 48 359 196
cat-Sphynx 0.08913693 201 46 359 196
dog-beagle 0.060640544 201 46 359 196
cat-Russian_Blue 0.055106908 200 48 359 196
dog-pug 0.02686122 199 46 359 198
dog-basset_hound 0.019756913 200 48 359 196
cat-Abyssinian 0.019606173 462 132 499 236
dog-chihuahua 0.018497884 177 19 500 250
cat-British_Shorthair 0.018194377 200 48 359 196
dog-chihuahua 0.017831266 224 52 500 375
cat-Egyptian_Mau 0.016340137 464 171 498 251
dog-saint_bernard 0.014672041 201 46 359 196
cat-Sphynx 0.013480097 206 53 350 150
cat-Egyptian_Mau 0.013376594 200 48 359 196
bella 0.013325155 200 48 359 196
dog-miniature_pinscher 0.0119589865 177 19 500 250
dog-miniature_pinscher 0.011419624 200 48 359 196
dog-staffordshire_bull_terrier 0.010860324 206 53 350 150
cat-Bengal 0.010328144 464 171 498 251
cat-Egyptian_Mau 0.0098980665 0 205 30 290
dog-newfoundland 0.00963366 200 48 359 196
cat-Bengal 0.009192884 0 10 369 246
dog-miniature_pinscher 0.0090684 201 68 500 375
cat-Bombay 0.00898543 322 0 466 27
cat-Abyssinian 0.008445621 465 129 500 216
dog-staffordshire_bull_terrier 0.007937998 356 3 500 51
dog-american_pit_bull_terrier 0.0074705184 177 19 500 250
cat-Siamese 0.0074317753 200 48 359 196
cat-British_Shorthair 0.007107556 0 10 369 246
cat-Egyptian_Mau 0.007066399 471 182 500 247
cat-Sphynx 0.007055104 177 19 500 250
cat-Russian_Blue 0.006903827 356 3 500 51
dog-leonberger 0.006823957 200 48 359 196
dog-basset_hound 0.006744981 182 250 213 264
dog-chihuahua 0.006355971 179 36 465 369
cat-Bengal 0.0062332153 130 31 371 351
dog-beagle 0.006073922 180 0 208 18
dog-yorkshire_terrier 0.006050408 0 0 277 97
cat-Abyssinian 0.0060035884 472 194 500 259
cat-Sphynx 0.005911082 356 3 500 51
cat-British_Shorthair 0.005888164 0 205 30 290
dog-yorkshire_terrier 0.0058199465 0 0 206 55
dog-basset_hound 0.005768597 0 10 369 246
dog-beagle 0.0055119395 196 0 225 13
dog-basset_hound 0.0054905713 0 198 31 281
cat-Egyptian_Mau 0.005405903 0 0 31 13
cat-Persian 0.0053225458 0 191 31 271
dog-japanese_chin 0.0052404404 1 192 45 271
dog-miniature_pinscher 0.0052200556 0 10 369 246
cat-British_Shorthair 0.0051759183 0 0 328 184
cat-Egyptian_Mau 0.005040705 467 8 500 84
dog-miniature_pinscher 0.004982114 149 42 500 375
dog-beagle 0.0049054027 184 1 216 12
cat-Bombay 0.004886389 54 1 243 55
cat-Sphynx 0.004836917 0 10 369 246
dog-basset_hound 0.0048303604 0 20 412 338
dog-beagle 0.0048145354 0 10 369 246
dog-pug 0.004810989 304 55 343 68
dog-miniature_pinscher 0.00476259 130 31 371 351
cat-Bombay 0.0047254264 0 0 328 184
dog-beagle 0.0047043264 177 19 500 250
dog-shiba_inu 0.004664004 201 68 500 375
cat-Bengal 0.004613638 0 0 328 184
cat-Maine_Coon 0.004573852 464 171 498 251
cat-Siamese 0.0045561194 360 0 500 41
dog-yorkshire_terrier 0.0044868886 201 68 500 375
dog-wheaten_terrier 0.004485786 0 191 31 271
cat-Bombay 0.0044760704 130 31 371 351
dog-american_pit_bull_terrier 0.004472226 201 68 500 375
bella 0.0044683814 3 280 35 360
cat-Bengal 0.0044510365 0 205 30 290
dog-boxer 0.0044412017 0 10 369 246
dog-shiba_inu 0.004433751 201 46 359 196
bella 0.004433751 202 51 264 119
cat-Russian_Blue 0.0044304132 130 31 371 351
cat-Bombay 0.004416555 196 45 363 235
cat-Abyssinian 0.004399419 440 104 500 221
dog-basset_hound 0.004365325 145 163 188 234
cat-Maine_Coon 0.0043314993 0 198 31 281
dog-shiba_inu 0.00426656 177 19 500 250
dog-english_cocker_spaniel 0.004264623 0 252 30 334
cat-Abyssinian 0.0042173266 201 68 500 375
cat-Abyssinian 0.004215151 460 105 500 213
dog-leonberger 0.004215151 0 191 31 271
dog-german_shorthaired 0.0042126477 0 10 369 246
cat-Bengal 0.0041335523 179 36 465 369
dog-german_shorthaired 0.004101932 321 55 357 105
dog-scottish_terrier 0.0040825605 201 68 500 375
cat-Bengal 0.0040769577 201 68 500 375
cat-Bombay 0.0039964914 0 10 369 246
dog-basset_hound 0.003984183 177 19 500 250
dog-english_cocker_spaniel 0.0039454103 0 205 30 290
dog-yorkshire_terrier 0.0039454103 108 0 255 44
cat-British_Shorthair 0.003930092 205 48 256 112
dog-samoyed 0.003914833 355 259 378 274
cat-Bengal 0.003899634 472 194 500 259
