dog-staffordshire_bull_terrier 0.9727273 149 69 427 251
dog-german_shorthaired 0.2354598 150 69 426 249
dog-american_pit_bull_terrier 0.06717858 149 69 426 256
dog-newfoundland 0.04922211 152 70 430 255
dog-staffordshire_bull_terrier 0.031490207 161 60 500 287
dog-boxer 0.029873103 152 70 430 255
dog-boxer 0.026810199 357 83 431 157
dog-english_cocker_spaniel 0.026506126 149 70 426 251
cat-British_Shorthair 0.024376601 152 70 430 255
dog-miniature_pinscher 0.02306521 152 70 430 255
dog-american_bulldog 0.02237147 357 83 431 157
dog-beagle 0.021864563 356 84 433 159
cat-Egyptian_Mau 0.021328092 469 64 500 145
dog-german_shorthaired 0.020164669 161 60 500 287
dog-english_setter 0.01750955 356 84 433 159
dog-staffordshire_bull_terrier 0.01652798 155 84 489 375
dog-leonberger 0.014172375 152 70 430 255
dog-basset_hound 0.013376594 152 70 430 255
bella 0.012479693 149 70 426 251
cat-Russian_Blue 0.012336105 152 70 430 255
cat-Maine_Coon 0.0119611025 55 0 141 31
dog-american_bulldog 0.0118691325 152 70 430 255
dog-english_cocker_spaniel 0.011420459 161 60 500 287
dog-scottish_terrier 0.011072159 152 70 430 255
dog-basset_hound 0.009708464 356 84 433 159
dog-saint_bernard 0.009090394 356 84 433 159
cat-Egyptian_Mau 0.0087791085 473 89 500 152
dog-basset_hound 0.007936418 116 83 431 375
cat-British_Shorthair 0.007815897 357 83 431 157
dog-english_setter 0.007606685 152 70 430 255
cat-Egyptian_Mau 0.007260859 474 252 500 319
cat-Egyptian_Mau 0.0070938766 356 84 433 159
dog-chihuahua 0.007011801 486 15 500 46
dog-american_pit_bull_terrier 0.0069184303 155 84 489 375
dog-keeshond 0.0068770945 152 70 430 255
cat-Egyptian_Mau 0.006823957 0 195 28 247
cat-Abyssinian 0.0066411197 486 19 500 50
dog-staffordshire_bull_terrier 0.0064131618 338 74 379 97
dog-pug 0.006192982 152 70 430 255
cat-British_Shorthair 0.0059152246 0 40 476 327
cat-Bengal 0.00588724 0 19 424 246
dog-yorkshire_terrier 0.005797416 15 0 269 95
dog-german_shorthaired 0.0057783425 116 83 431 375
dog-staffordshire_bull_terrier 0.0056858957 486 15 500 46
cat-Bengal 0.0056661963 0 40 476 327
dog-samoyed 0.005598247 349 0 500 122
cat-Bengal 0.0055119395 358 84 431 160
cat-Egyptian_Mau 0.0055119395 485 3 499 32
bella 0.0055119395 211 255 252 298
cat-Egyptian_Mau 0.0054692626 61 0 141 22
cat-Persian 0.005448073 428 0 491 21
cat-Bombay 0.0054269433 152 70 430 255
dog-scottish_terrier 0.0053640604 0 267 25 324
cat-Egyptian_Mau 0.0053225458 486 15 500 46
dog-german_shorthaired 0.005260855 357 83 431 157
cat-Sphynx 0.005245328 0 19 424 246
dog-beagle 0.0052404404 152 70 430 255
cat-Egyptian_Mau 0.005220115 0 205 31 259
cat-Russian_Blue 0.0051797032 302 82 426 167
cat-Siamese 0.0051797032 485 3 499 32
dog-staffordshire_bull_terrier 0.0050887167 185 83 500 375
cat-Siamese 0.005040705 486 15 500 46
cat-Siamese 0.005001664 338 74 379 97
cat-Russian_Blue 0.0049436986 486 15 500 46
dog-leonberger 0.00484854 482 0 499 29
cat-British_Shorthair 0.004831642 0 19 424 246
cat-Bengal 0.004810989 0 0 34 74
dog-leonberger 0.004810989 355 83 429 160
dog-staffordshire_bull_terrier 0.0047367513 357 83 431 157
cat-Egyptian_Mau 0.0047000647 473 237 500 303
cat-Egyptian_Mau 0.004663646 0 0 61 24
dog-newfoundland 0.0046572387 0 40 476 327
cat-Egyptian_Mau 0.004573852 58 0 162 30
cat-Egyptian_Mau 0.0044683814 0 222 27 268
dog-boxer 0.0044683814 302 82 426 167
dog-staffordshire_bull_terrier 0.004416555 361 85 426 128
cat-Abyssinian 0.004399419 474 252 500 319
cat-Abyssinian 0.004365325 0 184 28 241
cat-Egyptian_Mau 0.004215151 469 78 498 158
dog-english_cocker_spaniel 0.0041890144 0 40 476 327
dog-basset_hound 0.004117906 214 170 495 375
dog-staffordshire_bull_terrier 0.004101932 236 250 296 272
bella 0.004085988 357 83 431 157
dog-chihuahua 0.004070133 482 296 500 338
dog-staffordshire_bull_terrier 0.0039454103 353 75 386 94
cat-Birman 0.0039395094 159 24 500 250
cat-Bombay 0.0038844645 486 15 500 46
cat-Abyssinian 0.0038693845 470 233 500 308
cat-Russian_Blue 0.0038543642 82 0 213 26
cat-Bengal 0.0037800968 0 18 32 102
cat-Persian 0.0037800968 414 0 479 22
dog-miniature_pinscher 0.0037654042 486 15 500 46
dog-german_shorthaired 0.0037615597 185 83 500 375
dog-staffordshire_bull_terrier 0.0036785007 302 82 426 167
dog-miniature_pinscher 0.0036639273 0 19 424 246
dog-american_bulldog 0.0036253035 0 40 476 327
cat-Bengal 0.0035657287 273 266 500 374
cat-Persian 0.0035657287 445 0 494 28
dog-shiba_inu 0.003538072 302 82 426 167
cat-Abyssinian 0.003510654 485 10 500 41
