dog-shiba_inu 0.68510735 264 67 346 154
dog-american_bulldog 0.6215409 264 67 346 154
dog-staffordshire_bull_terrier 0.24364245 264 67 346 154
dog-american_pit_bull_terrier 0.22988081 264 67 346 154
bella 0.10521054 267 67 348 152
dog-keeshond 0.060197055 264 67 346 154
cat-Egyptian_Mau 0.057811618 267 65 348 150
dog-samoyed 0.048948616 267 67 348 152
dog-great_pyrenees 0.043854564 267 68 346 153
cat-Ragdoll 0.031618774 267 65 348 150
dog-boxer 0.026963502 267 70 299 108
dog-beagle 0.023109287 267 65 348 150
dog-english_setter 0.022116601 267 67 348 152
dog-saint_bernard 0.014503568 267 68 346 153
cat-British_Shorthair 0.014117897 267 65 348 150
cat-Russian_Blue 0.012431651 267 65 348 150
cat-Maine_Coon 0.012007356 267 65 348 150
cat-Siamese 0.011777848 267 65 348 150
dog-staffordshire_bull_terrier 0.010997742 0 0 398 339
bella 0.01001358 3 179 33 269
dog-pomeranian 0.0098980665 267 65 348 150
dog-staffordshire_bull_terrier 0.007876694 58 39 337 153
cat-Egyptian_Mau 0.007785648 271 68 340 109
cat-Abyssinian 0.0077555478 267 65 348 150
dog-boxer 0.007547915 267 65 348 150
dog-chihuahua 0.0073458254 264 67 346 154
dog-basset_hound 0.007066399 267 65 348 150
dog-american_pit_bull_terrier 0.006827414 215 0 500 272
dog-samoyed 0.006771207 271 68 340 109
dog-staffordshire_bull_terrier 0.006771207 359 4 500 51
dog-scottish_terrier 0.0064631402 264 67 346 154
bella 0.006097555 3 153 33 247
dog-american_pit_bull_terrier 0.005922526 266 0 500 287
cat-Bengal 0.0057525337 338 154 500 340
dog-leonberger 0.0057302415 267 67 348 152
cat-Sphynx 0.005708039 271 68 340 109
dog-miniature_pinscher 0.0056200325 486 42 500 70
dog-wheaten_terrier 0.005598247 267 67 348 152
dog-american_bulldog 0.005521059 243 3 500 274
dog-shiba_inu 0.005405903 271 68 340 109
dog-american_bulldog 0.005336076 0 0 393 340
dog-great_pyrenees 0.005220115 271 68 340 109
cat-Bengal 0.005060345 299 239 500 340
dog-english_cocker_spaniel 0.0049054027 333 2 375 9
bella 0.004792303 3 203 32 292
dog-staffordshire_bull_terrier 0.004609585 271 68 340 109
cat-Bengal 0.0045561194 271 68 340 109
dog-boxer 0.0045561194 335 69 390 98
cat-Bengal 0.004433751 267 65 348 150
dog-boxer 0.004433751 319 69 372 98
dog-keeshond 0.004433751 266 70 321 140
bella 0.004365325 140 151 174 200
cat-Birman 0.0042480826 267 65 348 150
dog-english_cocker_spaniel 0.004231602 41 57 81 67
dog-english_cocker_spaniel 0.0041662455 164 2 206 9
dog-english_cocker_spaniel 0.003991723 345 2 387 9
cat-Sphynx 0.003976226 267 65 348 150
cat-Ragdoll 0.0038844645 271 68 340 109
cat-Maine_Coon 0.0038394034 271 68 340 109
dog-english_cocker_spaniel 0.0038244724 359 2 399 10
dog-boxer 0.003750801 148 121 208 139
dog-staffordshire_bull_terrier 0.00370726 165 66 352 168
dog-scottish_terrier 0.003635794 271 68 340 109
dog-boxer 0.0035657287 268 71 297 95
dog-english_cocker_spaniel 0.0035657287 152 2 193 10
dog-english_cocker_spaniel 0.0035657287 372 2 411 10
dog-german_shorthaired 0.0035657287 268 69 296 106
dog-boxer 0.003538072 359 4 500 51
dog-english_cocker_spaniel 0.0034698844 391 2 431 10
dog-english_cocker_spaniel 0.00341627 375 65 420 72
dog-staffordshire_bull_terrier 0.0033766031 109 4 276 48
dog-english_cocker_spaniel 0.003337413 320 2 363 10
dog-miniature_pinscher 0.003337413 266 70 321 140
dog-american_pit_bull_terrier 0.003324449 448 87 500 205
dog-staffordshire_bull_terrier 0.0032730699 368 14 500 71
dog-wheaten_terrier 0.003235042 271 68 340 109
dog-staffordshire_bull_terrier 0.0032224953 273 66 337 95
dog-american_bulldog 0.0032219589 263 65 500 340
dog-staffordshire_bull_terrier 0.003218174 0 0 325 189
dog-miniature_pinscher 0.003148079 486 34 500 64
cat-Bombay 0.0031358302 24 0 165 36
bella 0.0031115115 1 53 34 108
bella 0.0030634105 3 128 33 219
dog-staffordshire_bull_terrier 0.0030206144 10 19 414 253
dog-chihuahua 0.002981037 486 47 500 74
dog-english_cocker_spaniel 0.002981037 404 2 443 10
dog-shiba_inu 0.0029579103 267 100 341 155
dog-english_cocker_spaniel 0.0029121637 391 68 435 83
bella 0.0028895736 152 148 183 197
dog-english_cocker_spaniel 0.002878338 177 2 219 10
dog-miniature_pinscher 0.002878338 486 52 500 79
cat-Egyptian_Mau 0.0028671622 0 290 105 340
cat-Bombay 0.0028560162 338 154 500 340
cat-British_Shorthair 0.0028449 165 66 352 168
dog-boxer 0.0027233362 0 19 365 313
cat-Egyptian_Mau 0.0026939213 266 70 321 140
dog-boxer 0.0026939213 172 122 229 142
cat-Persian 0.002683431 410 2 449 10
dog-english_cocker_spaniel 0.0026522577 141 2 181 10
dog-boxer 0.002641946 332 0 486 38
