dog-boxer 0.79881525 143 117 296 309
dog-staffordshire_bull_terrier 0.25312182 143 117 296 309
cat-Russian_Blue 0.17667162 143 117 296 309
dog-german_shorthaired 0.058345854 143 117 296 309
dog-staffordshire_bull_terrier 0.04038906 151 33 296 267
dog-basset_hound 0.037821293 143 117 296 309
cat-Siamese 0.037047178 143 117 296 309
cat-Sphynx 0.035012633 143 117 296 309
dog-boxer 0.028186321 127 37 366 324
cat-Sphynx 0.02686122 156 9 297 215
dog-staffordshire_bull_terrier 0.023411155 127 37 366 324
dog-american_bulldog 0.021230996 127 37 366 324
dog-miniature_pinscher 0.02048856 156 9 297 215
cat-Siamese 0.0198327 151 33 296 267
dog-chihuahua 0.015967667 156 9 297 215
bella 0.013902068 1 197 30 261
cat-Bombay 0.011597365 156 9 297 215
dog-american_bulldog 0.011463791 0 105 66 193
dog-american_pit_bull_terrier 0.010986954 143 117 296 309
dog-american_bulldog 0.010966301 63 48 303 325
dog-scottish_terrier 0.010944575 151 33 296 267
cat-Russian_Blue 0.010442346 127 37 366 324
cat-British_Shorthair 0.010248601 141 118 297 312
dog-chihuahua 0.010209054 139 27 309 300
cat-Bengal 0.01001358 173 7 288 122
cat-Siamese 0.009412587 4 0 140 34
cat-Egyptian_Mau 0.009376228 2 254 63 333
dog-american_bulldog 0.008924246 0 23 333 333
cat-Bombay 0.008610755 125 0 256 26
cat-Russian_Blue 0.008412987 151 33 296 267
dog-miniature_pinscher 0.008348048 179 27 287 161
cat-Egyptian_Mau 0.008283615 0 102 30 172
cat-British_Shorthair 0.008123368 127 37 366 324
dog-miniature_pinscher 0.007876694 148 0 299 130
cat-Abyssinian 0.007785648 156 9 297 215
dog-yorkshire_terrier 0.007695645 151 33 296 267
dog-pug 0.007606685 144 84 302 304
dog-american_bulldog 0.0075772405 135 115 302 315
cat-Bombay 0.0074896216 144 84 302 304
cat-Abyssinian 0.007374376 174 10 286 133
cat-Sphynx 0.007011801 139 27 309 300
cat-Russian_Blue 0.0069576204 125 0 256 26
dog-german_shorthaired 0.006903827 151 33 296 267
cat-Egyptian_Mau 0.006850481 0 123 29 194
dog-miniature_pinscher 0.0064631402 107 29 294 287
dog-boxer 0.0064525306 63 48 303 325
dog-shiba_inu 0.006338924 156 9 297 215
dog-shiba_inu 0.0062170923 208 2 289 24
dog-basset_hound 0.006103456 127 37 366 324
dog-american_bulldog 0.006099403 129 34 500 332
dog-leonberger 0.006073922 144 84 302 304
cat-Egyptian_Mau 0.0060035884 0 203 90 333
cat-Egyptian_Mau 0.005757481 127 37 366 324
cat-Russian_Blue 0.0055549145 284 0 434 31
dog-miniature_pinscher 0.0055549145 486 128 500 159
cat-Sphynx 0.005281329 180 13 290 139
cat-Siamese 0.005267918 127 37 366 324
cat-British_Shorthair 0.005260527 0 92 339 330
cat-Birman 0.005220115 114 137 325 333
cat-Persian 0.005220115 114 137 325 333
cat-Bombay 0.0051797032 107 29 294 287
dog-american_pit_bull_terrier 0.0051455796 115 11 360 317
bella 0.0051196814 466 169 499 256
dog-leonberger 0.004982263 114 137 325 333
dog-miniature_pinscher 0.00484854 147 87 296 297
cat-Maine_Coon 0.0048297346 298 0 356 18
cat-British_Shorthair 0.004760325 51 72 312 325
cat-Siamese 0.0046818256 226 87 277 107
dog-havanese 0.004645556 363 29 500 207
cat-British_Shorthair 0.0046198666 157 82 500 328
cat-Siamese 0.004609585 269 0 418 38
dog-boxer 0.004538417 63 106 150 167
dog-newfoundland 0.0045208335 147 120 294 300
dog-pug 0.00450328 114 137 325 333
dog-yorkshire_terrier 0.0044683814 312 0 500 80
cat-Egyptian_Mau 0.004416555 1 232 47 333
dog-boxer 0.004416555 151 33 296 267
dog-american_bulldog 0.0044086576 0 0 300 289
cat-Egyptian_Mau 0.004382342 0 231 33 312
dog-shiba_inu 0.004365325 0 0 157 47
cat-Sphynx 0.0043314993 82 8 296 122
dog-beagle 0.004264623 0 94 67 177
dog-boxer 0.004264623 247 164 289 200
dog-boxer 0.004264623 114 137 325 333
dog-beagle 0.004231602 277 0 309 9
dog-saint_bernard 0.0041987896 141 118 297 312
dog-staffordshire_bull_terrier 0.0041662455 486 55 500 84
dog-staffordshire_bull_terrier 0.0041339695 485 0 500 24
cat-Bombay 0.004117906 179 27 287 161
dog-pomeranian 0.00400728 303 0 500 51
cat-Birman 0.003976226 4 0 140 34
dog-great_pyrenees 0.003976226 269 0 418 38
dog-shiba_inu 0.0039607882 236 3 298 26
dog-staffordshire_bull_terrier 0.0039458275 63 48 303 325
cat-Egyptian_Mau 0.0039454103 283 1 384 24
cat-Egyptian_Mau 0.003930092 0 215 30 291
cat-Ragdoll 0.0038244724 114 137 325 333
dog-shiba_inu 0.0038096309 176 0 277 26
dog-yorkshire_terrier 0.0038096309 182 11 500 170
dog-american_bulldog 0.0037988722 0 88 329 333
