dog-wheaten_terrier 0.41774648 115 44 226 125
dog-wheaten_terrier 0.11047113 108 40 228 181
dog-english_setter 0.027901381 110 36 226 162
dog-english_cocker_spaniel 0.023330778 108 40 228 181
cat-Bengal 0.02199021 108 40 228 181
dog-english_cocker_spaniel 0.019719124 113 41 225 128
dog-leonberger 0.018653512 456 14 499 62
dog-great_pyrenees 0.01802075 108 16 237 150
cat-Persian 0.01646617 248 0 500 55
cat-Maine_Coon 0.016277462 248 0 500 55
dog-wheaten_terrier 0.015784562 98 0 252 138
dog-miniature_pinscher 0.015247583 107 40 237 219
dog-samoyed 0.014672041 272 2 500 60
dog-newfoundland 0.014615655 108 40 228 181
bella 0.013742328 463 89 497 169
dog-wheaten_terrier 0.013171941 125 75 229 124
dog-samoyed 0.012920469 98 0 252 138
dog-samoyed 0.012527943 93 0 500 134
dog-wheaten_terrier 0.012147158 93 0 500 134
dog-havanese 0.012100399 110 36 226 162
cat-Maine_Coon 0.011732459 93 0 500 134
dog-havanese 0.011158019 133 44 175 53
dog-scottish_terrier 0.010735154 107 40 237 219
dog-havanese 0.010570496 93 0 500 134
dog-wheaten_terrier 0.010408312 121 27 401 146
dog-havanese 0.010368168 98 0 252 138
dog-havanese 0.010334998 138 0 500 170
bella 0.010288298 2 0 30 44
dog-great_pyrenees 0.0097461045 93 0 500 134
cat-Persian 0.009708464 93 0 500 134
dog-keeshond 0.009412587 108 40 228 181
cat-Egyptian_Mau 0.009055257 0 6 25 64
dog-english_cocker_spaniel 0.009055257 463 106 498 200
dog-wheaten_terrier 0.008956969 0 0 273 288
dog-wheaten_terrier 0.008623779 101 17 500 254
dog-havanese 0.0077495873 101 17 500 254
cat-Bombay 0.007403016 107 40 237 219
dog-havanese 0.0073458254 199 0 500 76
cat-Bengal 0.007265657 82 18 302 306
cat-British_Shorthair 0.007176876 115 45 224 148
dog-wheaten_terrier 0.0070938766 82 32 215 156
dog-yorkshire_terrier 0.0070390403 248 0 500 55
dog-german_shorthaired 0.006903827 108 40 228 181
dog-scottish_terrier 0.0067975223 112 37 302 276
cat-Bengal 0.006766349 0 16 250 317
dog-leonberger 0.006744981 466 25 500 75
dog-wheaten_terrier 0.0066928566 272 2 500 60
dog-leonberger 0.0066669285 108 40 228 181
dog-wheaten_terrier 0.006627947 100 0 500 182
bella 0.0064631402 1 8 16 31
dog-havanese 0.0064381063 318 0 500 69
cat-British_Shorthair 0.006338924 395 7 431 15
dog-samoyed 0.006192982 318 0 500 69
cat-Bombay 0.006073922 272 0 354 19
dog-great_pyrenees 0.006073922 125 0 427 97
cat-Persian 0.006050408 115 45 224 148
dog-english_setter 0.005911082 107 40 237 219
dog-samoyed 0.005576551 150 0 486 88
dog-english_setter 0.005533397 99 12 483 165
cat-Persian 0.0053432584 133 44 175 53
dog-yorkshire_terrier 0.005281329 318 0 500 69
dog-wheaten_terrier 0.0052404404 124 32 288 157
dog-yorkshire_terrier 0.005220115 133 44 175 53
dog-shiba_inu 0.005139619 0 6 25 64
dog-chihuahua 0.005099833 107 40 237 219
dog-yorkshire_terrier 0.0050800443 98 0 252 138
dog-great_pyrenees 0.0050794184 138 0 500 170
dog-basset_hound 0.005021155 1 249 33 295
cat-Egyptian_Mau 0.0049436986 0 0 26 44
dog-american_bulldog 0.0049436986 0 2 29 67
dog-wheaten_terrier 0.004886389 34 0 233 155
dog-keeshond 0.0048297346 271 0 500 55
dog-leonberger 0.0048297346 0 71 29 138
dog-wheaten_terrier 0.004810989 125 0 427 97
dog-english_setter 0.004792303 116 46 227 125
cat-Persian 0.004755199 98 0 252 138
bella 0.0047183633 0 2 25 55
dog-english_cocker_spaniel 0.0047000647 0 247 27 294
dog-wheaten_terrier 0.004663646 318 0 500 69
dog-english_setter 0.0046123266 0 0 273 288
cat-Maine_Coon 0.0045208335 110 36 226 162
dog-havanese 0.0045208335 34 0 233 155
dog-samoyed 0.00447163 138 0 500 170
dog-english_setter 0.0044683814 98 0 252 138
dog-scottish_terrier 0.0044683814 113 41 225 128
dog-wheaten_terrier 0.0043483675 121 49 224 101
dog-havanese 0.0043314993 125 0 427 97
dog-newfoundland 0.00429675 0 0 273 288
dog-american_bulldog 0.0042191446 0 0 273 288
dog-english_cocker_spaniel 0.0041987896 1 240 33 284
dog-english_cocker_spaniel 0.0041947067 0 0 273 288
dog-basset_hound 0.004085988 462 88 498 174
dog-samoyed 0.004085988 110 36 226 162
cat-Bengal 0.0040228963 113 41 225 128
cat-Bengal 0.003991723 74 27 215 239
dog-leonberger 0.0039461255 113 10 500 314
dog-havanese 0.0039454103 272 2 500 60
dog-havanese 0.003914833 358 5 500 165
dog-miniature_pinscher 0.0038693845 110 36 226 162
bella 0.0038543642 469 97 500 161
