dog-havanese 0.837088 190 89 333 206
dog-wheaten_terrier 0.79246426 190 89 333 206
cat-Bengal 0.07793769 10 0 160 51
dog-yorkshire_terrier 0.053304672 190 92 332 207
cat-Persian 0.03185886 190 89 332 207
dog-german_shorthaired 0.028436035 0 169 123 269
cat-Bombay 0.027480692 10 0 160 51
dog-miniature_pinscher 0.02199021 10 0 160 51
cat-Bengal 0.01953125 50 0 162 41
dog-scottish_terrier 0.018334448 190 92 332 207
dog-german_shorthaired 0.017780393 10 0 160 51
dog-samoyed 0.017375678 190 89 332 207
dog-wheaten_terrier 0.017130047 0 3 352 233
dog-english_cocker_spaniel 0.016890734 0 3 352 233
cat-Bengal 0.01664707 0 3 352 233
dog-keeshond 0.016277462 190 92 332 207
cat-Bengal 0.01542455 366 0 500 32
dog-english_cocker_spaniel 0.015365332 190 89 332 206
cat-Russian_Blue 0.014785409 10 0 160 51
cat-Bombay 0.014172375 129 0 286 30
cat-Egyptian_Mau 0.013584405 10 0 160 51
cat-Maine_Coon 0.0122886 122 137 152 149
dog-scottish_terrier 0.012242764 0 3 352 233
dog-basset_hound 0.012053788 0 176 116 272
bella 0.011115015 2 271 34 341
cat-Siamese 0.01001358 344 0 500 49
dog-havanese 0.00963366 121 83 334 214
dog-newfoundland 0.009376228 190 92 332 207
dog-shiba_inu 0.009090394 286 0 500 54
cat-British_Shorthair 0.008978963 0 3 352 233
bella 0.0087791085 469 40 497 134
dog-english_cocker_spaniel 0.008222938 0 0 346 268
dog-miniature_pinscher 0.00820902 0 3 352 233
cat-Birman 0.007785648 353 0 500 40
dog-yorkshire_terrier 0.007695645 125 4 354 216
cat-Bombay 0.007374376 1 15 328 237
dog-newfoundland 0.0073536634 0 3 352 233
dog-havanese 0.007272929 0 3 352 233
cat-Bombay 0.0072327554 140 0 234 23
dog-wheaten_terrier 0.0069576204 121 83 334 214
cat-Bengal 0.006850481 395 0 497 42
dog-samoyed 0.006850481 122 137 152 149
dog-great_pyrenees 0.0066928566 190 89 332 207
dog-english_cocker_spaniel 0.0064131618 121 83 334 214
cat-Abyssinian 0.006338924 10 0 160 51
dog-wheaten_terrier 0.006338924 10 0 160 51
cat-Maine_Coon 0.0060269535 128 137 158 150
dog-yorkshire_terrier 0.005797416 121 83 334 214
dog-newfoundland 0.005708039 0 14 191 263
dog-english_setter 0.0054269433 430 188 500 291
dog-wheaten_terrier 0.005362153 0 0 330 195
cat-Egyptian_Mau 0.0053432584 471 260 500 323
dog-basset_hound 0.0052404404 10 0 160 51
cat-Bengal 0.005139619 70 0 155 26
bella 0.0051196814 473 70 500 144
cat-Egyptian_Mau 0.0050800443 0 273 37 359
cat-Bengal 0.005021155 48 3 156 61
dog-wheaten_terrier 0.0049428344 87 38 391 220
dog-scottish_terrier 0.0048674047 2 0 157 53
cat-Siamese 0.0048297346 252 0 493 54
cat-Bombay 0.004810989 327 0 484 31
cat-Bengal 0.004663646 18 0 118 26
cat-Bombay 0.004609585 172 0 340 30
cat-Bombay 0.004538417 288 0 447 30
dog-basset_hound 0.0044683814 0 130 116 268
bella 0.0044683814 1 268 44 374
dog-miniature_pinscher 0.004433751 127 0 274 30
cat-Persian 0.0044240355 0 3 352 233
dog-havanese 0.004399419 125 4 354 216
dog-german_shorthaired 0.0043483675 0 104 132 280
dog-english_setter 0.004324287 137 28 500 238
cat-Bengal 0.004264623 131 0 219 22
dog-great_pyrenees 0.004255086 162 0 500 193
dog-leonberger 0.0042480826 324 254 366 270
cat-Bengal 0.0041987896 0 0 133 66
dog-miniature_pinscher 0.0041824877 0 109 142 274
dog-havanese 0.004182011 137 28 500 238
dog-shiba_inu 0.0041662455 10 0 160 51
dog-leonberger 0.0041500926 202 172 322 227
dog-yorkshire_terrier 0.004117906 45 0 336 174
dog-yorkshire_terrier 0.004101932 51 0 316 105
bella 0.004070133 77 260 119 300
dog-american_pit_bull_terrier 0.0039901435 137 28 500 238
cat-Bengal 0.003976226 0 176 116 272
cat-Bombay 0.003976226 165 0 272 23
cat-Maine_Coon 0.003976226 391 0 499 34
cat-Maine_Coon 0.0039607882 4 288 66 375
cat-Persian 0.0039607882 3 278 61 375
cat-Maine_Coon 0.0039454103 121 83 334 214
dog-miniature_pinscher 0.0039454103 50 0 162 41
dog-basset_hound 0.003930092 0 273 37 359
cat-Siamese 0.0038244724 293 0 476 40
cat-Russian_Blue 0.0037948191 353 0 500 40
dog-miniature_pinscher 0.0037800968 140 0 234 23
cat-Bengal 0.003737539 0 0 330 195
cat-Egyptian_Mau 0.0036785007 463 256 500 354
dog-pomeranian 0.0036642253 76 0 377 153
dog-english_cocker_spaniel 0.0036597848 148 70 500 298
dog-havanese 0.0036275983 0 0 330 195
cat-Bombay 0.0036216974 3 0 274 92
