dog-wheaten_terrier 0.62245935 7 0 349 269
dog-scottish_terrier 0.61756665 13 0 351 289
dog-keeshond 0.24762338 10 3 350 271
dog-yorkshire_terrier 0.24256432 10 3 350 271
dog-havanese 0.23439914 10 0 350 289
dog-samoyed 0.09251803 13 0 351 289
dog-newfoundland 0.042403817 8 0 352 271
cat-Abyssinian 0.033971995 445 0 472 21
dog-havanese 0.029482007 0 9 357 375
cat-Persian 0.020254701 8 0 352 271
dog-english_cocker_spaniel 0.01750955 7 0 350 267
cat-Maine_Coon 0.016341269 13 0 351 289
dog-miniature_pinscher 0.013552129 8 2 357 277
cat-Bengal 0.010437518 0 1 334 263
dog-shiba_inu 0.009985387 0 1 334 263
dog-havanese 0.009936422 113 175 291 253
dog-english_setter 0.008511305 8 0 352 271
dog-staffordshire_bull_terrier 0.008283615 239 66 273 85
dog-newfoundland 0.008251607 251 32 338 149
dog-boxer 0.008219689 0 91 31 120
bella 0.00815624 475 184 500 254
dog-american_pit_bull_terrier 0.008009315 8 1 334 274
bella 0.007846236 474 167 500 237
dog-leonberger 0.0077555478 8 0 352 271
dog-samoyed 0.0075986683 0 9 357 375
dog-yorkshire_terrier 0.007533461 0 9 357 375
bella 0.007403016 473 88 500 163
dog-japanese_chin 0.007289082 47 333 164 375
dog-german_shorthaired 0.007257253 8 1 334 274
dog-keeshond 0.007065445 0 9 357 375
cat-Bengal 0.006771207 393 0 470 20
cat-Egyptian_Mau 0.0065897703 410 0 482 22
dog-wheaten_terrier 0.006582886 0 0 313 375
cat-Bombay 0.0065642595 180 0 264 20
dog-wheaten_terrier 0.0064381063 14 2 95 28
dog-havanese 0.006270528 0 27 299 375
cat-Bombay 0.006241262 330 0 418 22
cat-Egyptian_Mau 0.006121278 474 263 500 328
dog-basset_hound 0.0059576035 0 1 334 263
dog-beagle 0.0059340596 438 1 469 12
dog-leonberger 0.005888164 22 1 71 10
dog-beagle 0.0058199465 416 0 452 11
dog-staffordshire_bull_terrier 0.0056858957 227 66 260 86
dog-wheaten_terrier 0.005655378 0 0 297 288
dog-newfoundland 0.0056419075 0 38 66 182
dog-leonberger 0.0055549145 6 19 79 150
dog-staffordshire_bull_terrier 0.0055119395 244 71 279 89
dog-wheaten_terrier 0.0055119395 7 8 93 131
dog-staffordshire_bull_terrier 0.0054269433 233 61 266 82
dog-staffordshire_bull_terrier 0.0054079294 8 1 334 274
bella 0.0053018928 474 108 500 182
dog-staffordshire_bull_terrier 0.005260855 221 76 254 92
dog-havanese 0.0052404404 77 211 443 375
cat-Persian 0.0050471425 0 9 357 375
bella 0.005040705 474 148 500 220
cat-Bombay 0.004982263 307 0 391 21
dog-leonberger 0.004982263 0 185 35 237
cat-Egyptian_Mau 0.004962951 474 241 500 309
dog-leonberger 0.00496161 0 9 357 375
bella 0.0049436986 468 18 500 108
cat-British_Shorthair 0.0048985183 8 1 334 274
cat-Siamese 0.0048674047 186 0 241 16
cat-Bengal 0.0048297346 364 0 466 28
dog-leonberger 0.0047000647 2 213 32 275
dog-great_pyrenees 0.0046818256 2 0 361 256
cat-Bombay 0.004663646 154 0 237 20
dog-staffordshire_bull_terrier 0.004663646 233 71 266 89
dog-staffordshire_bull_terrier 0.004645556 222 72 254 89
cat-Bombay 0.004627526 344 1 442 27
dog-staffordshire_bull_terrier 0.004538417 243 61 279 80
dog-leonberger 0.004485786 3 76 67 216
cat-Birman 0.004433751 180 0 264 20
cat-Abyssinian 0.004365325 474 274 500 339
cat-Birman 0.0043314993 186 0 248 15
cat-Bombay 0.0042812526 364 0 447 21
dog-havanese 0.0042812526 26 0 115 20
cat-Bombay 0.004244268 8 1 334 274
dog-wheaten_terrier 0.004215151 19 0 101 21
dog-american_pit_bull_terrier 0.0041824877 344 0 471 39
cat-Birman 0.0041662455 97 1 143 9
dog-staffordshire_bull_terrier 0.0041662455 244 76 279 93
dog-great_pyrenees 0.004101932 14 2 95 28
cat-Persian 0.004070133 65 0 135 17
dog-newfoundland 0.004038602 6 19 79 150
cat-Bengal 0.0040228963 427 0 490 23
dog-leonberger 0.0040228963 0 285 74 375
cat-Egyptian_Mau 0.00400728 468 10 500 98
bella 0.0039607882 476 205 500 275
dog-havanese 0.0039454103 36 0 196 46
bella 0.003930092 472 68 500 145
cat-Egyptian_Mau 0.0038543642 443 0 473 17
dog-wheaten_terrier 0.0038096309 23 0 171 45
cat-Bengal 0.0037800968 313 271 500 375
cat-Bengal 0.0037362278 0 0 54 18
cat-Bengal 0.0037362278 188 0 251 17
dog-great_pyrenees 0.003721714 344 0 471 39
cat-Maine_Coon 0.00370726 432 1 491 34
dog-yorkshire_terrier 0.0036785007 378 0 488 40
cat-Bombay 0.0036499798 278 0 359 19
cat-Bombay 0.0036499798 393 0 470 20
