dog-wheaten_terrier 0.9806549 78 43 331 313
dog-scottish_terrier 0.09739038 80 41 334 314
dog-english_cocker_spaniel 0.079352885 77 42 333 311
dog-samoyed 0.07030386 77 42 333 311
dog-havanese 0.06870973 68 42 329 304
cat-Maine_Coon 0.050650775 72 40 333 311
bella 0.02996564 66 38 328 308
dog-english_setter 0.023419946 77 42 333 311
cat-Bengal 0.023153424 80 42 334 312
dog-wheaten_terrier 0.01947087 0 0 334 342
cat-Persian 0.016979992 80 41 334 314
dog-keeshond 0.016657054 77 42 333 311
dog-shiba_inu 0.015700668 72 40 333 311
cat-Bombay 0.014447838 0 55 28 181
dog-newfoundland 0.014337033 80 42 334 312
dog-miniature_pinscher 0.012744486 89 6 375 312
dog-great_pyrenees 0.012401313 72 40 333 311
dog-yorkshire_terrier 0.012388319 68 42 329 304
bella 0.0118691325 353 231 372 339
cat-Bombay 0.011597365 0 89 29 216
dog-english_cocker_spaniel 0.009838164 0 0 334 342
dog-newfoundland 0.0094490945 0 31 33 164
cat-Bombay 0.00898543 303 1 332 12
dog-havanese 0.008833051 0 0 334 342
cat-British_Shorthair 0.008283615 80 42 334 312
cat-Bengal 0.008113503 0 5 329 321
dog-chihuahua 0.008068621 68 42 329 304
dog-pug 0.007725537 2 0 88 65
dog-basset_hound 0.007652372 66 38 328 308
cat-Bombay 0.0076362193 294 1 322 12
dog-havanese 0.0076362193 128 1 160 15
dog-yorkshire_terrier 0.0075772405 30 0 135 56
cat-Maine_Coon 0.0075418055 0 5 329 321
cat-British_Shorthair 0.007460654 203 2 234 14
dog-great_pyrenees 0.0073018074 0 0 334 342
dog-american_pit_bull_terrier 0.0069585145 89 6 375 312
dog-scottish_terrier 0.00690794 0 5 329 321
dog-shiba_inu 0.0066928566 354 168 375 247
dog-staffordshire_bull_terrier 0.006558478 89 6 375 312
dog-samoyed 0.0062555075 0 0 334 342
dog-wheaten_terrier 0.00614509 83 56 213 287
cat-Bombay 0.006073922 312 1 340 13
dog-yorkshire_terrier 0.0059340596 8 4 118 69
cat-Bombay 0.005911082 0 114 25 224
dog-newfoundland 0.0058425963 0 5 41 120
cat-British_Shorthair 0.005797416 212 2 242 14
cat-Persian 0.005533397 128 1 160 15
cat-Bombay 0.0054905713 0 149 25 260
bella 0.0054692626 355 256 375 354
dog-yorkshire_terrier 0.0054269433 0 0 136 124
cat-British_Shorthair 0.0053432584 227 2 256 13
dog-yorkshire_terrier 0.0053432584 1 0 89 53
cat-Bombay 0.0052404404 285 1 312 12
cat-British_Shorthair 0.0051596165 280 1 307 12
dog-havanese 0.0050800443 136 1 168 16
cat-British_Shorthair 0.005021155 271 1 298 12
cat-British_Shorthair 0.0049436986 256 1 284 12
cat-British_Shorthair 0.004886389 195 2 225 14
cat-British_Shorthair 0.0048297346 289 1 317 12
cat-British_Shorthair 0.0048297346 236 2 266 12
bella 0.004627526 355 281 375 378
dog-yorkshire_terrier 0.0045916736 124 1 155 14
dog-leonberger 0.0045881867 66 38 328 308
dog-staffordshire_bull_terrier 0.0045561194 111 439 136 458
cat-British_Shorthair 0.004416555 246 1 275 13
dog-newfoundland 0.004382342 0 63 25 172
dog-miniature_pinscher 0.0043319166 0 5 329 321
dog-newfoundland 0.0043314993 0 12 48 167
dog-newfoundland 0.004303068 0 0 334 342
dog-newfoundland 0.0041662455 0 159 24 268
bella 0.0041339695 351 166 373 268
bella 0.0041339695 354 220 375 306
cat-Birman 0.004085988 121 0 178 26
dog-shiba_inu 0.0040739775 0 5 329 321
dog-pomeranian 0.004038602 104 0 176 43
cat-Bombay 0.003951758 0 5 329 321
cat-Egyptian_Mau 0.0039351583 66 38 328 308
cat-Bombay 0.003914833 276 1 302 11
cat-Bombay 0.003914833 0 69 22 166
dog-samoyed 0.0038274825 109 0 375 280
dog-pug 0.0037362278 11 0 113 53
cat-Bombay 0.003721714 322 1 350 13
dog-havanese 0.003721714 2 0 88 65
cat-British_Shorthair 0.0036485791 0 5 329 321
cat-British_Shorthair 0.0035796463 298 1 327 12
bella 0.0035796463 354 188 375 277
dog-newfoundland 0.003442973 0 47 39 183
dog-yorkshire_terrier 0.00341627 32 8 144 78
cat-Bombay 0.003411889 89 6 375 312
dog-yorkshire_terrier 0.0034081936 0 5 329 321
cat-Birman 0.003403008 98 0 158 25
cat-Egyptian_Mau 0.003403008 317 444 341 461
dog-newfoundland 0.0033766031 0 99 25 207
dog-english_cocker_spaniel 0.003324449 0 49 27 163
cat-Egyptian_Mau 0.0032986403 355 294 375 389
cat-Persian 0.0032986403 0 3 75 51
dog-english_setter 0.0032230914 0 0 334 342
dog-newfoundland 0.0032099485 1 0 89 53
dog-american_pit_bull_terrier 0.0031726956 192 44 375 221
dog-german_shorthaired 0.0031726956 0 31 33 164
