dog-wheaten_terrier 0.9824904 318 19 477 146
dog-samoyed 0.05389917 318 19 474 146
dog-english_cocker_spaniel 0.034164816 329 23 498 148
dog-english_setter 0.02763772 318 19 474 146
dog-scottish_terrier 0.024283886 318 19 474 146
dog-havanese 0.023779988 318 19 474 146
cat-Bengal 0.015845358 318 19 474 146
dog-great_pyrenees 0.015014738 318 19 474 146
cat-Maine_Coon 0.014337033 318 19 474 146
dog-keeshond 0.013742328 318 19 474 146
dog-leonberger 0.013584405 396 144 447 210
dog-basset_hound 0.012951314 0 16 471 375
cat-Abyssinian 0.012431651 342 170 500 375
cat-Bombay 0.010605067 237 39 500 375
dog-german_shorthaired 0.010420144 26 21 485 242
dog-english_cocker_spaniel 0.01034376 0 0 493 309
dog-basset_hound 0.009537488 26 21 485 242
dog-english_cocker_spaniel 0.008745402 26 21 485 242
dog-leonberger 0.0075772405 71 198 111 247
dog-american_bulldog 0.0074896216 0 28 182 326
dog-leonberger 0.0074896216 0 78 165 355
dog-german_shorthaired 0.0073740482 0 16 471 375
dog-american_pit_bull_terrier 0.006823957 0 9 154 213
cat-Egyptian_Mau 0.006538838 473 237 500 301
cat-Bombay 0.0064631402 342 170 500 375
cat-Birman 0.0064381063 350 335 469 372
dog-chihuahua 0.006134242 237 39 500 375
cat-Bengal 0.00607571 0 52 454 375
dog-miniature_pinscher 0.0060035884 329 23 498 148
dog-keeshond 0.005930513 237 39 500 375
cat-Bengal 0.0058368444 0 0 493 309
dog-basset_hound 0.0058199465 329 23 498 148
bella 0.005576551 473 184 500 245
cat-Bombay 0.0055549145 21 0 117 21
dog-basset_hound 0.0055549145 139 24 180 48
dog-miniature_pinscher 0.0054813027 0 0 493 309
cat-Abyssinian 0.0054269433 472 244 500 310
cat-Egyptian_Mau 0.005220115 472 251 500 319
dog-beagle 0.005218923 0 0 493 309
dog-basset_hound 0.0051596165 200 77 227 88
cat-Birman 0.005040705 154 330 280 373
dog-leonberger 0.0049054027 400 138 445 182
dog-miniature_pinscher 0.0048384666 26 21 485 242
dog-miniature_pinscher 0.0047183633 0 0 304 157
dog-english_setter 0.004663646 0 78 165 355
dog-shiba_inu 0.004663646 473 184 500 245
dog-english_cocker_spaniel 0.0045818686 0 0 450 197
dog-american_pit_bull_terrier 0.004538417 0 48 153 319
dog-staffordshire_bull_terrier 0.00449273 26 21 485 242
dog-leonberger 0.004433751 485 2 500 28
dog-newfoundland 0.004416555 0 48 153 319
cat-Persian 0.004365325 317 19 477 147
cat-Maine_Coon 0.0043314993 355 0 389 20
cat-Russian_Blue 0.004314691 342 170 500 375
dog-miniature_pinscher 0.004314691 29 0 71 12
dog-beagle 0.0042900443 0 52 454 375
dog-great_pyrenees 0.004264623 0 2 118 87
cat-Ragdoll 0.004231602 0 78 165 355
bella 0.004231602 473 196 500 263
bella 0.0041987896 329 23 498 148
dog-wheaten_terrier 0.004178196 10 0 483 183
dog-wheaten_terrier 0.004038602 0 98 31 190
cat-Egyptian_Mau 0.00400728 0 94 29 150
cat-Russian_Blue 0.00398916 237 39 500 375
dog-american_pit_bull_terrier 0.003973812 0 0 493 309
dog-english_cocker_spaniel 0.003891468 0 0 443 240
cat-Bombay 0.0038693845 43 0 141 20
dog-leonberger 0.0038096309 315 30 350 80
dog-miniature_pinscher 0.0037760139 0 0 385 182
dog-english_cocker_spaniel 0.0036785007 136 0 196 21
dog-samoyed 0.0036723614 202 0 500 156
cat-Egyptian_Mau 0.0036642253 473 189 500 254
cat-Bengal 0.0036168993 0 0 385 182
cat-Abyssinian 0.0035657287 473 260 500 328
dog-shiba_inu 0.0035518706 329 23 498 148
dog-newfoundland 0.0035243332 0 0 138 107
dog-japanese_chin 0.003510654 0 78 165 355
cat-Egyptian_Mau 0.0034970045 473 217 500 283
dog-english_setter 0.003403008 0 2 118 87
dog-leonberger 0.003403008 0 206 33 275
dog-keeshond 0.00336349 0 78 165 355
cat-Bengal 0.003324449 342 170 500 375
cat-Bengal 0.0032986403 31 0 80 11
dog-leonberger 0.0032986403 398 158 443 224
dog-english_cocker_spaniel 0.0032858253 271 17 471 145
dog-basset_hound 0.0032730699 136 26 167 47
dog-scottish_terrier 0.0032309592 237 39 500 375
cat-Russian_Blue 0.0032242239 0 52 454 375
dog-wheaten_terrier 0.0032224953 0 75 31 149
dog-american_bulldog 0.0031850636 0 9 148 265
dog-boxer 0.0031698644 0 16 471 375
cat-British_Shorthair 0.0031603575 329 23 498 148
cat-Egyptian_Mau 0.0031603575 0 198 33 263
cat-Sphynx 0.0031583607 0 52 454 375
dog-english_setter 0.003148079 0 91 31 180
dog-newfoundland 0.0031358302 0 0 144 223
dog-saint_bernard 0.003123641 0 78 165 355
dog-english_setter 0.0031201541 0 0 493 309
dog-leonberger 0.0031115115 0 24 148 288
dog-shiba_inu 0.0031115115 473 196 500 263
