dog-yorkshire_terrier 0.9856076 83 53 193 143
dog-scottish_terrier 0.063019454 83 53 193 143
cat-Abyssinian 0.046551287 155 0 174 13
cat-Bombay 0.04603389 83 53 193 143
dog-havanese 0.042802155 80 40 195 144
dog-keeshond 0.019160718 82 51 194 132
dog-yorkshire_terrier 0.014842421 116 57 193 133
cat-Persian 0.013273895 82 51 194 132
dog-wheaten_terrier 0.012194127 129 2 180 65
dog-pomeranian 0.010986954 83 53 193 143
dog-yorkshire_terrier 0.010986954 73 4 200 152
cat-Persian 0.01001358 125 0 185 74
dog-yorkshire_terrier 0.009974927 190 0 300 47
cat-Bombay 0.0097461045 24 0 115 17
dog-chihuahua 0.00891614 83 53 193 143
cat-Egyptian_Mau 0.008445621 155 0 172 11
cat-Sphynx 0.006823957 159 0 180 9
cat-Bombay 0.0067975223 161 0 215 13
dog-scottish_terrier 0.0065897703 1 123 17 163
cat-Egyptian_Mau 0.006338924 0 109 18 155
cat-Bombay 0.005911082 160 0 232 17
dog-beagle 0.0058653355 156 1 175 8
dog-saint_bernard 0.005774915 58 36 87 50
dog-english_cocker_spaniel 0.0056711435 97 38 300 185
cat-Persian 0.0056419075 129 2 184 44
cat-British_Shorthair 0.005576551 161 0 215 13
dog-american_pit_bull_terrier 0.005576551 80 40 195 144
dog-samoyed 0.005533397 82 51 194 132
dog-saint_bernard 0.005448073 49 39 78 56
dog-pomeranian 0.0053640604 73 4 200 152
dog-havanese 0.005260855 116 57 193 133
cat-Bengal 0.005139619 0 119 17 162
dog-yorkshire_terrier 0.0051285923 92 11 300 151
dog-wheaten_terrier 0.005099833 134 0 209 25
dog-saint_bernard 0.005060345 47 35 79 49
dog-yorkshire_terrier 0.005040705 230 0 300 35
dog-miniature_pinscher 0.005021155 82 51 194 132
dog-yorkshire_terrier 0.005001664 192 0 300 51
dog-yorkshire_terrier 0.004982263 39 43 183 139
cat-Bengal 0.004962951 161 0 215 13
cat-Maine_Coon 0.004962951 82 52 195 153
cat-British_Shorthair 0.004855782 0 37 205 170
dog-american_bulldog 0.004645556 13 35 57 51
cat-Bengal 0.0045928657 0 37 205 170
cat-Abyssinian 0.0044683814 157 0 177 10
cat-Egyptian_Mau 0.0044510365 291 111 300 130
cat-Ragdoll 0.0044510365 125 0 169 12
dog-wheaten_terrier 0.004399419 127 0 186 32
cat-Abyssinian 0.004382342 154 0 170 10
dog-yorkshire_terrier 0.0043427646 0 4 202 146
cat-Abyssinian 0.0042812526 291 115 300 132
cat-Persian 0.004264623 197 212 233 224
dog-american_bulldog 0.004231602 27 35 65 49
cat-Egyptian_Mau 0.004215151 125 0 169 12
cat-Bombay 0.0041987896 174 0 239 13
cat-Maine_Coon 0.0041662455 155 0 172 11
cat-Maine_Coon 0.0041500926 124 1 171 16
dog-newfoundland 0.0041339695 81 51 194 141
dog-havanese 0.004117906 66 0 201 135
cat-Bombay 0.004101932 9 0 92 17
dog-wheaten_terrier 0.004101932 82 51 194 132
bella 0.00400728 2 157 18 195
dog-saint_bernard 0.003991723 59 39 88 57
dog-wheaten_terrier 0.003976226 0 115 17 160
dog-american_bulldog 0.003914833 47 35 79 49
dog-beagle 0.003914833 159 0 180 9
dog-american_bulldog 0.0038394034 39 35 71 48
cat-Bombay 0.0038244724 85 52 114 94
cat-Bombay 0.0037948191 245 1 300 20
cat-Bombay 0.0037800968 116 57 193 133
dog-samoyed 0.00370726 73 4 200 152
dog-yorkshire_terrier 0.00370726 127 49 192 114
dog-yorkshire_terrier 0.0036928654 65 0 159 24
cat-Persian 0.0036785007 73 4 200 152
dog-scottish_terrier 0.0036383867 0 4 202 146
cat-Bombay 0.0036216974 165 0 274 24
bella 0.0036216974 1 136 19 176
dog-miniature_pinscher 0.0036076307 263 101 300 167
dog-staffordshire_bull_terrier 0.0035935938 0 135 18 178
dog-basset_hound 0.0035852492 97 38 300 185
dog-pug 0.003510654 80 40 195 144
dog-yorkshire_terrier 0.003510654 83 53 146 127
dog-great_pyrenees 0.0034970045 73 4 200 152
dog-wheaten_terrier 0.0034970045 112 0 179 26
dog-beagle 0.0034698844 156 0 174 11
cat-Abyssinian 0.0034564137 291 123 300 139
cat-Egyptian_Mau 0.0034564137 0 122 15 161
cat-Siamese 0.00341627 10 29 57 44
cat-Egyptian_Mau 0.003403008 0 135 18 178
dog-yorkshire_terrier 0.0033897758 82 0 186 107
cat-Ragdoll 0.00336349 155 0 172 11
cat-Persian 0.0033504367 131 0 176 12
dog-american_bulldog 0.0033504367 10 29 57 44
cat-Siamese 0.003337413 156 0 174 11
cat-Bombay 0.0033355653 0 37 205 170
cat-Bengal 0.0033115149 0 135 18 178
cat-Bombay 0.0032986403 99 0 148 12
dog-samoyed 0.0032858253 2 172 39 224
dog-yorkshire_terrier 0.0032730699 5 0 155 61
dog-boxer 0.0032476783 13 35 57 51
