dog-yorkshire_terrier 0.9766692 184 4 348 254
dog-havanese 0.05888471 183 4 351 255
dog-pomeranian 0.056652427 184 4 348 254
cat-Persian 0.037750274 182 4 350 254
dog-pug 0.03346294 337 3 478 72
dog-wheaten_terrier 0.018194377 218 206 458 464
cat-Bombay 0.01704532 59 0 194 42
dog-japanese_chin 0.014503568 245 217 298 250
dog-scottish_terrier 0.013532162 184 4 348 254
dog-havanese 0.011915028 182 37 387 361
dog-scottish_terrier 0.011340439 0 0 382 293
cat-Russian_Blue 0.010902375 69 1 198 42
dog-yorkshire_terrier 0.010791898 182 0 478 334
cat-Bengal 0.010766625 0 0 382 293
cat-Bengal 0.010130405 0 235 29 341
cat-Bombay 0.0098980665 183 4 348 255
bella 0.009671003 456 301 478 366
dog-english_cocker_spaniel 0.009411573 0 0 388 321
cat-Bengal 0.009161025 0 193 32 313
cat-Egyptian_Mau 0.009055257 0 321 30 418
cat-Bombay 0.008577496 337 3 478 72
dog-yorkshire_terrier 0.008491427 0 0 382 293
dog-yorkshire_terrier 0.008412987 92 30 345 268
dog-wheaten_terrier 0.008315891 0 0 382 293
dog-yorkshire_terrier 0.0072544515 178 11 410 364
cat-Bombay 0.007176876 54 0 206 56
cat-Persian 0.0071665943 178 11 410 364
dog-keeshond 0.0070938766 180 12 357 259
dog-yorkshire_terrier 0.0068770945 181 119 328 241
dog-pug 0.0066411197 176 0 354 250
dog-yorkshire_terrier 0.006486267 184 0 478 248
cat-Maine_Coon 0.0064631402 108 16 343 254
dog-scottish_terrier 0.0063883364 186 9 334 107
dog-yorkshire_terrier 0.0062874556 0 0 338 229
dog-yorkshire_terrier 0.0062170923 337 3 478 72
dog-havanese 0.006126851 0 0 382 293
cat-Bengal 0.0059803426 1 257 39 347
dog-havanese 0.0059571564 203 225 456 469
cat-Egyptian_Mau 0.0059340596 0 193 32 313
dog-american_pit_bull_terrier 0.0058199465 176 0 354 250
cat-Bombay 0.005774915 343 2 467 41
dog-scottish_terrier 0.0057041347 0 0 338 229
cat-British_Shorthair 0.0055561364 0 0 382 293
dog-english_cocker_spaniel 0.005504757 0 0 338 229
cat-Persian 0.005428225 0 0 382 293
cat-Bengal 0.0053867996 0 0 338 229
dog-wheaten_terrier 0.0053840578 0 0 338 229
cat-Bengal 0.0053018928 0 198 47 351
cat-Persian 0.005266249 182 0 478 334
cat-Siamese 0.005099833 337 3 478 72
cat-Persian 0.0050902367 0 0 338 229
cat-Egyptian_Mau 0.0050800443 108 2 200 38
cat-Egyptian_Mau 0.0048297346 0 268 40 365
cat-Maine_Coon 0.0048179626 182 0 478 334
cat-Egyptian_Mau 0.004792303 1 390 47 500
cat-Bombay 0.0046818256 355 0 451 32
cat-Egyptian_Mau 0.0045916736 0 260 32 354
dog-english_cocker_spaniel 0.0045295656 58 10 381 280
cat-Egyptian_Mau 0.00450328 0 10 24 90
cat-Birman 0.004433751 343 0 478 61
dog-american_pit_bull_terrier 0.004433751 337 3 478 72
dog-english_cocker_spaniel 0.004416585 145 1 363 335
dog-english_cocker_spaniel 0.004382342 0 174 50 332
dog-pomeranian 0.004325092 184 0 478 248
cat-Bengal 0.0042812526 69 1 198 42
cat-Bengal 0.004070133 0 163 58 341
dog-great_pyrenees 0.004030764 184 0 478 248
dog-yorkshire_terrier 0.00400728 173 12 343 135
dog-havanese 0.0039904118 182 0 478 334
cat-Bengal 0.003976226 0 275 32 369
dog-havanese 0.0039760172 184 0 478 248
dog-miniature_pinscher 0.0039711595 0 0 382 293
dog-havanese 0.003858596 0 0 338 229
dog-chihuahua 0.0037800968 337 3 478 72
cat-Bombay 0.0037654042 404 1 478 48
cat-Birman 0.0036928654 203 133 237 150
dog-basset_hound 0.0036642253 0 193 32 313
dog-samoyed 0.0036087334 184 0 478 248
dog-yorkshire_terrier 0.0035935938 386 0 478 56
dog-havanese 0.0035709739 199 89 478 500
dog-miniature_pinscher 0.003538072 301 0 478 133
dog-miniature_pinscher 0.0035243332 192 10 338 108
bella 0.0035243332 451 285 476 380
dog-wheaten_terrier 0.0035217106 178 11 410 364
cat-Bengal 0.0034834146 364 0 462 32
dog-japanese_chin 0.0034834146 176 0 354 250
dog-miniature_pinscher 0.0034344792 0 0 338 229
dog-yorkshire_terrier 0.003397286 130 0 373 302
cat-Maine_Coon 0.0033535063 184 0 478 248
cat-Bengal 0.003324449 340 0 427 33
cat-Egyptian_Mau 0.003324449 333 1 427 41
cat-British_Shorthair 0.00330168 0 0 338 229
cat-Persian 0.0033010244 184 0 478 248
cat-Bombay 0.0032224953 68 0 164 32
cat-Bombay 0.0032099485 43 4 216 71
dog-miniature_pinscher 0.0031850636 343 0 478 61
cat-Maine_Coon 0.003153801 0 0 382 293
cat-Egyptian_Mau 0.003148079 103 331 175 371
dog-boxer 0.003123641 0 317 22 364
dog-havanese 0.0030994117 181 119 328 241
