dog-scottish_terrier 0.8365545 175 110 327 302
dog-yorkshire_terrier 0.5273165 175 110 327 302
dog-wheaten_terrier 0.46198756 177 112 332 299
dog-keeshond 0.11417085 175 110 327 303
dog-havanese 0.11124122 177 112 332 299
dog-samoyed 0.0475142 177 112 332 299
cat-Maine_Coon 0.03346294 177 112 332 299
dog-english_cocker_spaniel 0.029423594 177 112 332 299
cat-Persian 0.011419624 174 111 327 302
dog-leonberger 0.010328144 0 63 96 235
dog-yorkshire_terrier 0.010328144 349 3 500 72
dog-miniature_pinscher 0.009161025 177 112 332 299
dog-miniature_pinscher 0.008380443 0 0 92 160
dog-newfoundland 0.0065897703 175 110 327 303
dog-yorkshire_terrier 0.006314367 349 0 500 147
dog-pomeranian 0.00614509 7 215 80 367
cat-Birman 0.0057525337 336 437 480 499
dog-pug 0.005708039 189 160 220 175
dog-samoyed 0.0054269433 184 113 317 213
dog-leonberger 0.0051998794 0 109 82 227
cat-Birman 0.005060345 0 416 118 500
dog-american_pit_bull_terrier 0.005028248 0 87 360 500
dog-leonberger 0.0049436986 486 192 500 221
cat-Persian 0.0049054027 426 2 500 48
cat-Persian 0.0048297346 0 230 33 330
cat-Persian 0.004755199 0 277 30 380
cat-Birman 0.0047000647 302 433 445 499
dog-yorkshire_terrier 0.004663646 28 89 318 282
cat-Russian_Blue 0.004609585 485 345 500 380
dog-chihuahua 0.0045916736 487 211 500 243
dog-yorkshire_terrier 0.0045561194 357 1 500 116
cat-Bengal 0.0044683814 177 112 332 299
cat-Egyptian_Mau 0.0044683814 482 342 499 380
cat-Birman 0.004416555 332 0 492 57
dog-wheaten_terrier 0.0043250322 0 13 345 323
dog-havanese 0.004297942 334 0 500 125
dog-yorkshire_terrier 0.0041987896 5 0 264 127
cat-Maine_Coon 0.004117906 81 297 121 325
dog-leonberger 0.004101932 173 222 324 304
dog-scottish_terrier 0.003976226 184 113 317 213
cat-Persian 0.0038244724 1 287 35 405
cat-Bombay 0.0037362278 174 111 327 302
dog-pomeranian 0.0036785007 56 0 310 139
cat-Birman 0.003635794 0 238 32 341
dog-pug 0.0036216974 188 163 224 180
cat-Egyptian_Mau 0.0035935938 81 297 121 325
dog-english_setter 0.003510654 90 81 140 167
dog-scottish_terrier 0.003461361 0 13 345 323
dog-yorkshire_terrier 0.003403008 404 0 500 57
dog-yorkshire_terrier 0.0033897758 108 0 359 91
dog-yorkshire_terrier 0.0032858253 487 243 500 277
cat-Bengal 0.0032737553 0 13 345 323
dog-american_bulldog 0.003253311 0 105 348 500
cat-Birman 0.0032476783 467 153 500 218
cat-Birman 0.003235042 0 415 69 500
dog-yorkshire_terrier 0.0031974912 13 0 291 187
dog-chihuahua 0.0031850636 487 199 500 229
dog-american_pit_bull_terrier 0.003148079 177 112 332 299
cat-Bombay 0.003123641 13 0 291 187
cat-Birman 0.0030994117 189 160 220 175
dog-newfoundland 0.0030753613 458 24 499 135
cat-Persian 0.003039658 2 223 36 306
dog-american_pit_bull_terrier 0.003039658 411 315 451 388
dog-american_pit_bull_terrier 0.0029926598 0 62 89 233
dog-american_pit_bull_terrier 0.0029926598 429 139 500 281
cat-Persian 0.0029892921 0 13 345 323
cat-Bombay 0.0029579103 277 1 317 13
cat-Persian 0.0028895736 0 207 43 291
dog-yorkshire_terrier 0.002878338 433 106 500 229
dog-yorkshire_terrier 0.0028716922 0 13 345 323
cat-British_Shorthair 0.0028437972 0 13 345 323
cat-Persian 0.0028437376 0 0 325 252
dog-samoyed 0.0028398335 115 0 376 361
dog-yorkshire_terrier 0.0028338432 58 0 311 77
dog-yorkshire_terrier 0.0028038025 0 0 325 252
cat-Persian 0.0027683973 423 0 500 83
cat-Persian 0.0027683973 69 426 218 500
dog-pug 0.0027683973 174 309 208 381
dog-pomeranian 0.0027362108 204 0 500 176
dog-samoyed 0.0027362108 334 0 500 125
dog-wheaten_terrier 0.0027259886 115 0 376 361
cat-Ragdoll 0.0027255714 0 406 50 499
dog-wheaten_terrier 0.0027183592 0 0 325 252
dog-yorkshire_terrier 0.0027149916 314 28 500 239
dog-english_cocker_spaniel 0.0026939213 212 229 354 303
dog-yorkshire_terrier 0.0026939213 182 88 438 308
dog-havanese 0.0026809275 115 0 376 361
dog-yorkshire_terrier 0.002673 15 52 304 233
cat-Bombay 0.0026522577 356 0 500 60
dog-miniature_pinscher 0.0026522577 182 88 438 308
dog-american_pit_bull_terrier 0.0026425421 76 119 392 500
dog-miniature_pinscher 0.002641946 0 1 129 99
dog-samoyed 0.0026323497 0 105 348 500
cat-Bombay 0.0026316643 263 1 305 13
cat-Bombay 0.0026112497 242 1 288 14
dog-yorkshire_terrier 0.0026112497 313 0 500 172
cat-Maine_Coon 0.0025708675 56 293 97 322
cat-Persian 0.0025708675 24 432 184 500
dog-english_setter 0.0025708675 0 62 89 233
dog-yorkshire_terrier 0.002548039 166 28 500 329
