dog-yorkshire_terrier 0.9918121 145 10 364 180
dog-havanese 0.047249705 153 0 370 173
dog-pomeranian 0.040999025 145 10 364 180
dog-pug 0.021368891 153 0 370 173
dog-american_pit_bull_terrier 0.013428271 153 0 370 173
cat-Egyptian_Mau 0.011687249 40 0 102 28
dog-german_shorthaired 0.010902375 288 4 368 92
dog-scottish_terrier 0.010818452 147 9 364 176
dog-yorkshire_terrier 0.00988093 0 0 382 222
cat-Bengal 0.009708464 306 9 376 84
dog-yorkshire_terrier 0.0092048645 0 0 347 166
dog-chihuahua 0.009173751 162 0 500 224
dog-shiba_inu 0.008847356 42 0 117 29
cat-Bombay 0.008813173 153 0 370 173
dog-japanese_chin 0.008511305 153 0 370 173
bella 0.008511305 474 88 500 148
cat-Siamese 0.008412987 72 1 161 27
dog-chihuahua 0.008219689 147 9 364 176
cat-Persian 0.008124709 145 10 364 180
dog-shiba_inu 0.0072327554 117 0 200 37
cat-Persian 0.007223159 0 0 347 166
cat-Egyptian_Mau 0.007121414 0 4 29 82
dog-american_pit_bull_terrier 0.007011801 0 140 77 273
cat-British_Shorthair 0.0069998205 0 0 382 222
bella 0.0069576204 473 213 500 278
cat-Maine_Coon 0.0066411197 147 9 364 176
cat-Siamese 0.0066209733 162 0 500 224
dog-leonberger 0.006538838 0 331 111 375
dog-keeshond 0.0062898993 147 9 364 176
cat-British_Shorthair 0.00619334 0 0 347 166
dog-yorkshire_terrier 0.0061149 162 0 500 224
dog-miniature_pinscher 0.0059508383 162 0 500 224
dog-pug 0.005667746 162 0 500 224
dog-yorkshire_terrier 0.0056638718 268 14 366 128
dog-shiba_inu 0.0056419075 0 4 132 106
cat-Bengal 0.0055980086 0 0 382 222
dog-leonberger 0.0055119395 165 267 229 292
cat-Persian 0.0054692626 293 1 342 15
cat-Siamese 0.0054692626 45 0 105 28
dog-pomeranian 0.0054076016 173 0 500 177
dog-boxer 0.005384952 372 0 437 18
dog-great_pyrenees 0.0053661764 173 0 500 177
cat-Bombay 0.0052413344 0 0 382 222
cat-Bombay 0.0050207675 0 0 347 166
cat-Birman 0.0050060153 173 0 500 177
cat-Siamese 0.005001664 372 0 437 18
cat-Egyptian_Mau 0.004982263 27 0 94 22
cat-Bengal 0.0049553514 0 0 347 166
dog-miniature_pinscher 0.00484854 146 13 359 143
cat-Egyptian_Mau 0.004755199 469 268 500 342
dog-american_pit_bull_terrier 0.0046649873 162 0 500 224
dog-scottish_terrier 0.0046646595 0 0 382 222
cat-Bengal 0.004645556 5 1 86 39
cat-Sphynx 0.004645556 72 1 161 27
dog-keeshond 0.0044683814 268 14 366 128
cat-Persian 0.004384607 0 0 382 222
cat-Persian 0.004365325 0 333 126 375
cat-Bombay 0.0043560565 162 0 500 224
dog-american_bulldog 0.0043314993 356 0 422 19
dog-staffordshire_bull_terrier 0.0043314993 256 93 294 115
dog-staffordshire_bull_terrier 0.0043269396 162 0 500 224
cat-Bengal 0.004264623 474 123 500 191
dog-great_pyrenees 0.004264623 356 0 422 19
dog-newfoundland 0.004264623 153 0 370 173
dog-beagle 0.0042480826 294 0 372 77
dog-samoyed 0.0041994452 173 0 500 177
dog-leonberger 0.0041662455 160 261 220 289
dog-american_bulldog 0.004085988 372 0 437 18
dog-newfoundland 0.004085988 210 130 345 192
dog-boxer 0.004070133 90 2 174 28
dog-scottish_terrier 0.00391683 0 0 347 166
dog-newfoundland 0.003914833 323 238 364 296
dog-great_pyrenees 0.0038394034 342 0 408 22
dog-newfoundland 0.0038394034 312 251 359 305
cat-Persian 0.0037948191 167 271 226 293
cat-Bombay 0.0037800968 268 14 366 128
dog-havanese 0.0037697256 0 0 382 222
cat-Egyptian_Mau 0.0037654042 474 102 500 168
dog-pug 0.0037440956 0 0 382 222
bella 0.003721714 474 102 500 168
dog-boxer 0.00370726 356 0 422 19
cat-Egyptian_Mau 0.0036785007 308 5 378 36
cat-Ragdoll 0.0036668181 173 0 500 177
cat-Birman 0.0036216974 147 9 364 176
cat-Egyptian_Mau 0.0036216974 0 22 24 91
cat-Abyssinian 0.0035935938 310 14 383 103
cat-Sphynx 0.0035870075 162 0 500 224
cat-Sphynx 0.0035796463 107 1 187 29
dog-shiba_inu 0.0035657287 0 10 28 89
dog-yorkshire_terrier 0.0035518706 288 4 368 92
cat-Egyptian_Mau 0.003538072 349 4 419 26
cat-Birman 0.0034970045 0 333 126 375
dog-shiba_inu 0.0034970045 356 0 422 19
dog-yorkshire_terrier 0.0034834146 167 26 206 38
cat-Egyptian_Mau 0.0034564137 472 264 500 324
cat-Egyptian_Mau 0.0034295917 0 0 62 24
dog-boxer 0.0034295917 99 0 191 34
dog-havanese 0.0034295917 288 4 368 92
dog-havanese 0.003403008 268 14 366 128
cat-Egyptian_Mau 0.0033766031 356 0 422 19
